open_timestamp_utc,close_timestamp_utc,open,high,low,close,volume
1511924400,1511927999,0.90500000,0.90500000,0.50000000,0.89499000,1281.88000000
1511928000,1511931599,0.57900000,0.79999000,0.57900000,0.72500000,378.55000000
1511931600,1511935199,0.72514000,0.72516000,0.72514000,0.72516000,104.00000000
1511935200,1511938799,0.72516000,0.72516000,0.72001000,0.72001000,439.88000000
1511938800,1511942399,0.72001000,0.72001000,0.72001000,0.72001000,0.00000000
1511942400,1511945999,0.72001000,0.72001000,0.72001000,0.72001000,0.00000000
1511946000,1511949599,0.65000000,0.65000000,0.65000000,0.65000000,149.85000000
1511949600,1511953199,0.65000000,0.65000000,0.64695000,0.64695000,32.98000000
1511953200,1511956799,0.65699000,0.65699000,0.65698000,0.65698000,424.00000000
1511956800,1511960399,0.65698000,0.65698000,0.65698000,0.65698000,0.00000000
1511960400,1511963999,0.65698000,0.65698000,0.65698000,0.65698000,252.00000000
1511964000,1511967599,0.64695000,0.64695000,0.57917000,0.57918000,1311.71000000
1511967600,1511971199,0.57923000,0.57923000,0.57922000,0.57923000,1343.99000000
1511971200,1511974799,0.62906000,0.63850000,0.62906000,0.63518000,1268.24000000
1511974800,1511978399,0.63514000,0.63514000,0.63514000,0.63514000,1.22000000
1511978400,1511981999,0.63514000,0.63514000,0.63514000,0.63514000,0.00000000
1511982000,1511985599,0.57923000,0.57923000,0.57919000,0.57919000,1109.25000000
1511985600,1511989199,0.57923000,0.57923000,0.57849000,0.57850000,1190.30000000
1511989200,1511992799,0.54932000,0.57849000,0.54931000,0.57849000,2117.00000000
1511992800,1511996399,0.57850000,0.57919000,0.56550000,0.56550000,334.00000000
1511996400,1511999999,0.56551000,0.56551000,0.56551000,0.56551000,0.25000000
1512000000,1512003599,0.59899000,0.59900000,0.56500000,0.56500000,1382.07000000
1512003600,1512007199,0.56500000,0.56500000,0.56500000,0.56500000,0.00000000
1512007200,1512010799,0.65825000,0.65825000,0.65825000,0.65825000,19.00000000
1512010800,1512014399,0.56501000,0.56501000,0.56500000,0.56501000,65.00000000
1512014400,1512017999,0.56500000,0.60676000,0.56500000,0.57638000,129284.69000000
1512018000,1512021599,0.57639000,0.60873000,0.53661000,0.58842000,131558.77000000
1512021600,1512025199,0.56251000,0.59947000,0.55165000,0.59764000,202568.09000000
1512025200,1512028799,0.59672000,0.61518000,0.56400000,0.61494000,186969.13000000
1512028800,1512032399,0.57930000,0.61453000,0.56906000,0.57670000,103797.41000000
1512032400,1512035999,0.57821000,0.58705000,0.55393000,0.56697000,60668.74000000
1512036000,1512039599,0.56681000,0.57654000,0.54158000,0.54504000,69428.33000000
1512039600,1512043199,0.54085000,0.54677000,0.52426000,0.54578000,66773.54000000
1512043200,1512046799,0.54480000,0.55111000,0.52624000,0.54085000,62625.41000000
1512046800,1512050399,0.53733000,0.53733000,0.51623000,0.52127000,47916.65000000
1512050400,1512053999,0.51932000,0.53214000,0.51275000,0.52280000,43378.10000000
1512054000,1512057599,0.52002000,0.54776000,0.51679000,0.54773000,43392.15000000
1512057600,1512061199,0.54743000,0.56922000,0.54419000,0.56117000,36238.80000000
1512061200,1512064799,0.55462000,0.56183000,0.54773000,0.55378000,61316.24000000
1512064800,1512068399,0.55701000,0.58999000,0.54602000,0.58972000,44530.15000000
1512068400,1512071999,0.58244000,0.64644000,0.58244000,0.63736000,35044.06000000
1512072000,1512075599,0.62997000,0.63492000,0.60899000,0.61872000,12661.85000000
1512075600,1512079199,0.60713000,0.62368000,0.60345000,0.61555000,40362.90000000
1512079200,1512082799,0.61962000,0.64992000,0.60721000,0.61206000,33273.04000000
1512082800,1512086399,0.61212000,0.61212000,0.55018000,0.55018000,37890.08000000
1512086400,1512089999,0.55954000,0.58063000,0.54298000,0.56363000,40487.47000000
1512090000,1512093599,0.56912000,0.57835000,0.56026000,0.56026000,16428.76000000
1512093600,1512097199,0.55939000,0.56563000,0.53835000,0.55072000,10767.51000000
1512097200,1512100799,0.55082000,0.55429000,0.52631000,0.54017000,17796.31000000
1512100800,1512104399,0.54024000,0.55839000,0.53319000,0.55247000,19423.33000000
1512104400,1512107999,0.54734000,0.56341000,0.54374000,0.55909000,10939.75000000
1512108000,1512111599,0.55490000,0.56163000,0.54749000,0.54785000,41431.00000000
1512111600,1512115199,0.55026000,0.55026000,0.53381000,0.53381000,14532.26000000
1512115200,1512118799,0.54270000,0.54270000,0.53207000,0.53972000,9543.35000000
1512118800,1512122399,0.53787000,0.55351000,0.53787000,0.54924000,11354.73000000
1512122400,1512125999,0.54748000,0.55546000,0.54394000,0.54916000,14451.40000000
1512126000,1512129599,0.55378000,0.57671000,0.55145000,0.56892000,23312.95000000
1512129600,1512133199,0.56620000,0.57708000,0.55994000,0.57705000,22980.52000000
1512133200,1512136799,0.57430000,0.60907000,0.57156000,0.57884000,29747.77000000
1512136800,1512140399,0.57761000,0.57876000,0.56028000,0.57643000,19135.53000000
1512140400,1512143999,0.57643000,0.59231000,0.57510000,0.58493000,10684.38000000
1512144000,1512147599,0.59010000,0.62986000,0.59010000,0.61633000,39534.15000000
1512147600,1512151199,0.61171000,0.61386000,0.59749000,0.60180000,11091.40000000
1512151200,1512154799,0.59518000,0.60000000,0.58725000,0.58725000,8885.34000000
1512154800,1512158399,0.59285000,0.60772000,0.58678000,0.60055000,35245.44000000
1512158400,1512161999,0.60205000,0.60967000,0.57861000,0.58871000,46576.55000000
1512162000,1512165599,0.59468000,0.59468000,0.57007000,0.57482000,9939.80000000
1512165600,1512169199,0.56983000,0.59638000,0.56686000,0.59589000,21264.91000000
1512169200,1512172799,0.58745000,0.59140000,0.57346000,0.57348000,31561.44000000
1512172800,1512176399,0.57347000,0.57745000,0.56074000,0.56074000,16023.46000000
1512176400,1512179999,0.56314000,0.57218000,0.55993000,0.56041000,18320.91000000
1512180000,1512183599,0.56912000,0.56946000,0.55992000,0.56531000,59876.36000000
1512183600,1512187199,0.57237000,0.57628000,0.56331000,0.56997000,31802.91000000
1512187200,1512190799,0.57574000,0.57664000,0.56997000,0.57104000,32384.33000000
1512190800,1512194399,0.57052000,0.58217000,0.57051000,0.57051000,32943.85000000
1512194400,1512197999,0.57051000,0.57654000,0.57050000,0.57053000,77632.72000000
1512198000,1512201599,0.57052000,0.57918000,0.56302000,0.57167000,57072.27000000
1512201600,1512205199,0.57157000,0.57986000,0.57091000,0.57169000,52744.79000000
1512205200,1512208799,0.57349000,0.57825000,0.57091000,0.57094000,21424.90000000
1512208800,1512212399,0.57144000,0.58593000,0.57144000,0.57357000,42301.75000000
1512212400,1512215999,0.57411000,0.58251000,0.55967000,0.56045000,43420.89000000
1512216000,1512219599,0.56046000,0.57236000,0.56045000,0.56224000,28655.00000000
1512219600,1512223199,0.56722000,0.58724000,0.56664000,0.58157000,14925.56000000
1512223200,1512226799,0.58269000,0.59363000,0.57842000,0.58050000,51706.93000000
1512226800,1512230399,0.58181000,0.58491000,0.56751000,0.57716000,65202.23000000
1512230400,1512233999,0.57934000,0.58534000,0.57715000,0.58416000,26007.37000000
1512234000,1512237599,0.58534000,0.58740000,0.57715000,0.58170000,38790.26000000
1512237600,1512241199,0.58180000,0.58875000,0.57882000,0.57885000,38608.63000000
1512241200,1512244799,0.58088000,0.58578000,0.57147000,0.57148000,63680.41000000
1512244800,1512248399,0.57502000,0.57571000,0.55934000,0.57256000,16499.19000000
1512248400,1512251999,0.56916000,0.57295000,0.55786000,0.56237000,23955.42000000
1512252000,1512255599,0.56686000,0.56981000,0.55584000,0.55742000,42860.06000000
1512255600,1512259199,0.55741000,0.56614000,0.55001000,0.55954000,25726.86000000
1512259200,1512262799,0.57232000,0.57232000,0.55366000,0.55367000,26190.34000000
1512262800,1512266399,0.55739000,0.56914000,0.55366000,0.55435000,39530.64000000
1512266400,1512269999,0.55812000,0.56232000,0.55366000,0.55613000,29104.20000000
1512270000,1512273599,0.56127000,0.56524000,0.55611000,0.55857000,26774.79000000
1512273600,1512277199,0.56208000,0.58255000,0.55665000,0.55665000,18808.22000000
1512277200,1512280799,0.55665000,0.56822000,0.55615000,0.55780000,46365.84000000
1512280800,1512284399,0.56361000,0.58417000,0.55601000,0.57419000,76388.99000000
1512284400,1512287999,0.58423000,0.58490000,0.56905000,0.57266000,32995.12000000
1512288000,1512291599,0.56994000,0.57910000,0.56355000,0.57179000,68013.51000000
1512291600,1512295199,0.57669000,0.57908000,0.56677000,0.56976000,74984.40000000
1512295200,1512298799,0.56976000,0.57801000,0.56133000,0.56133000,39439.69000000
1512298800,1512302399,0.56282000,0.56796000,0.56132000,0.56133000,38994.88000000
1512302400,1512305999,0.57203000,0.57203000,0.56133000,0.56327000,36876.66000000
1512306000,1512309599,0.56732000,0.57127000,0.56133000,0.56134000,51968.36000000
1512309600,1512313199,0.56135000,0.57229000,0.55711000,0.55712000,40704.94000000
1512313200,1512316799,0.56152000,0.60891000,0.51055000,0.60692000,58609.67000000
1512316800,1512320399,0.60780000,0.60780000,0.56491000,0.57093000,22398.74000000
1512320400,1512323999,0.56237000,0.58988000,0.55839000,0.57945000,41261.66000000
1512324000,1512327599,0.58556000,0.59210000,0.58036000,0.58194000,62875.01000000
1512327600,1512331199,0.58182000,0.58726000,0.55787000,0.55787000,42812.57000000
1512331200,1512334799,0.55827000,0.57417000,0.55821000,0.56423000,59802.01000000
1512334800,1512338399,0.56432000,0.57147000,0.54177000,0.55416000,53554.02000000
1512338400,1512341999,0.55419000,0.56007000,0.53090000,0.53347000,55705.37000000
1512342000,1512345599,0.53596000,0.56910000,0.53265000,0.56824000,44000.33000000
1512345600,1512349199,0.55890000,0.57585000,0.54941000,0.57170000,60775.05000000
1512349200,1512352799,0.56811000,0.61000000,0.56649000,0.61000000,62687.29000000
1512352800,1512356399,0.61000000,0.63403000,0.56947000,0.59188000,72239.11000000
1512356400,1512359999,0.57625000,0.58123000,0.55407000,0.57729000,70159.10000000
1512360000,1512363599,0.56945000,0.59225000,0.56660000,0.56844000,40460.03000000
1512363600,1512367199,0.56827000,0.59838000,0.55109000,0.55109000,20362.46000000
1512367200,1512370799,0.55109000,0.55109000,0.55109000,0.55109000,0.00000000
1512370800,1512374399,0.55704000,0.57921000,0.55686000,0.55971000,45850.16000000
1512374400,1512377999,0.56918000,0.59451000,0.56701000,0.58725000,77989.09000000
1512378000,1512381599,0.58751000,0.59491000,0.58721000,0.59425000,3135.23000000
1512381600,1512385199,0.59044000,0.59044000,0.56794000,0.57305000,20567.23000000
1512385200,1512388799,0.57756000,0.57756000,0.54567000,0.55841000,34822.78000000
1512388800,1512392399,0.56900000,0.58112000,0.55562000,0.55562000,30826.00000000
1512392400,1512395999,0.56734000,0.57113000,0.55563000,0.55564000,3336.23000000
1512396000,1512399599,0.55596000,0.59067000,0.55596000,0.57101000,21572.93000000
1512399600,1512403199,0.57285000,0.57285000,0.54518000,0.55379000,26705.73000000
1512403200,1512406799,0.54518000,0.54951000,0.54518000,0.54520000,19683.04000000
1512406800,1512410399,0.54533000,0.55917000,0.54519000,0.54529000,31917.36000000
1512410400,1512413999,0.54632000,0.57043000,0.54515000,0.56700000,44754.99000000
1512414000,1512417599,0.57552000,0.59938000,0.56343000,0.57979000,43230.19000000
1512417600,1512421199,0.59039000,0.60337000,0.57524000,0.58389000,50386.98000000
1512421200,1512424799,0.58517000,0.59273000,0.57820000,0.58869000,51331.76000000
1512424800,1512428399,0.59607000,0.60180000,0.58426000,0.58433000,40554.08000000
1512428400,1512431999,0.58642000,0.59819000,0.56797000,0.59097000,25888.31000000
1512432000,1512435599,0.59668000,0.60722000,0.57020000,0.57944000,46727.08000000
1512435600,1512439199,0.58037000,0.58077000,0.54000000,0.54002000,52932.36000000
1512439200,1512442799,0.54000000,0.54229000,0.52641000,0.52995000,34931.19000000
1512442800,1512446399,0.53486000,0.54464000,0.52995000,0.53761000,62687.44000000
1512446400,1512449999,0.53801000,0.56015000,0.53801000,0.53971000,56438.15000000
1512450000,1512453599,0.54341000,0.55638000,0.52438000,0.54820000,59534.73000000
1512453600,1512457199,0.55085000,0.56144000,0.54237000,0.54853000,40390.70000000
1512457200,1512460799,0.55236000,0.56711000,0.54758000,0.55709000,55494.54000000
1512460800,1512464399,0.56099000,0.56567000,0.54758000,0.55310000,52345.11000000
1512464400,1512467999,0.55266000,0.57145000,0.55024000,0.55861000,61027.86000000
1512468000,1512471599,0.55879000,0.57346000,0.55154000,0.56427000,67076.45000000
1512471600,1512475199,0.56449000,0.58141000,0.56449000,0.57108000,51926.83000000
1512475200,1512478799,0.56969000,0.58798000,0.56287000,0.57170000,52252.09000000
1512478800,1512482399,0.57796000,0.59061000,0.56542000,0.58548000,57640.09000000
1512482400,1512485999,0.58364000,0.58794000,0.55856000,0.56367000,45077.22000000
1512486000,1512489599,0.56570000,0.57891000,0.55457000,0.56772000,61756.46000000
1512489600,1512493199,0.57487000,0.57487000,0.55133000,0.55662000,50621.36000000
1512493200,1512496799,0.56122000,0.57008000,0.55118000,0.56119000,32432.92000000
1512496800,1512500399,0.56078000,0.56520000,0.55002000,0.56479000,28999.09000000
1512500400,1512503999,0.56183000,0.56983000,0.55439000,0.55439000,12492.21000000
1512504000,1512507599,0.55485000,0.56617000,0.55088000,0.55114000,14745.99000000
1512507600,1512511199,0.55461000,0.56390000,0.54758000,0.54766000,17445.10000000
1512511200,1512514799,0.55080000,0.56378000,0.54904000,0.54922000,15708.27000000
1512514800,1512518399,0.55774000,0.56371000,0.54758000,0.54758000,15361.83000000
1512518400,1512521999,0.55064000,0.55064000,0.50116000,0.50660000,4837.72000000
1512522000,1512525599,0.50650000,0.50650000,0.49016000,0.49708000,22850.12000000
1512525600,1512529199,0.49164000,0.53557000,0.48887000,0.53557000,40304.06000000
1512529200,1512532799,0.50058000,0.50058000,0.50057000,0.50058000,389.57000000
1512532800,1512536399,0.50058000,0.53547000,0.48715000,0.52448000,22517.06000000
1512536400,1512539999,0.50381000,0.51896000,0.48982000,0.51872000,24617.38000000
1512540000,1512543599,0.51045000,0.51861000,0.48953000,0.51696000,32288.17000000
1512543600,1512547199,0.50989000,0.52086000,0.50437000,0.50638000,25803.34000000
1512547200,1512550799,0.50607000,0.52083000,0.49801000,0.50981000,43147.03000000
1512550800,1512554399,0.51160000,0.52555000,0.50491000,0.52555000,15187.67000000
1512554400,1512557999,0.51849000,0.52913000,0.51236000,0.51651000,27479.36000000
1512558000,1512561599,0.52048000,0.52048000,0.49496000,0.50110000,49929.73000000
1512561600,1512565199,0.50110000,0.52243000,0.50109000,0.51437000,15666.61000000
1512565200,1512568799,0.51840000,0.52266000,0.49881000,0.50604000,38981.16000000
1512568800,1512572399,0.51071000,0.56895000,0.51071000,0.56130000,44466.90000000
1512572400,1512575999,0.55685000,0.56411000,0.53422000,0.55144000,58780.38000000
1512576000,1512579599,0.55966000,0.58096000,0.55193000,0.57249000,26798.36000000
1512579600,1512583199,0.57209000,0.60025000,0.56694000,0.58768000,48593.17000000
1512583200,1512586799,0.59986000,0.60043000,0.58332000,0.59121000,54218.53000000
1512586800,1512590399,0.59348000,0.59622000,0.56890000,0.57649000,58716.76000000
1512590400,1512593999,0.58633000,0.59316000,0.57455000,0.58047000,48241.24000000
1512594000,1512597599,0.58047000,0.60494000,0.57096000,0.60494000,44386.20000000
1512597600,1512601199,0.59941000,0.60491000,0.57103000,0.58717000,36930.18000000
1512601200,1512604799,0.58717000,0.58717000,0.54880000,0.55725000,27267.37000000
1512604800,1512608399,0.56004000,0.56660000,0.52343000,0.52640000,29485.96000000
1512608400,1512611999,0.52343000,0.53442000,0.51188000,0.51946000,49733.83000000
1512612000,1512615599,0.51945000,0.56620000,0.50555000,0.54666000,50439.32000000
1512615600,1512619199,0.55519000,0.56906000,0.53489000,0.54096000,27895.67000000
1512619200,1512622799,0.54285000,0.55653000,0.52839000,0.53826000,19635.35000000
1512622800,1512626399,0.54318000,0.55074000,0.53892000,0.54544000,55836.96000000
1512626400,1512629999,0.54525000,0.54545000,0.53801000,0.54458000,12460.25000000
1512630000,1512633599,0.53913000,0.55074000,0.53801000,0.54556000,75147.00000000
1512633600,1512637199,0.54544000,0.56877000,0.54544000,0.54548000,62570.74000000
1512637200,1512640799,0.54572000,0.55411000,0.50001000,0.50002000,52790.87000000
1512640800,1512644399,0.51036000,0.52491000,0.45012000,0.45012000,64686.06000000
1512644400,1512647999,0.48377000,0.48377000,0.45000000,0.45001000,63726.25000000
1512648000,1512651599,0.45001000,0.46821000,0.45001000,0.45107000,39896.43000000
1512651600,1512655199,0.46061000,0.47437000,0.45001000,0.46810000,57258.62000000
1512655200,1512658799,0.47323000,0.47323000,0.45001000,0.45501000,76488.81000000
1512658800,1512662399,0.45501000,0.45501000,0.40007000,0.43381000,20957.79000000
1512662400,1512665999,0.43370000,0.44705000,0.42026000,0.43660000,16931.02000000
1512666000,1512669599,0.44494000,0.48161000,0.43195000,0.45668000,43749.52000000
1512669600,1512673199,0.46205000,0.48880000,0.45645000,0.46026000,19399.26000000
1512673200,1512676799,0.44137000,0.47374000,0.44137000,0.46090000,16001.67000000
1512676800,1512680399,0.45561000,0.45812000,0.42921000,0.45018000,10313.82000000
1512680400,1512683999,0.44575000,0.44683000,0.41455000,0.42088000,40243.77000000
1512684000,1512687599,0.42798000,0.42798000,0.35539000,0.37457000,43261.04000000
1512687600,1512691199,0.36872000,0.42449000,0.35714000,0.38562000,67387.45000000
1512691200,1512694799,0.40770000,0.42450000,0.35961000,0.37813000,25140.93000000
1512694800,1512698399,0.37815000,0.39144000,0.35510000,0.38508000,47845.90000000
1512698400,1512701999,0.38514000,0.46417000,0.38012000,0.42698000,70078.58000000
1512702000,1512705599,0.42915000,0.47804000,0.42915000,0.43514000,81183.14000000
1512705600,1512709199,0.42509000,0.43235000,0.42509000,0.43235000,8469.44000000
1512709200,1512712799,0.46361000,0.48903000,0.44953000,0.44953000,42853.65000000
1512712800,1512716399,0.45241000,0.45500000,0.42431000,0.45500000,8631.16000000
1512716400,1512719999,0.45589000,0.45924000,0.43468000,0.44326000,34108.80000000
1512720000,1512723599,0.45874000,0.49095000,0.45874000,0.46759000,6072.93000000
1512723600,1512727199,0.46943000,0.48125000,0.44903000,0.46094000,4915.68000000
1512727200,1512730799,0.46040000,0.48526000,0.46040000,0.46434000,12435.51000000
1512730800,1512734399,0.46633000,0.48212000,0.44204000,0.44206000,35381.00000000
1512734400,1512737999,0.44207000,0.47336000,0.43686000,0.47293000,22288.47000000
1512738000,1512741599,0.47295000,0.47305000,0.42842000,0.42842000,44130.45000000
1512741600,1512745199,0.43014000,0.44835000,0.41573000,0.42049000,35677.52000000
1512745200,1512748799,0.41600000,0.41904000,0.40028000,0.40650000,13410.30000000
1512748800,1512752399,0.41232000,0.41232000,0.40514000,0.40593000,66352.28000000
1512752400,1512755999,0.40593000,0.40878000,0.40574000,0.40877000,76249.71000000
1512756000,1512759599,0.40877000,0.40883000,0.40611000,0.40883000,51024.31000000
1512759600,1512763199,0.40882000,0.40888000,0.40644000,0.40644000,44411.82000000
1512763200,1512766799,0.40644000,0.40894000,0.40625000,0.40778000,73833.88000000
1512766800,1512770399,0.40835000,0.40907000,0.40749000,0.40907000,33061.61000000
1512770400,1512773999,0.40907000,0.42150000,0.40795000,0.41016000,118855.71000000
1512774000,1512777599,0.41016000,0.42141000,0.40927000,0.40927000,57299.16000000
1512777600,1512781199,0.40928000,0.40967000,0.40786000,0.40786000,69309.82000000
1512781200,1512784799,0.40787000,0.40788000,0.40623000,0.40623000,74612.25000000
1512784800,1512788399,0.40622000,0.40837000,0.35004000,0.35067000,41205.37000000
1512788400,1512791999,0.35072000,0.41599000,0.35072000,0.41182000,8116.68000000
1512792000,1512795599,0.41600000,0.48712000,0.41600000,0.47643000,31434.04000000
1512795600,1512799199,0.44011000,0.47055000,0.44011000,0.44061000,18408.91000000
1512799200,1512802799,0.46288000,0.47804000,0.44130000,0.47644000,4251.47000000
1512802800,1512806399,0.47771000,0.48176000,0.46847000,0.47865000,60617.32000000
1512806400,1512809999,0.47976000,0.49055000,0.46729000,0.48874000,32785.37000000
1512810000,1512813599,0.48210000,0.48210000,0.44855000,0.46589000,48942.89000000
1512813600,1512817199,0.46694000,0.48943000,0.46577000,0.47088000,22605.06000000
1512817200,1512820799,0.47702000,0.48287000,0.46124000,0.46124000,11649.59000000
1512820800,1512824399,0.46129000,0.48975000,0.46129000,0.48038000,4244.99000000
1512824400,1512827999,0.48272000,0.48493000,0.47977000,0.48493000,1868.60000000
1512828000,1512831599,0.48448000,0.49566000,0.47697000,0.49121000,5033.87000000
1512831600,1512835199,0.48536000,0.50761000,0.47972000,0.49004000,12270.25000000
1512835200,1512838799,0.48202000,0.49082000,0.47723000,0.49076000,7443.08000000
1512838800,1512842399,0.49064000,0.49064000,0.46750000,0.46750000,695.65000000
1512842400,1512845999,0.46105000,0.47443000,0.45007000,0.47440000,3286.46000000
1512846000,1512849599,0.47706000,0.47882000,0.46284000,0.47190000,18079.71000000
1512849600,1512853199,0.46888000,0.46919000,0.46562000,0.46919000,2586.78000000
1512853200,1512856799,0.47708000,0.47708000,0.47162000,0.47190000,422.64000000
1512856800,1512860399,0.47802000,0.48539000,0.46512000,0.46512000,16184.62000000
1512860400,1512863999,0.46513000,0.48076000,0.44358000,0.44613000,69212.50000000
1512864000,1512867599,0.44392000,0.46179000,0.42916000,0.45401000,57258.42000000
1512867600,1512871199,0.45191000,0.45834000,0.44394000,0.44394000,33504.06000000
1512871200,1512874799,0.44896000,0.44897000,0.41898000,0.42860000,36964.90000000
1512874800,1512878399,0.42910000,0.44897000,0.42760000,0.44637000,5969.34000000
1512878400,1512881999,0.44353000,0.45599000,0.43469000,0.43687000,10350.83000000
1512882000,1512885599,0.43795000,0.44613000,0.42521000,0.43031000,3151.38000000
1512885600,1512889199,0.42237000,0.42465000,0.42237000,0.42465000,57.84000000
1512889200,1512892799,0.42309000,0.42753000,0.41425000,0.42753000,2449.06000000
1512892800,1512896399,0.42935000,0.43436000,0.42935000,0.43276000,46303.19000000
1512896400,1512899999,0.43256000,0.43982000,0.42952000,0.43225000,29126.27000000
1512900000,1512903599,0.43801000,0.45046000,0.43759000,0.44602000,5888.68000000
1512903600,1512907199,0.44507000,0.45336000,0.44047000,0.45336000,5059.70000000
1512907200,1512910799,0.43442000,0.44562000,0.42964000,0.44562000,450.62000000
1512910800,1512914399,0.43395000,0.45337000,0.43203000,0.44140000,5593.17000000
1512914400,1512917999,0.44152000,0.44950000,0.40699000,0.43098000,45236.76000000
1512918000,1512921599,0.42849000,0.43495000,0.40711000,0.41087000,42170.20000000
1512921600,1512925199,0.41953000,0.42526000,0.40950000,0.42526000,10252.33000000
1512925200,1512928799,0.42200000,0.42368000,0.40233000,0.40318000,25503.46000000
1512928800,1512932399,0.40339000,0.41570000,0.40339000,0.40453000,26698.32000000
1512932400,1512935999,0.41071000,0.42742000,0.40472000,0.41848000,9775.26000000
1512936000,1512939599,0.42141000,0.42841000,0.40224000,0.41038000,15702.31000000
1512939600,1512943199,0.42098000,0.42098000,0.40271000,0.40950000,15912.01000000
1512943200,1512946799,0.42259000,0.43015000,0.42114000,0.43015000,1000.87000000
1512946800,1512950399,0.43066000,0.43810000,0.41997000,0.43092000,41410.30000000
1512950400,1512953999,0.43440000,0.44020000,0.42287000,0.42976000,47718.00000000
1512954000,1512957599,0.42958000,0.44079000,0.38640000,0.39251000,61328.68000000
1512957600,1512961199,0.39285000,0.41809000,0.39285000,0.41004000,11033.21000000
1512961200,1512964799,0.41294000,0.41914000,0.40872000,0.41907000,11603.21000000
1512964800,1512968399,0.42076000,0.44000000,0.41248000,0.43919000,13066.60000000
1512968400,1512971999,0.44000000,0.44000000,0.41925000,0.43362000,6756.56000000
1512972000,1512975599,0.43065000,0.43320000,0.40455000,0.41673000,16288.77000000
1512975600,1512979199,0.41985000,0.42566000,0.41697000,0.42547000,2763.82000000
1512979200,1512982799,0.42547000,0.42796000,0.40923000,0.40927000,17632.94000000
1512982800,1512986399,0.41392000,0.41392000,0.39708000,0.40015000,14180.38000000
1512986400,1512989999,0.39344000,0.42186000,0.39060000,0.42186000,5041.45000000
1512990000,1512993599,0.41500000,0.41523000,0.40487000,0.40878000,4113.61000000
1512993600,1512997199,0.41874000,0.42141000,0.40328000,0.42135000,23912.85000000
1512997200,1513000799,0.42137000,0.42137000,0.41360000,0.42010000,2046.83000000
1513000800,1513004399,0.41582000,0.41582000,0.39613000,0.40465000,1925.92000000
1513004400,1513007999,0.40801000,0.41553000,0.40428000,0.41553000,397.87000000
1513008000,1513011599,0.41084000,0.41549000,0.41084000,0.41549000,203.77000000
1513011600,1513015199,0.41863000,0.41863000,0.41255000,0.41316000,1134.13000000
1513015200,1513018799,0.41810000,0.41973000,0.41336000,0.41973000,764.43000000
1513018800,1513022399,0.41973000,0.43500000,0.41973000,0.42841000,6002.57000000
1513022400,1513025999,0.41650000,0.41650000,0.39328000,0.39979000,16701.45000000
1513026000,1513029599,0.40174000,0.40881000,0.39828000,0.40159000,12275.88000000
1513029600,1513033199,0.40163000,0.41414000,0.40141000,0.40727000,14832.83000000
1513033200,1513036799,0.40711000,0.41200000,0.39768000,0.40627000,28553.24000000
1513036800,1513040399,0.40628000,0.40699000,0.39566000,0.39968000,5258.96000000
1513040400,1513043999,0.39313000,0.41195000,0.39313000,0.41195000,123.48000000
1513044000,1513047599,0.39952000,0.40808000,0.39945000,0.40808000,2094.68000000
1513047600,1513051199,0.40653000,0.41009000,0.39700000,0.40517000,606.18000000
1513051200,1513054799,0.41198000,0.43005000,0.41198000,0.42638000,7969.45000000
1513054800,1513058399,0.42853000,0.43005000,0.42433000,0.43005000,10110.87000000
1513058400,1513061999,0.43046000,0.44999000,0.43046000,0.43652000,4693.53000000
1513062000,1513065599,0.43731000,0.45365000,0.42970000,0.44274000,23834.03000000
1513065600,1513069199,0.43856000,0.45279000,0.43427000,0.43603000,28427.38000000
1513069200,1513072799,0.44487000,0.45278000,0.42993000,0.43620000,13773.51000000
1513072800,1513076399,0.43649000,0.45155000,0.42087000,0.42137000,25096.64000000
1513076400,1513079999,0.42429000,0.44413000,0.41956000,0.43908000,15131.35000000
1513080000,1513083599,0.44030000,0.44899000,0.43342000,0.44846000,27211.76000000
1513083600,1513087199,0.44401000,0.44955000,0.42697000,0.42697000,8162.48000000
1513087200,1513090799,0.43269000,0.43359000,0.43155000,0.43260000,452.70000000
1513090800,1513094399,0.43265000,0.43633000,0.41316000,0.42015000,42397.11000000
1513094400,1513097999,0.41787000,0.46311000,0.41782000,0.46156000,25946.14000000
1513098000,1513101599,0.46674000,0.49613000,0.45510000,0.46988000,53763.80000000
1513101600,1513105199,0.47560000,0.47560000,0.43202000,0.45057000,43144.57000000
1513105200,1513108799,0.44813000,0.47093000,0.44251000,0.46387000,4444.21000000
1513108800,1513112399,0.46494000,0.47304000,0.45640000,0.46661000,9950.06000000
1513112400,1513115999,0.46811000,0.46811000,0.46256000,0.46262000,1040.49000000
1513116000,1513119599,0.46121000,0.46150000,0.44257000,0.45061000,9392.52000000
1513119600,1513123199,0.44646000,0.45329000,0.43247000,0.43339000,1292.40000000
1513123200,1513126799,0.44385000,0.46029000,0.44385000,0.44708000,17972.09000000
1513126800,1513130399,0.44991000,0.45867000,0.44645000,0.45140000,31321.15000000
1513130400,1513133999,0.44927000,0.46237000,0.44428000,0.46237000,23241.31000000
1513134000,1513137599,0.45710000,0.46766000,0.45094000,0.45714000,4634.09000000
1513137600,1513141199,0.44908000,0.45629000,0.43258000,0.43342000,29490.52000000
1513141200,1513144799,0.43269000,0.44084000,0.42194000,0.42486000,7224.01000000
1513144800,1513148399,0.42975000,0.45329000,0.38984000,0.39001000,16911.14000000
1513148400,1513151999,0.39002000,0.44396000,0.39002000,0.44375000,2409.64000000
1513152000,1513155599,0.42210000,0.42362000,0.39023000,0.39023000,415.35000000
1513155600,1513159199,0.43025000,0.45808000,0.39171000,0.45808000,8484.35000000
1513159200,1513162799,0.44394000,0.45202000,0.42360000,0.45202000,1831.33000000
1513162800,1513166399,0.45821000,0.46360000,0.44512000,0.44512000,25264.15000000
1513166400,1513169999,0.45170000,0.46838000,0.44486000,0.44753000,25797.49000000
1513170000,1513173599,0.45368000,0.46002000,0.44528000,0.44630000,21193.20000000
1513173600,1513177199,0.44631000,0.44836000,0.42731000,0.44482000,14902.93000000
1513177200,1513180799,0.44152000,0.44646000,0.43515000,0.43756000,1830.75000000
1513180800,1513184399,0.44685000,0.46750000,0.44685000,0.45964000,2456.96000000
1513184400,1513187999,0.46499000,0.46532000,0.43637000,0.43768000,55897.24000000
1513188000,1513191599,0.43730000,0.44551000,0.43055000,0.44237000,37063.75000000
1513191600,1513195199,0.44237000,0.45303000,0.44191000,0.45303000,3153.51000000
1513195200,1513198799,0.45541000,0.45713000,0.43702000,0.44191000,35357.48000000
1513198800,1513202399,0.44191000,0.45471000,0.44191000,0.44533000,32989.94000000
1513202400,1513205999,0.45054000,0.46042000,0.44850000,0.45046000,4811.04000000
1513206000,1513209599,0.45207000,0.46082000,0.44800000,0.44800000,740.79000000
1513209600,1513213199,0.44758000,0.45722000,0.44525000,0.45391000,891.70000000
1513213200,1513216799,0.45809000,0.45809000,0.44233000,0.45113000,41535.04000000
1513216800,1513220399,0.45134000,0.45134000,0.42948000,0.42948000,20306.24000000
1513220400,1513223999,0.42871000,0.42918000,0.41105000,0.41105000,15128.55000000
1513224000,1513227599,0.41892000,0.41959000,0.40873000,0.41098000,12798.57000000
1513227600,1513231199,0.41699000,0.42119000,0.41542000,0.41625000,701.95000000
1513231200,1513234799,0.42377000,0.42464000,0.41543000,0.41637000,768.03000000
1513234800,1513238399,0.41702000,0.41982000,0.40083000,0.40910000,54456.72000000
1513238400,1513241999,0.40557000,0.41408000,0.39090000,0.40400000,25091.88000000
1513242000,1513245599,0.39856000,0.43636000,0.39856000,0.42060000,13759.56000000
1513245600,1513249199,0.42060000,0.43168000,0.42022000,0.42027000,37918.84000000
1513249200,1513252799,0.42024000,0.42039000,0.39182000,0.39182000,17140.40000000
1513252800,1513256399,0.40150000,0.42949000,0.39388000,0.42809000,32547.57000000
1513256400,1513259999,0.42765000,0.43170000,0.41839000,0.43170000,17214.28000000
1513260000,1513263599,0.43764000,0.43764000,0.41833000,0.41833000,15470.94000000
1513263600,1513267199,0.42425000,0.42425000,0.41432000,0.41948000,8895.82000000
1513267200,1513270799,0.42396000,0.42396000,0.41134000,0.41166000,12730.53000000
1513270800,1513274399,0.41530000,0.42095000,0.40078000,0.41030000,19561.57000000
1513274400,1513277999,0.41030000,0.41282000,0.40089000,0.40089000,1218.88000000
1513278000,1513281599,0.40140000,0.40465000,0.37600000,0.37615000,4871.36000000
1513281600,1513285199,0.37617000,0.39772000,0.37615000,0.38313000,3138.00000000
1513285200,1513288799,0.37365000,0.39539000,0.37365000,0.39050000,336.88000000
1513288800,1513292399,0.40299000,0.40732000,0.39880000,0.40400000,1357.18000000
1513292400,1513295999,0.41496000,0.41496000,0.40401000,0.41099000,1119.86000000
1513296000,1513299599,0.41216000,0.41660000,0.37652000,0.37652000,23646.21000000
1513299600,1513303199,0.37995000,0.38406000,0.34455000,0.35548000,44321.07000000
1513303200,1513306799,0.35092000,0.37432000,0.34484000,0.36448000,22473.80000000
1513306800,1513310399,0.36954000,0.38526000,0.34976000,0.38074000,68219.31000000
1513310400,1513313999,0.38409000,0.38918000,0.36805000,0.37447000,22446.63000000
1513314000,1513317599,0.37576000,0.38528000,0.36705000,0.38007000,5219.36000000
1513317600,1513321199,0.38016000,0.38500000,0.36770000,0.37454000,33058.67000000
1513321200,1513324799,0.37263000,0.37263000,0.30921000,0.34129000,39308.12000000
1513324800,1513328399,0.35544000,0.37563000,0.34137000,0.36163000,19779.82000000
1513328400,1513331999,0.36164000,0.36673000,0.29536000,0.30045000,28819.00000000
1513332000,1513335599,0.32577000,0.34718000,0.30669000,0.34718000,16876.68000000
1513335600,1513339199,0.35434000,0.36631000,0.34867000,0.35173000,12505.86000000
1513339200,1513342799,0.34484000,0.34527000,0.34250000,0.34250000,60.14000000
1513342800,1513346399,0.35081000,0.35250000,0.34324000,0.34324000,5181.28000000
1513346400,1513349999,0.34505000,0.37342000,0.31185000,0.36424000,88263.42000000
1513350000,1513353599,0.36420000,0.37142000,0.34388000,0.34577000,23480.12000000
1513353600,1513357199,0.34805000,0.35465000,0.32930000,0.34339000,32609.96000000
1513357200,1513360799,0.34344000,0.34945000,0.33295000,0.34933000,31955.75000000
1513360800,1513364399,0.34925000,0.37448000,0.33417000,0.35377000,52269.45000000
1513364400,1513367999,0.35666000,0.35666000,0.30025000,0.30797000,67166.39000000
1513368000,1513371599,0.30797000,0.33062000,0.30231000,0.31471000,66894.95000000
1513371600,1513375199,0.31846000,0.32756000,0.31358000,0.32446000,47158.96000000
1513375200,1513378799,0.32550000,0.34346000,0.32118000,0.32806000,36733.54000000
1513378800,1513382399,0.32806000,0.32806000,0.29959000,0.29959000,14731.13000000
1513382400,1513385999,0.30401000,0.33149000,0.29353000,0.32211000,38823.99000000
1513386000,1513389599,0.31240000,0.32724000,0.31240000,0.32724000,16930.93000000
1513389600,1513393199,0.32796000,0.35299000,0.32680000,0.35299000,44342.07000000
1513393200,1513396799,0.35076000,0.35076000,0.33340000,0.33340000,2639.96000000
1513396800,1513400399,0.33468000,0.33964000,0.31715000,0.32480000,4287.97000000
1513400400,1513403999,0.32468000,0.35504000,0.32463000,0.34473000,41475.01000000
1513404000,1513407599,0.34220000,0.34734000,0.30741000,0.32039000,40291.95000000
1513407600,1513411199,0.32383000,0.32949000,0.31586000,0.31625000,16727.97000000
1513411200,1513414799,0.32137000,0.32917000,0.31907000,0.32619000,2678.82000000
1513414800,1513418399,0.33240000,0.33605000,0.31529000,0.31906000,36434.20000000
1513418400,1513421999,0.32096000,0.33567000,0.31963000,0.32097000,48157.87000000
1513422000,1513425599,0.32273000,0.32370000,0.30741000,0.30742000,40859.15000000
1513425600,1513429199,0.30742000,0.31182000,0.30301000,0.31136000,51182.97000000
1513429200,1513432799,0.31380000,0.32466000,0.29385000,0.29685000,50526.91000000
1513432800,1513436399,0.29849000,0.30745000,0.28249000,0.28249000,55229.83000000
1513436400,1513439999,0.29737000,0.30220000,0.29011000,0.29320000,31500.07000000
1513440000,1513443599,0.29445000,0.30755000,0.29288000,0.29944000,32510.86000000
1513443600,1513447199,0.29943000,0.31107000,0.29864000,0.30990000,66769.32000000
1513447200,1513450799,0.31069000,0.31152000,0.29865000,0.30398000,22772.59000000
1513450800,1513454399,0.30403000,0.31600000,0.28373000,0.28581000,39774.90000000
1513454400,1513457999,0.28581000,0.30532000,0.28579000,0.30131000,61513.52000000
1513458000,1513461599,0.30703000,0.30703000,0.29633000,0.30251000,2772.85000000
1513461600,1513465199,0.30832000,0.31007000,0.29837000,0.30285000,8181.75000000
1513465200,1513468799,0.30057000,0.30285000,0.28250000,0.29104000,37176.23000000
1513468800,1513472399,0.29100000,0.29263000,0.28004000,0.28716000,46043.14000000
1513472400,1513475999,0.29000000,0.29237000,0.28246000,0.28600000,54562.72000000
1513476000,1513479599,0.29386000,0.29758000,0.28111000,0.28222000,43277.34000000
1513479600,1513483199,0.28183000,0.28553000,0.25557000,0.25557000,80850.91000000
1513483200,1513486799,0.26357000,0.27823000,0.25558000,0.27461000,45510.97000000
1513486800,1513490399,0.27372000,0.27627000,0.25125000,0.25751000,27112.20000000
1513490400,1513493999,0.25751000,0.27800000,0.25431000,0.25628000,53812.18000000
1513494000,1513497599,0.25946000,0.26306000,0.25081000,0.25158000,23005.06000000
1513497600,1513501199,0.24799000,0.26027000,0.23957000,0.25241000,37425.78000000
1513501200,1513504799,0.25291000,0.25374000,0.23689000,0.24570000,36413.75000000
1513504800,1513508399,0.24365000,0.24519000,0.23669000,0.23671000,40679.91000000
1513508400,1513511999,0.23671000,0.24074000,0.22515000,0.22687000,45178.33000000
1513512000,1513515599,0.22785000,0.24312000,0.21437000,0.23330000,34749.08000000
1513515600,1513519199,0.23325000,0.26763000,0.23325000,0.25813000,48270.15000000
1513519200,1513522799,0.25615000,0.26329000,0.24618000,0.25441000,52401.71000000
1513522800,1513526399,0.25538000,0.27036000,0.25102000,0.26771000,69455.84000000
1513526400,1513529999,0.27023000,0.27023000,0.25065000,0.26020000,48720.02000000
1513530000,1513533599,0.26293000,0.32000000,0.26293000,0.30367000,70620.44000000
1513533600,1513537199,0.30745000,0.32295000,0.30085000,0.30446000,46586.04000000
1513537200,1513540799,0.30310000,0.30310000,0.27748000,0.28332000,43920.11000000
1513540800,1513544399,0.27894000,0.28943000,0.26763000,0.27618000,55542.42000000
1513544400,1513547999,0.27666000,0.28820000,0.27329000,0.27845000,67415.88000000
1513548000,1513551599,0.27849000,0.28782000,0.27082000,0.27101000,33036.43000000
1513551600,1513555199,0.27045000,0.27612000,0.26412000,0.26979000,29122.68000000
1513555200,1513558799,0.26735000,0.28243000,0.26279000,0.27674000,53715.07000000
1513558800,1513562399,0.28067000,0.29941000,0.27421000,0.28062000,42445.24000000
1513562400,1513565999,0.28118000,0.30242000,0.27235000,0.30137000,23382.53000000
1513566000,1513569599,0.30122000,0.31676000,0.29161000,0.31341000,30773.89000000
1513569600,1513573199,0.31615000,0.32392000,0.29350000,0.30379000,24352.80000000
1513573200,1513576799,0.29728000,0.31604000,0.29728000,0.31425000,23785.16000000
1513576800,1513580399,0.31229000,0.31340000,0.28941000,0.30408000,51372.31000000
1513580400,1513583999,0.30288000,0.30288000,0.28067000,0.28278000,34329.34000000
1513584000,1513587599,0.28689000,0.28698000,0.26325000,0.27927000,24192.68000000
1513587600,1513591199,0.28165000,0.29836000,0.27472000,0.29124000,13772.82000000
1513591200,1513594799,0.29914000,0.31786000,0.29491000,0.30020000,17931.37000000
1513594800,1513598399,0.29922000,0.31022000,0.29244000,0.30585000,24174.21000000
1513598400,1513600155,0.30491000,0.31423000,0.30380000,0.31248000,19285.37000000
1513602000,1513605599,0.31100000,0.31100000,0.29222000,0.29968000,27987.85000000
1513605600,1513609199,0.28679000,0.31918000,0.28679000,0.31380000,29646.14000000
1513609200,1513612799,0.31657000,0.32989000,0.30366000,0.30405000,46719.47000000
1513612800,1513616399,0.30417000,0.32036000,0.30412000,0.30953000,388.47000000
1513616400,1513619999,0.30153000,0.31229000,0.30102000,0.31229000,8096.95000000
1513620000,1513623599,0.31152000,0.31551000,0.30316000,0.31074000,15674.08000000
1513623600,1513627199,0.30887000,0.31301000,0.30663000,0.30970000,5477.68000000
1513627200,1513630799,0.31002000,0.32420000,0.30846000,0.30848000,19569.06000000
1513630800,1513634399,0.30849000,0.31463000,0.30364000,0.30364000,33928.60000000
1513634400,1513637999,0.30266000,0.30997000,0.30103000,0.30218000,28743.98000000
1513638000,1513641599,0.30718000,0.30718000,0.28914000,0.28915000,38829.11000000
1513641600,1513645199,0.29107000,0.29229000,0.27694000,0.28573000,52397.57000000
1513645200,1513648799,0.28404000,0.30076000,0.28390000,0.28960000,8890.28000000
1513648800,1513652399,0.28966000,0.29537000,0.28172000,0.28172000,38257.58000000
1513652400,1513655999,0.27905000,0.30614000,0.27246000,0.29495000,25548.79000000
1513656000,1513659599,0.30028000,0.30028000,0.29061000,0.29200000,21015.09000000
1513659600,1513663199,0.29199000,0.29311000,0.28498000,0.28617000,36331.02000000
1513663200,1513666799,0.28627000,0.29038000,0.27772000,0.28783000,19541.75000000
1513666800,1513670399,0.28789000,0.29393000,0.28042000,0.28666000,6674.90000000
1513670400,1513673999,0.29365000,0.29365000,0.28422000,0.28808000,2256.38000000
1513674000,1513677599,0.28616000,0.30322000,0.28616000,0.30003000,33263.79000000
1513677600,1513681199,0.30242000,0.30248000,0.27622000,0.28009000,51142.47000000
1513681200,1513684799,0.28009000,0.28095000,0.25741000,0.25741000,61051.35000000
1513684800,1513688399,0.26031000,0.29474000,0.25802000,0.28427000,40981.36000000
1513688400,1513691999,0.28899000,0.29825000,0.28334000,0.29184000,2402.14000000
1513692000,1513695599,0.29999000,0.30004000,0.29021000,0.29682000,30210.76000000
1513695600,1513699199,0.29996000,0.30652000,0.28633000,0.30652000,27786.23000000
1513699200,1513702799,0.30069000,0.31499000,0.29999000,0.31473000,3670.52000000
1513702800,1513706399,0.31560000,0.34170000,0.31475000,0.34170000,2477.83000000
1513706400,1513709999,0.34171000,0.34305000,0.30537000,0.30581000,37936.98000000
1513710000,1513713599,0.31588000,0.32859000,0.31108000,0.31614000,20842.13000000
1513713600,1513717199,0.31615000,0.32613000,0.31359000,0.32417000,14169.11000000
1513717200,1513720799,0.32766000,0.33234000,0.31424000,0.31432000,7575.05000000
1513720800,1513724399,0.31436000,0.32567000,0.30929000,0.30954000,2247.00000000
1513724400,1513727999,0.32613000,0.32890000,0.31343000,0.31752000,13547.28000000
1513728000,1513731599,0.31586000,0.32151000,0.29807000,0.30324000,41473.43000000
1513731600,1513735199,0.30603000,0.31431000,0.30325000,0.30724000,13554.05000000
1513735200,1513738799,0.30621000,0.31727000,0.30325000,0.31362000,50935.57000000
1513738800,1513742399,0.31613000,0.32877000,0.30009000,0.30009000,32556.02000000
1513742400,1513745999,0.30014000,0.30990000,0.29830000,0.29835000,32142.93000000
1513746000,1513749599,0.29981000,0.30125000,0.28451000,0.28577000,23759.44000000
1513749600,1513753199,0.29006000,0.29857000,0.28551000,0.29857000,11818.36000000
1513753200,1513756799,0.29858000,0.30753000,0.29172000,0.30747000,825.13000000
1513756800,1513760399,0.30411000,0.31429000,0.30009000,0.30770000,41167.01000000
1513760400,1513763999,0.30771000,0.31320000,0.30768000,0.31117000,13762.87000000
1513764000,1513767599,0.31132000,0.31574000,0.31132000,0.31184000,3033.54000000
1513767600,1513771199,0.31184000,0.31321000,0.30253000,0.30686000,17042.11000000
1513771200,1513774799,0.30405000,0.30634000,0.29524000,0.29901000,22882.04000000
1513774800,1513778399,0.29674000,0.30263000,0.29674000,0.29912000,1010.77000000
1513778400,1513781999,0.30981000,0.31082000,0.30515000,0.30613000,3032.03000000
1513782000,1513785599,0.31082000,0.31186000,0.31082000,0.31186000,2813.50000000
1513785600,1513789199,0.31499000,0.32029000,0.31436000,0.32029000,4690.53000000
1513789200,1513792799,0.31455000,0.31487000,0.31435000,0.31435000,6061.31000000
1513792800,1513796399,0.32029000,0.32029000,0.31029000,0.31029000,2146.27000000
1513796400,1513799999,0.32000000,0.32029000,0.31031000,0.31109000,6956.35000000
1513800000,1513803599,0.32027000,0.32651000,0.31142000,0.32651000,1953.70000000
1513803600,1513807199,0.32712000,0.32713000,0.31040000,0.31670000,9098.25000000
1513807200,1513810799,0.32126000,0.32126000,0.31030000,0.31031000,24744.46000000
1513810800,1513814399,0.31034000,0.32713000,0.31030000,0.32303000,22504.64000000
1513814400,1513817999,0.32337000,0.32351000,0.31543000,0.31924000,30334.02000000
1513818000,1513821599,0.31925000,0.32799000,0.31539000,0.32620000,46824.02000000
1513821600,1513825199,0.31706000,0.32895000,0.31706000,0.32767000,6127.25000000
1513825200,1513828799,0.32701000,0.34468000,0.31898000,0.33484000,10000.78000000
1513828800,1513832399,0.33224000,0.33728000,0.32687000,0.32687000,6787.24000000
1513832400,1513835999,0.31973000,0.33628000,0.31973000,0.32765000,16386.87000000
1513836000,1513839599,0.32772000,0.35708000,0.32772000,0.33774000,33896.85000000
1513839600,1513843199,0.34486000,0.35312000,0.33270000,0.33459000,31865.15000000
1513843200,1513846799,0.33465000,0.34946000,0.33271000,0.33274000,9496.62000000
1513846800,1513850399,0.33797000,0.35478000,0.33797000,0.34869000,9839.96000000
1513850400,1513853999,0.34872000,0.36679000,0.34872000,0.35387000,24252.65000000
1513854000,1513857599,0.35470000,0.35908000,0.35119000,0.35502000,16406.81000000
1513857600,1513861199,0.35906000,0.38475000,0.35906000,0.38331000,18467.33000000
1513861200,1513864799,0.38475000,0.39812000,0.37319000,0.39065000,37925.63000000
1513864800,1513868399,0.39065000,0.43206000,0.39065000,0.40096000,32242.54000000
1513868400,1513871999,0.41115000,0.41115000,0.35400000,0.35400000,35702.19000000
1513872000,1513875599,0.35399000,0.38671000,0.34301000,0.37431000,33558.75000000
1513875600,1513879199,0.37514000,0.37829000,0.34824000,0.35570000,29936.26000000
1513879200,1513882799,0.35677000,0.35677000,0.34208000,0.35024000,58395.46000000
1513882800,1513886399,0.35024000,0.36578000,0.35024000,0.35968000,38298.44000000
1513886400,1513889999,0.35975000,0.37450000,0.35975000,0.36966000,20546.29000000
1513890000,1513893599,0.37450000,0.37450000,0.35490000,0.36093000,20414.70000000
1513893600,1513897199,0.35624000,0.36401000,0.34821000,0.35164000,5477.29000000
1513897200,1513900799,0.35727000,0.38028000,0.34969000,0.38028000,14757.65000000
1513900800,1513904399,0.38151000,0.42394000,0.38150000,0.42276000,57519.16000000
1513904400,1513907999,0.42932000,0.43708000,0.38711000,0.39621000,51236.48000000
1513908000,1513911599,0.40062000,0.41848000,0.38322000,0.38396000,30092.23000000
1513911600,1513915199,0.38644000,0.38644000,0.34822000,0.37275000,53183.93000000
1513915200,1513918799,0.37274000,0.38550000,0.36261000,0.36398000,27977.43000000
1513918800,1513922399,0.37049000,0.38400000,0.35719000,0.37726000,23626.20000000
1513922400,1513925999,0.38400000,0.42275000,0.37006000,0.37878000,57041.78000000
1513926000,1513929599,0.37895000,0.37934000,0.34236000,0.36000000,57011.52000000
1513929600,1513933199,0.35908000,0.37934000,0.35715000,0.36034000,48344.44000000
1513933200,1513936799,0.36018000,0.39062000,0.34833000,0.34834000,49835.48000000
1513936800,1513940399,0.35477000,0.39061000,0.35280000,0.36337000,41392.39000000
1513940400,1513943999,0.37174000,0.37174000,0.35093000,0.35307000,19503.68000000
1513944000,1513947599,0.35897000,0.36664000,0.35605000,0.35800000,8666.62000000
1513947600,1513951199,0.35409000,0.35796000,0.33764000,0.34028000,24103.03000000
1513951200,1513954799,0.34028000,0.34030000,0.31029000,0.32765000,51701.56000000
1513954800,1513958399,0.32766000,0.35207000,0.32068000,0.35085000,25084.36000000
1513958400,1513961999,0.34746000,0.35390000,0.33315000,0.34320000,51927.44000000
1513962000,1513965599,0.34223000,0.35803000,0.33339000,0.34968000,30377.19000000
1513965600,1513969199,0.34968000,0.37353000,0.34053000,0.34674000,34120.13000000
1513969200,1513972799,0.34702000,0.36961000,0.34640000,0.34900000,20142.35000000
1513972800,1513976399,0.34945000,0.36845000,0.34902000,0.36744000,44583.24000000
1513976400,1513979999,0.36745000,0.37464000,0.35419000,0.36375000,23549.05000000
1513980000,1513983599,0.36912000,0.41080000,0.36600000,0.38002000,48483.72000000
1513983600,1513987199,0.38002000,0.40813000,0.36390000,0.36763000,59287.64000000
1513987200,1513990799,0.36734000,0.37994000,0.35013000,0.35777000,38244.88000000
1513990800,1513994399,0.36175000,0.38444000,0.35964000,0.37841000,49691.18000000
1513994400,1513997999,0.37591000,0.38612000,0.37368000,0.37601000,49249.61000000
1513998000,1514001599,0.37612000,0.39027000,0.37612000,0.38521000,31214.74000000
1514001600,1514005199,0.38427000,0.40494000,0.38427000,0.40226000,45089.52000000
1514005200,1514008799,0.40227000,0.40649000,0.38672000,0.38672000,23782.42000000
1514008800,1514012399,0.38616000,0.38616000,0.35424000,0.35557000,60876.05000000
1514012400,1514015999,0.35999000,0.37354000,0.35579000,0.37199000,39585.39000000
1514016000,1514019599,0.36697000,0.37379000,0.36068000,0.36896000,37834.50000000
1514019600,1514023199,0.36896000,0.36896000,0.36452000,0.36787000,30106.75000000
1514023200,1514026799,0.36895000,0.37448000,0.36450000,0.36654000,17144.70000000
1514026800,1514030399,0.36613000,0.39002000,0.36613000,0.38040000,17589.45000000
1514030400,1514033999,0.38059000,0.38609000,0.37511000,0.38022000,28736.47000000
1514034000,1514037599,0.38154000,0.39095000,0.38020000,0.38080000,35041.23000000
1514037600,1514041199,0.38569000,0.39305000,0.37747000,0.39048000,47055.33000000
1514041200,1514044799,0.39048000,0.39439000,0.37781000,0.37894000,30401.58000000
1514044800,1514048399,0.37897000,0.38592000,0.37783000,0.38411000,19657.18000000
1514048400,1514051999,0.38074000,0.39072000,0.37782000,0.38764000,25539.63000000
1514052000,1514055599,0.38557000,0.39073000,0.38347000,0.38693000,22613.74000000
1514055600,1514059199,0.38742000,0.39992000,0.38470000,0.39360000,42977.77000000
1514059200,1514062799,0.39359000,0.39986000,0.39124000,0.39361000,19617.39000000
1514062800,1514066399,0.39360000,0.40398000,0.39020000,0.39783000,18956.31000000
1514066400,1514069999,0.39783000,0.41709000,0.39783000,0.41709000,14774.84000000
1514070000,1514073599,0.41233000,0.41580000,0.39759000,0.40453000,33999.93000000
1514073600,1514077199,0.40479000,0.41433000,0.38565000,0.40100000,17166.01000000
1514077200,1514080799,0.39988000,0.41282000,0.39710000,0.40944000,28412.15000000
1514080800,1514084399,0.41144000,0.41445000,0.37897000,0.39152000,41820.77000000
1514084400,1514087999,0.38641000,0.40973000,0.38391000,0.40973000,28386.61000000
1514088000,1514091599,0.40444000,0.41999000,0.40444000,0.40927000,41340.25000000
1514091600,1514095199,0.41072000,0.41072000,0.39040000,0.40116000,17229.18000000
1514095200,1514098799,0.40112000,0.41051000,0.39416000,0.40158000,33317.32000000
1514098800,1514102399,0.40159000,0.40784000,0.38580000,0.39806000,35219.67000000
1514102400,1514105999,0.38612000,0.39870000,0.38612000,0.39120000,10211.57000000
1514106000,1514109599,0.39116000,0.40854000,0.38612000,0.38612000,24783.30000000
1514109600,1514113199,0.38612000,0.40042000,0.36699000,0.37464000,34229.81000000
1514113200,1514116799,0.36747000,0.37694000,0.36137000,0.36347000,33798.08000000
1514116800,1514120399,0.36522000,0.39395000,0.35248000,0.36009000,26161.93000000
1514120400,1514123999,0.36010000,0.36840000,0.33664000,0.35172000,36289.50000000
1514124000,1514127599,0.35294000,0.41998000,0.35294000,0.41438000,46747.84000000
1514127600,1514131199,0.41361000,0.43995000,0.39315000,0.42313000,50047.11000000
1514131200,1514134799,0.42594000,0.42594000,0.38167000,0.40196000,60254.80000000
1514134800,1514138399,0.39802000,0.40579000,0.38952000,0.39671000,20453.78000000
1514138400,1514141999,0.39311000,0.39616000,0.38039000,0.39051000,22670.82000000
1514142000,1514145599,0.38801000,0.39505000,0.38432000,0.38432000,6768.41000000
1514145600,1514149199,0.37653000,0.37653000,0.36295000,0.36509000,14948.35000000
1514149200,1514152799,0.36002000,0.37097000,0.36002000,0.36883000,8083.43000000
1514152800,1514156399,0.36964000,0.40000000,0.36964000,0.39999000,8509.39000000
1514156400,1514159999,0.39567000,0.39998000,0.37992000,0.38052000,12580.86000000
1514160000,1514163599,0.38290000,0.38973000,0.36342000,0.38002000,39827.39000000
1514163600,1514167199,0.38011000,0.39359000,0.36376000,0.39107000,17556.27000000
1514167200,1514170799,0.37618000,0.39383000,0.36742000,0.38595000,14125.48000000
1514170800,1514174399,0.38595000,0.41000000,0.38197000,0.40272000,24388.31000000
1514174400,1514177999,0.40412000,0.42737000,0.39375000,0.42702000,33779.53000000
1514178000,1514181599,0.42037000,0.42515000,0.41000000,0.42501000,39468.43000000
1514181600,1514185199,0.42497000,0.44641000,0.41317000,0.41610000,42746.90000000
1514185200,1514188799,0.42993000,0.48513000,0.41987000,0.43900000,48939.33000000
1514188800,1514192399,0.43207000,0.43207000,0.36761000,0.40592000,60590.49000000
1514192400,1514195999,0.40167000,0.42912000,0.39035000,0.40012000,48936.28000000
1514196000,1514199599,0.40012000,0.42911000,0.40012000,0.42647000,12596.18000000
1514199600,1514203199,0.42203000,0.42647000,0.39618000,0.39621000,29249.44000000
1514203200,1514206799,0.40289000,0.40584000,0.37277000,0.37277000,25857.74000000
1514206800,1514210399,0.36719000,0.39649000,0.36342000,0.39568000,60644.05000000
1514210400,1514213999,0.39569000,0.39607000,0.37432000,0.37873000,32396.13000000
1514214000,1514217599,0.37147000,0.38413000,0.35454000,0.35454000,33698.95000000
1514217600,1514221199,0.36153000,0.37041000,0.33713000,0.34778000,38710.76000000
1514221200,1514224799,0.33775000,0.36763000,0.33775000,0.35520000,28219.71000000
1514224800,1514228399,0.35292000,0.35458000,0.34814000,0.34818000,7126.79000000
1514228400,1514231999,0.35455000,0.37830000,0.34874000,0.37830000,10114.91000000
1514232000,1514235599,0.37131000,0.37663000,0.36478000,0.36956000,28304.74000000
1514235600,1514239199,0.37188000,0.38893000,0.36961000,0.38868000,39743.35000000
1514239200,1514242799,0.39002000,0.40550000,0.36270000,0.37518000,43391.04000000
1514242800,1514246399,0.36604000,0.38042000,0.36292000,0.38042000,22752.24000000
1514246400,1514249999,0.38119000,0.41154000,0.37713000,0.38757000,62752.14000000
1514250000,1514253599,0.38757000,0.40038000,0.37415000,0.38734000,37900.49000000
1514253600,1514257199,0.38721000,0.39573000,0.36865000,0.37019000,33037.33000000
1514257200,1514260799,0.37045000,0.39010000,0.35917000,0.36493000,42181.21000000
1514260800,1514264399,0.36852000,0.36943000,0.30420000,0.31192000,70588.83000000
1514264400,1514267999,0.30449000,0.34998000,0.27996000,0.31917000,68100.39000000
1514268000,1514271599,0.32591000,0.33819000,0.30116000,0.30996000,45426.41000000
1514271600,1514275199,0.30996000,0.33211000,0.30477000,0.31033000,34112.21000000
1514275200,1514278799,0.31277000,0.32150000,0.30878000,0.31792000,57531.82000000
1514278800,1514282399,0.31791000,0.32728000,0.31394000,0.31404000,34030.54000000
1514282400,1514285999,0.30955000,0.30955000,0.30002000,0.30555000,4954.71000000
1514286000,1514289599,0.30776000,0.30776000,0.29346000,0.29346000,50800.86000000
1514289600,1514293199,0.29835000,0.30397000,0.28854000,0.28854000,13058.55000000
1514293200,1514296799,0.29001000,0.37501000,0.28833000,0.36040000,61271.62000000
1514296800,1514300399,0.36040000,0.36286000,0.32000000,0.32000000,58855.35000000
1514300400,1514303999,0.31800000,0.33626000,0.30959000,0.31504000,26354.47000000
1514304000,1514307599,0.31522000,0.32598000,0.31181000,0.32598000,33010.26000000
1514307600,1514311199,0.32598000,0.34022000,0.30856000,0.32987000,41140.75000000
1514311200,1514314799,0.32797000,0.34672000,0.21111000,0.21111000,10156.08000000
1514314800,1514318399,0.29983000,0.34948000,0.21111000,0.30088000,1720.69000000
1514318400,1514321999,0.34948000,0.48971000,0.30089000,0.30202000,5693.19000000
1514322000,1514325599,0.34881000,0.35201000,0.30000000,0.30000000,2169.85000000
1514325600,1514329199,0.30001000,0.34670000,0.30001000,0.30002000,640.00000000
1514329200,1514332799,0.34667000,0.35121000,0.31025000,0.33616000,2324.75000000
1514332800,1514336399,0.32978000,0.33054000,0.22000000,0.33054000,2329.81000000
1514336400,1514339999,0.33054000,0.34014000,0.31262000,0.31262000,3337.01000000
1514340000,1514343599,0.31196000,0.31196000,0.24604000,0.24666000,75.05000000
1514343600,1514347199,0.24863000,0.24863000,0.24863000,0.24863000,0.98000000
1514347200,1514350799,0.25310000,0.30985000,0.25310000,0.30699000,669.08000000
1514350800,1514354399,0.29799000,0.29799000,0.27001000,0.27112000,3003.99000000
1514354400,1514357999,0.27098000,0.48000000,0.23901000,0.30000000,9618.42000000
1514358000,1514361599,0.27102000,0.33963000,0.26800000,0.33963000,5604.43000000
1514361600,1514365199,0.33955000,0.33963000,0.30871000,0.30978000,1623.88000000
1514365200,1514368799,0.31133000,0.33000000,0.26889000,0.29012000,1813.00000000
1514368800,1514372399,0.29043000,0.32945000,0.29043000,0.29300000,354.24000000
1514372400,1514375999,0.30947000,0.32937000,0.30110000,0.30286000,1467.48000000
1514376000,1514379599,0.31196000,0.33000000,0.31002000,0.31461000,6155.46000000
1514379600,1514383199,0.33000000,0.39953000,0.33000000,0.33313000,7938.04000000
1514383200,1514386799,0.33309000,0.38602000,0.31600000,0.32000000,4194.91000000
1514386800,1514390399,0.33984000,0.35914000,0.32000000,0.35914000,6483.19000000
1514390400,1514393999,0.35886000,0.36845000,0.33115000,0.34996000,1782.75000000
1514394000,1514397599,0.35127000,0.36006000,0.32001000,0.34429000,1694.66000000
1514397600,1514401199,0.34429000,0.35926000,0.32052000,0.34002000,2208.28000000
1514401200,1514404799,0.34002000,0.35926000,0.34002000,0.35926000,3085.36000000
1514404800,1514408399,0.34266000,0.34998000,0.32098000,0.34936000,1947.40000000
1514408400,1514411999,0.32532000,0.34933000,0.32532000,0.33959000,130.68000000
1514412000,1514415599,0.32753000,0.32753000,0.30000000,0.30002000,3108.07000000
1514415600,1514419199,0.30054000,0.32264000,0.30000000,0.30000000,1277.69000000
1514419200,1514422799,0.30000000,0.31498000,0.29067000,0.29422000,76.05000000
1514422800,1514426399,0.31122000,0.32693000,0.29592000,0.30057000,700.21000000
1514426400,1514429999,0.30259000,0.30259000,0.28001000,0.28001000,1886.29000000
1514430000,1514433599,0.32471000,0.32471000,0.28001000,0.32276000,1538.77000000
1514433600,1514437199,0.32251000,0.32281000,0.29346000,0.32281000,139.76000000
1514437200,1514440799,0.32265000,0.32282000,0.30764000,0.30767000,1233.34000000
1514440800,1514444399,0.31887000,0.34000000,0.30870000,0.32268000,1623.23000000
1514444400,1514447999,0.32268000,0.33838000,0.31344000,0.31396000,1695.69000000
1514448000,1514451599,0.31396000,0.32162000,0.30764000,0.32162000,2195.60000000
1514451600,1514455199,0.31358000,0.32162000,0.29392000,0.32162000,401.61000000
1514455200,1514458799,0.32061000,0.32137000,0.29800000,0.29800000,1785.53000000
1514458800,1514462399,0.29800000,0.29800000,0.29032000,0.29084000,15.33000000
1514462400,1514465999,0.29071000,0.32254000,0.29071000,0.32254000,901.25000000
1514466000,1514469599,0.33000000,0.33000000,0.32026000,0.32468000,576.42000000
1514469600,1514473199,0.32601000,0.32995000,0.32369000,0.32373000,1052.94000000
1514473200,1514476799,0.32416000,0.32417000,0.30011000,0.30011000,1779.80000000
1514476800,1514480399,0.32384000,0.32885000,0.30047000,0.32885000,708.90000000
1514480400,1514483999,0.30309000,0.32396000,0.30309000,0.32383000,15.44000000
1514484000,1514487599,0.29572000,0.32399000,0.29500000,0.29500000,2087.27000000
1514487600,1514491199,0.29513000,0.29704000,0.29513000,0.29704000,117.66000000
1514491200,1514494799,0.31930000,0.31930000,0.28044000,0.28044000,2352.86000000
1514494800,1514498399,0.28044000,0.31642000,0.28022000,0.28040000,85.80000000
1514498400,1514501999,0.28050000,0.31124000,0.28050000,0.29427000,31.40000000
1514502000,1514505599,0.30392000,0.31188000,0.28632000,0.28633000,652.02000000
1514505600,1514509199,0.28634000,0.30000000,0.28634000,0.29921000,762.88000000
1514509200,1514512799,0.29797000,0.30759000,0.28634000,0.29550000,1755.61000000
1514512800,1514516399,0.29666000,0.33000000,0.28901000,0.29776000,899.19000000
1514516400,1514519999,0.29794000,0.32547000,0.29792000,0.29845000,2671.63000000
1514520000,1514523599,0.30135000,0.33555000,0.30135000,0.30840000,410.47000000
1514523600,1514527199,0.33554000,0.33554000,0.31563000,0.31924000,255.91000000
1514527200,1514530799,0.31848000,0.32519000,0.30058000,0.30058000,426.58000000
1514530800,1514534399,0.30209000,0.30209000,0.30209000,0.30209000,0.10000000
1514534400,1514537999,0.31500000,0.31941000,0.31499000,0.31510000,851.18000000
1514538000,1514541599,0.31511000,0.31971000,0.30381000,0.31448000,1185.30000000
1514541600,1514545199,0.31465000,0.31510000,0.30425000,0.30440000,662.11000000
1514545200,1514548799,0.31840000,0.32563000,0.30590000,0.32563000,567.54000000
1514548800,1514552399,0.31118000,0.32999000,0.31118000,0.31680000,865.28000000
1514552400,1514555999,0.31910000,0.32829000,0.31448000,0.31520000,198.38000000
1514556000,1514559599,0.31530000,0.32292000,0.31518000,0.31618000,525.82000000
1514559600,1514563199,0.31618000,0.31619000,0.30840000,0.30840000,334.10000000
1514563200,1514566799,0.30840000,0.31547000,0.30000000,0.30001000,289.04000000
1514566800,1514570399,0.31409000,0.31409000,0.30025000,0.30178000,1114.04000000
1514570400,1514573999,0.31612000,0.32655000,0.31006000,0.31309000,846.99000000
1514574000,1514577599,0.32491000,0.32492000,0.31593000,0.31798000,638.96000000
1514577600,1514581199,0.31799000,0.32330000,0.31690000,0.31693000,388.52000000
1514581200,1514584799,0.31693000,0.31766000,0.30001000,0.30152000,572.03000000
1514584800,1514588399,0.30152000,0.30155000,0.30152000,0.30154000,89.44000000
1514588400,1514591999,0.30154000,0.31694000,0.30154000,0.30170000,266.08000000
1514592000,1514595599,0.30249000,0.31057000,0.29999000,0.29999000,2244.16000000
1514595600,1514599199,0.29999000,0.30892000,0.29055000,0.30667000,428.98000000
1514599200,1514602799,0.29057000,0.29057000,0.26000000,0.28577000,1884.58000000
1514602800,1514606399,0.26000000,0.30000000,0.26000000,0.29992000,111.25000000
1514606400,1514609999,0.26104000,0.26104000,0.26104000,0.26104000,0.99000000
1514610000,1514613599,0.29653000,0.30000000,0.26106000,0.30000000,529.42000000
1514613600,1514617199,0.30000000,0.30634000,0.27000000,0.29003000,18.65000000
1514617200,1514620799,0.29003000,0.30634000,0.29003000,0.30618000,298.10000000
1514620800,1514624399,0.29062000,0.30557000,0.29061000,0.30557000,156.30000000
1514624400,1514627999,0.30478000,0.30478000,0.29200000,0.30298000,106.57000000
1514628000,1514631599,0.30264000,0.30633000,0.29317000,0.29319000,916.47000000
1514631600,1514635199,0.29842000,0.31170000,0.29382000,0.31170000,1220.48000000
1514635200,1514638799,0.31680000,0.31681000,0.30150000,0.30151000,123.51000000
1514638800,1514642399,0.30500000,0.30500000,0.29318000,0.29318000,3850.33000000
1514642400,1514645999,0.29318000,0.30457000,0.26366000,0.30455000,83.36000000
1514646000,1514649599,0.27558000,0.30403000,0.26515000,0.29554000,343.54000000
1514649600,1514653199,0.29241000,0.30200000,0.26894000,0.28901000,2964.27000000
1514653200,1514656799,0.30994000,0.31000000,0.27640000,0.29500000,195.47000000
1514656800,1514660399,0.29500000,0.30908000,0.29500000,0.30907000,335.84000000
1514660400,1514663999,0.30850000,0.32000000,0.29374000,0.29569000,1148.96000000
1514664000,1514667599,0.32795000,0.32795000,0.29472000,0.30391000,639.60000000
1514667600,1514671199,0.29719000,0.30391000,0.27603000,0.29658000,5764.41000000
1514671200,1514674799,0.29705000,0.31051000,0.29705000,0.29705000,278.56000000
1514674800,1514678399,0.29705000,0.29705000,0.29705000,0.29705000,0.00000000
1514678400,1514681999,0.29705000,0.30890000,0.29705000,0.29706000,245.18000000
1514682000,1514685599,0.29706000,0.29706000,0.29705000,0.29705000,89.27000000
1514685600,1514689199,0.29401000,0.29797000,0.29400000,0.29795000,4495.56000000
1514689200,1514692799,0.29795000,0.30689000,0.27214000,0.29876000,402.22000000
1514692800,1514696399,0.29876000,0.31077000,0.27362000,0.29256000,1177.02000000
1514696400,1514699999,0.29256000,0.29256000,0.29256000,0.29256000,0.00000000
1514700000,1514703599,0.29478000,0.29515000,0.29478000,0.29515000,29.18000000
1514703600,1514707199,0.29568000,0.31765000,0.29568000,0.30999000,12.00000000
1514707200,1514710799,0.30000000,0.30300000,0.30000000,0.30300000,1377.43000000
1514710800,1514714399,0.30299000,0.30299000,0.29755000,0.29760000,75.50000000
1514714400,1514717999,0.30237000,0.30237000,0.29000000,0.29000000,2421.16000000
1514718000,1514721599,0.29000000,0.30999000,0.28362000,0.30000000,2252.12000000
1514721600,1514725199,0.30001000,0.30086000,0.26341000,0.26341000,413.35000000
1514725200,1514728799,0.26440000,0.30091000,0.26440000,0.30091000,234.46000000
1514728800,1514732399,0.30999000,0.33000000,0.29800000,0.30892000,730.11000000
1514732400,1514735999,0.32656000,0.33000000,0.31205000,0.32379000,216.36000000
1514736000,1514739599,0.33399000,0.34001000,0.31216000,0.31216000,1866.06000000
1514739600,1514743199,0.31258000,0.32700000,0.31258000,0.31642000,3260.97000000
1514743200,1514746799,0.33270000,0.34073000,0.31942000,0.31942000,9741.19000000
1514746800,1514750399,0.33058000,0.33058000,0.31944000,0.32903000,566.04000000
1514750400,1514753999,0.32023000,0.34999000,0.32023000,0.34972000,1908.55000000
1514754000,1514757599,0.33111000,0.33188000,0.31206000,0.31617000,5599.19000000
1514757600,1514761199,0.31692000,0.34736000,0.31692000,0.32900000,247.82000000
1514761200,1514764799,0.32855000,0.34718000,0.31402000,0.31811000,342.94000000
1514764800,1514768399,0.32123000,0.32790000,0.31218000,0.32790000,1854.01000000
1514768400,1514771999,0.31293000,0.31525000,0.31293000,0.31525000,24.79000000
1514772000,1514775599,0.31768000,0.31768000,0.31768000,0.31768000,0.94000000
1514775600,1514779199,0.31534000,0.31534000,0.31534000,0.31534000,0.25000000
1514779200,1514782799,0.32997000,0.33000000,0.32078000,0.32093000,87.26000000
1514782800,1514786399,0.32094000,0.32094000,0.32078000,0.32078000,187.18000000
1514786400,1514789999,0.32078000,0.33681000,0.31926000,0.33681000,402.99000000
1514790000,1514793599,0.33648000,0.35000000,0.33648000,0.33648000,4335.59000000
1514793600,1514797199,0.33648000,0.33648000,0.32700000,0.33648000,170.98000000
1514797200,1514800799,0.33648000,0.33648000,0.33648000,0.33648000,45.20000000
1514800800,1514804399,0.33648000,0.34190000,0.33129000,0.33195000,80.59000000
1514804400,1514807999,0.33123000,0.33123000,0.32704000,0.32704000,79.99000000
1514808000,1514811599,0.32739000,0.33986000,0.32739000,0.33986000,36.89000000
1514811600,1514815199,0.33300000,0.34789000,0.33300000,0.33778000,928.07000000
1514815200,1514818799,0.34009000,0.35220000,0.34009000,0.35220000,416.44000000
1514818800,1514822399,0.35220000,0.36980000,0.35220000,0.36000000,471.13000000
1514822400,1514825999,0.35515000,0.35515000,0.34010000,0.34012000,717.42000000
1514826000,1514829599,0.35376000,0.35376000,0.34010000,0.34010000,411.91000000
1514829600,1514833199,0.35358000,0.36463000,0.34011000,0.34658000,1224.57000000
1514833200,1514836799,0.34704000,0.36351000,0.34704000,0.34757000,27.39000000
1514836800,1514840399,0.36128000,0.36128000,0.34834000,0.35623000,413.83000000
1514840400,1514843999,0.35623000,0.37988000,0.35190000,0.36648000,2559.48000000
1514844000,1514847599,0.36696000,0.37000000,0.35810000,0.36122000,602.36000000
1514847600,1514851199,0.36442000,0.36525000,0.35293000,0.35921000,3059.63000000
1514851200,1514854799,0.36551000,0.38000000,0.36550000,0.38000000,1607.97000000
1514854800,1514858399,0.38000000,0.40081000,0.37990000,0.39936000,2511.61000000
1514858400,1514861999,0.39855000,0.39855000,0.37317000,0.37344000,373.94000000
1514862000,1514865599,0.37378000,0.38360000,0.35281000,0.37924000,1680.69000000
1514865600,1514869199,0.37694000,0.38501000,0.36975000,0.37041000,1479.94000000
1514869200,1514872799,0.38451000,0.38451000,0.36075000,0.36078000,30.65000000
1514872800,1514876399,0.38499000,0.40137000,0.36120000,0.36506000,92.12000000
1514876400,1514879999,0.39782000,0.39782000,0.36521000,0.36521000,267.47000000
1514880000,1514883599,0.39523000,0.39523000,0.36788000,0.37584000,534.78000000
1514883600,1514887199,0.39625000,0.39625000,0.37550000,0.39440000,356.60000000
1514887200,1514890799,0.39321000,0.39321000,0.37429000,0.37429000,44.97000000
1514890800,1514894399,0.39175000,0.39261000,0.36800000,0.36836000,162.45000000
1514894400,1514897999,0.36886000,0.36949000,0.36607000,0.36607000,2147.02000000
1514898000,1514901599,0.36607000,0.38521000,0.34009000,0.34009000,2574.93000000
1514901600,1514905199,0.35909000,0.35910000,0.34300000,0.35909000,337.06000000
1514905200,1514908799,0.34221000,0.35909000,0.34221000,0.34253000,104.81000000
1514908800,1514912399,0.34980000,0.35746000,0.34222000,0.34477000,985.08000000
1514912400,1514915999,0.35854000,0.35854000,0.34637000,0.34637000,14.14000000
1514916000,1514919599,0.35846000,0.35846000,0.31538000,0.31538000,5779.01000000
1514919600,1514923199,0.32419000,0.32419000,0.30002000,0.30002000,2593.17000000
1514923200,1514926799,0.33174000,0.33174000,0.30003000,0.32261000,2121.12000000
1514926800,1514930399,0.32261000,0.35909000,0.31277000,0.31277000,1343.47000000
1514930400,1514933999,0.32406000,0.32999000,0.31177000,0.31399000,1163.43000000
1514934000,1514937599,0.31399000,0.35890000,0.31399000,0.32701000,191.44000000
1514937600,1514941199,0.33003000,0.35803000,0.30170000,0.31133000,1417.79000000
1514941200,1514944799,0.31379000,0.32860000,0.31134000,0.32859000,1421.54000000
1514944800,1514948399,0.32858000,0.32861000,0.31821000,0.32000000,1921.08000000
1514948400,1514951999,0.32003000,0.34980000,0.31009000,0.31109000,784.80000000
1514952000,1514955599,0.34791000,0.34791000,0.31084000,0.31130000,112.13000000
1514955600,1514959199,0.31130000,0.34236000,0.31130000,0.34236000,85.67000000
1514959200,1514962799,0.34232000,0.34232000,0.31136000,0.32999000,17.03000000
1514962800,1514966399,0.31401000,0.34295000,0.31401000,0.32604000,854.63000000
1514966400,1514969999,0.32604000,0.34834000,0.32604000,0.34834000,632.73000000
1514970000,1514973599,0.32500000,0.34134000,0.31402000,0.31901000,466.08000000
1514973600,1514977199,0.33962000,0.33980000,0.31902000,0.32550000,53.94000000
1514977200,1514980799,0.33955000,0.33955000,0.32605000,0.32640000,2325.81000000
1514980800,1514984399,0.33540000,0.33877000,0.32807000,0.32807000,1293.18000000
1514984400,1514987999,0.32843000,0.35767000,0.32843000,0.33771000,709.92000000
1514988000,1514991599,0.33771000,0.33771000,0.32862000,0.33754000,202.79000000
1514991600,1514995199,0.33754000,0.33754000,0.32674000,0.32766000,5146.16000000
1514995200,1514998799,0.32757000,0.34860000,0.31009000,0.32000000,7165.61000000
1514998800,1515002399,0.32007000,0.33124000,0.32007000,0.32147000,2138.56000000
1515002400,1515005999,0.32154000,0.32179000,0.31011000,0.31036000,2174.14000000
1515006000,1515009599,0.31643000,0.32920000,0.31053000,0.32730000,2340.41000000
1515009600,1515013199,0.32899000,0.32900000,0.31856000,0.32900000,1103.48000000
1515013200,1515016799,0.32700000,0.32700000,0.31441000,0.31737000,274.58000000
1515016800,1515020399,0.31800000,0.32900000,0.31538000,0.32900000,184.22000000
1515020400,1515023999,0.32899000,0.32899000,0.30000000,0.30091000,3075.06000000
1515024000,1515027599,0.30935000,0.31997000,0.28617000,0.31997000,421.67000000
1515027600,1515031199,0.31997000,0.31997000,0.29429000,0.29564000,349.89000000
1515031200,1515034799,0.31717000,0.31717000,0.28501000,0.28522000,2149.43000000
1515034800,1515034816,0.28522000,0.28522000,0.28522000,0.28522000,0.00000000
1515042000,1515045599,0.28522000,0.33000000,0.28522000,0.31874000,3428.31000000
1515045600,1515049199,0.31878000,0.35767000,0.31720000,0.31720000,1427.54000000
1515049200,1515052799,0.31762000,0.34200000,0.31720000,0.33014000,2198.69000000
1515052800,1515056399,0.31746000,0.33887000,0.31746000,0.33887000,459.54000000
1515056400,1515059999,0.33887000,0.33887000,0.31305000,0.31330000,985.21000000
1515060000,1515063599,0.31339000,0.33720000,0.31339000,0.31499000,146.32000000
1515063600,1515067199,0.33528000,0.34901000,0.31521000,0.34900000,356.16000000
1515067200,1515070799,0.34900000,0.34901000,0.32887000,0.34077000,566.58000000
1515070800,1515074399,0.34117000,0.34872000,0.33228000,0.34541000,1647.72000000
1515074400,1515077999,0.33695000,0.33876000,0.33216000,0.33224000,8815.48000000
1515078000,1515081599,0.33216000,0.33216000,0.30426000,0.31217000,1998.88000000
1515081600,1515085199,0.32654000,0.32664000,0.30426000,0.32659000,293.63000000
1515085200,1515088799,0.31217000,0.33216000,0.28310000,0.32005000,6475.28000000
1515088800,1515092399,0.32150000,0.33418000,0.32010000,0.32010000,698.97000000
1515092400,1515095999,0.32009000,0.33100000,0.28506000,0.28917000,1539.25000000
1515096000,1515099599,0.33999000,0.33999000,0.28980000,0.31623000,167.74000000
1515099600,1515103199,0.31647000,0.32727000,0.31647000,0.31696000,2675.99000000
1515103200,1515106799,0.32402000,0.33993000,0.31698000,0.31866000,2430.79000000
1515106800,1515110399,0.31875000,0.33999000,0.31875000,0.31883000,54.81000000
1515110400,1515113999,0.31911000,0.33973000,0.31911000,0.32345000,355.69000000
1515114000,1515117599,0.32644000,0.33949000,0.32644000,0.33949000,8.33000000
1515117600,1515121199,0.32534000,0.33000000,0.31883000,0.32050000,858.25000000
1515121200,1515124799,0.32050000,0.32709000,0.30112000,0.30113000,2071.33000000
1515124800,1515128399,0.30113000,0.31266000,0.29581000,0.30146000,2144.65000000
1515128400,1515131999,0.30248000,0.30484000,0.30201000,0.30201000,2287.17000000
1515132000,1515135599,0.30201000,0.30279000,0.26344000,0.26344000,2604.93000000
1515135600,1515139199,0.29403000,0.29403000,0.26420000,0.26438000,1365.43000000
1515139200,1515142799,0.26601000,0.26601000,0.21953000,0.22469000,2652.58000000
1515142800,1515146399,0.22961000,0.29471000,0.22003000,0.22166000,3651.83000000
1515146400,1515149999,0.22166000,0.23400000,0.22000000,0.22000000,769.35000000
1515150000,1515153599,0.22460000,0.23000000,0.21000000,0.21000000,2963.62000000
1515153600,1515157199,0.22908000,0.22908000,0.19801000,0.22034000,1828.37000000
1515157200,1515160799,0.22034000,0.22874000,0.19800000,0.19808000,2895.61000000
1515160800,1515164399,0.22616000,0.22616000,0.03302000,0.18678000,2542.72000000
1515164400,1515167999,0.18678000,0.22417000,0.11945000,0.19212000,5337.26000000
1515168000,1515171599,0.19212000,0.22178000,0.19212000,0.21884000,10.92000000
1515171600,1515175199,0.21864000,0.21864000,0.19218000,0.19231000,758.57000000
1515175200,1515178799,0.19232000,0.19604000,0.13395000,0.18065000,795.51000000
1515178800,1515182399,0.13941000,0.19476000,0.13941000,0.19230000,2206.02000000
1515182400,1515185999,0.18792000,0.20807000,0.18792000,0.18793000,1512.86000000
1515186000,1515189599,0.19231000,0.19231000,0.15076000,0.15501000,2893.77000000
1515189600,1515193199,0.17904000,0.17904000,0.13100000,0.16294000,2917.19000000
1515193200,1515196799,0.16294000,0.17799000,0.09923000,0.16097000,3509.98000000
1515196800,1515200399,0.17138000,0.17139000,0.13857000,0.16154000,365.46000000
1515200400,1515203999,0.17064000,0.17064000,0.09923000,0.09923000,2405.16000000
1515204000,1515207599,0.10006000,0.17788000,0.09925000,0.12904000,2512.56000000
1515207600,1515211199,0.13235000,0.17658000,0.13235000,0.17348000,895.27000000
1515211200,1515214799,0.17341000,0.17342000,0.14209000,0.16155000,355.04000000
1515214800,1515218399,0.15800000,0.17254000,0.14591000,0.16054000,4341.64000000
1515218400,1515221999,0.16006000,0.16400000,0.13641000,0.13641000,6660.71000000
1515222000,1515225599,0.13861000,0.17800000,0.13802000,0.16903000,3051.39000000
1515225600,1515229199,0.20882000,0.20882000,0.15512000,0.16502000,2981.42000000
1515229200,1515232799,0.17994000,0.19914000,0.15501000,0.18020000,1677.05000000
1515232800,1515236399,0.18020000,0.18020000,0.16296000,0.17111000,3947.44000000
1515236400,1515239999,0.16793000,0.18782000,0.16684000,0.16698000,547.04000000
1515240000,1515243599,0.17362000,0.18176000,0.16380000,0.17570000,217.64000000
1515243600,1515247199,0.17503000,0.19022000,0.14658000,0.14722000,1715.55000000
1515247200,1515250799,0.15219000,0.18171000,0.13407000,0.18003000,332.50000000
1515250800,1515254399,0.14246000,0.17675000,0.13332000,0.13760000,1106.82000000
1515254400,1515257999,0.14308000,0.15235000,0.13760000,0.15115000,656.40000000
1515258000,1515261599,0.18320000,0.18320000,0.14121000,0.14701000,874.63000000
1515261600,1515265199,0.14700000,0.14701000,0.12001000,0.12002000,1325.16000000
1515265200,1515268799,0.14041000,0.18987000,0.12007000,0.12601000,3538.91000000
1515268800,1515272399,0.14950000,0.14950000,0.12101000,0.12102000,905.37000000
1515272400,1515275999,0.12247000,0.14768000,0.12002000,0.12071000,279.80000000
1515276000,1515279599,0.12071000,0.14736000,0.12071000,0.12473000,384.09000000
1515279600,1515283199,0.12415000,0.14084000,0.12097000,0.13819000,4980.43000000
1515283200,1515286799,0.12107000,0.14499000,0.12107000,0.12917000,1297.41000000
1515286800,1515290399,0.14498000,0.18508000,0.13037000,0.14599000,2440.27000000
1515290400,1515293999,0.13603000,0.15698000,0.13367000,0.14194000,2462.71000000
1515294000,1515297599,0.15471000,0.15471000,0.13748000,0.14392000,6945.82000000
1515297600,1515301199,0.13976000,0.15215000,0.12950000,0.13045000,8280.29000000
1515301200,1515304799,0.13271000,0.13457000,0.13270000,0.13457000,353.94000000
1515304800,1515308399,0.15120000,0.15120000,0.14193000,0.14814000,1499.44000000
1515308400,1515311999,0.14814000,0.16299000,0.13148000,0.15414000,6932.10000000
1515312000,1515315599,0.18441000,0.18441000,0.15610000,0.15742000,9545.60000000
1515315600,1515319199,0.15760000,0.17776000,0.15629000,0.17077000,7780.49000000
1515319200,1515322799,0.16668000,0.17098000,0.15612000,0.16486000,4788.44000000
1515322800,1515326399,0.15989000,0.16231000,0.15415000,0.16222000,2846.91000000
1515326400,1515329999,0.16133000,0.16687000,0.15922000,0.16104000,2684.89000000
1515330000,1515333599,0.16104000,0.16577000,0.14811000,0.15148000,8294.48000000
1515333600,1515337199,0.15211000,0.18416000,0.15211000,0.16789000,13093.51000000
1515337200,1515340799,0.16789000,0.16792000,0.16000000,0.16001000,5821.49000000
1515340800,1515344399,0.16042000,0.18105000,0.16042000,0.16907000,2111.81000000
1515344400,1515347999,0.16597000,0.18068000,0.16343000,0.16788000,5601.24000000
1515348000,1515351599,0.16813000,0.17979000,0.16750000,0.17775000,1530.43000000
1515351600,1515355199,0.16427000,0.17889000,0.16427000,0.17271000,948.85000000
1515355200,1515358799,0.17292000,0.18141000,0.17058000,0.17500000,5117.50000000
1515358800,1515362399,0.17243000,0.18062000,0.16219000,0.18062000,3416.34000000
1515362400,1515365999,0.17999000,0.17999000,0.16828000,0.17549000,1089.53000000
1515366000,1515369599,0.17476000,0.17476000,0.16353000,0.16514000,1196.17000000
1515369600,1515373199,0.16518000,0.16914000,0.16015000,0.16431000,1473.63000000
1515373200,1515376799,0.16438000,0.16991000,0.16000000,0.16003000,912.84000000
1515376800,1515380399,0.16238000,0.17000000,0.16238000,0.16948000,3184.03000000
1515380400,1515383999,0.16948000,0.17549000,0.16948000,0.17188000,1335.79000000
1515384000,1515387599,0.17248000,0.18150000,0.16238000,0.16948000,3979.94000000
1515387600,1515391199,0.16948000,0.17566000,0.16809000,0.17035000,1070.67000000
1515391200,1515394799,0.17049000,0.17412000,0.16239000,0.16934000,3450.46000000
1515394800,1515398399,0.16868000,0.17939000,0.16668000,0.16968000,2953.89000000
1515398400,1515401999,0.17090000,0.17266000,0.16434000,0.16550000,292.91000000
1515402000,1515405599,0.17681000,0.17681000,0.16550000,0.16550000,1595.54000000
1515405600,1515409199,0.16550000,0.17519000,0.16003000,0.16235000,2822.40000000
1515409200,1515412799,0.16012000,0.16648000,0.16012000,0.16092000,105.42000000
1515412800,1515416399,0.17031000,0.17031000,0.16133000,0.16801000,63.17000000
1515416400,1515419999,0.16800000,0.16800000,0.16220000,0.16220000,154.13000000
1515420000,1515423599,0.16219000,0.16783000,0.15530000,0.16783000,3887.04000000
1515423600,1515427199,0.16779000,0.17603000,0.15441000,0.17601000,3459.41000000
1515427200,1515430799,0.17578000,0.17578000,0.16253000,0.16428000,1412.47000000
1515430800,1515434399,0.16430000,0.17446000,0.16411000,0.17446000,1914.16000000
1515434400,1515437999,0.16912000,0.18976000,0.16912000,0.17703000,5061.34000000
1515438000,1515441599,0.17703000,0.18079000,0.15400000,0.16587000,4696.27000000
1515441600,1515445199,0.16622000,0.17526000,0.16621000,0.16874000,3592.17000000
1515445200,1515448799,0.16930000,0.18334000,0.16654000,0.16886000,5415.66000000
1515448800,1515452399,0.16961000,0.17798000,0.16678000,0.17241000,2712.71000000
1515452400,1515455999,0.17302000,0.18383000,0.17302000,0.18067000,2304.20000000
1515456000,1515459599,0.18001000,0.18095000,0.16810000,0.16810000,6684.26000000
1515459600,1515463199,0.16743000,0.17662000,0.16743000,0.17247000,4864.62000000
1515463200,1515466799,0.16800000,0.16800000,0.15747000,0.15854000,5754.01000000
1515466800,1515470399,0.15545000,0.16386000,0.15545000,0.16386000,1096.51000000
1515470400,1515473999,0.16386000,0.17252000,0.16191000,0.17252000,2087.65000000
1515474000,1515477599,0.17252000,0.17252000,0.16281000,0.16614000,2445.42000000
1515477600,1515481199,0.16735000,0.17500000,0.16735000,0.17400000,590.50000000
1515481200,1515484799,0.17399000,0.17400000,0.16800000,0.16800000,2288.28000000
1515484800,1515488399,0.16800000,0.17240000,0.16253000,0.16885000,783.04000000
1515488400,1515491999,0.16948000,0.17434000,0.16858000,0.17014000,5903.22000000
1515492000,1515495599,0.16851000,0.17370000,0.16731000,0.16916000,2155.49000000
1515495600,1515499199,0.17316000,0.18485000,0.16735000,0.18241000,7729.73000000
1515499200,1515502799,0.18220000,0.18469000,0.17781000,0.18149000,5312.77000000
1515502800,1515506399,0.18149000,0.18384000,0.17620000,0.18266000,5219.93000000
1515506400,1515509999,0.17853000,0.18308000,0.17853000,0.18267000,1767.06000000
1515510000,1515513599,0.18276000,0.18990000,0.18030000,0.18958000,5191.00000000
1515513600,1515517199,0.18958000,0.19142000,0.18432000,0.19120000,4666.62000000
1515517200,1515520799,0.19108000,0.19108000,0.18488000,0.18843000,933.40000000
1515520800,1515524399,0.18842000,0.19761000,0.18677000,0.19109000,3093.04000000
1515524400,1515527999,0.19319000,0.19334000,0.19090000,0.19090000,3518.32000000
1515528000,1515531599,0.19090000,0.19231000,0.18613000,0.19231000,2510.92000000
1515531600,1515535199,0.19231000,0.19444000,0.18772000,0.19155000,373.33000000
1515535200,1515538799,0.18894000,0.20000000,0.18708000,0.19324000,5572.11000000
1515538800,1515542399,0.19091000,0.20440000,0.18440000,0.18440000,4781.61000000
1515542400,1515545999,0.18440000,5.30000000,0.18053000,0.18800000,5721.12000000
1515546000,1515549599,0.18713000,0.18886000,0.18006000,0.18869000,3992.15000000
1515549600,1515553199,0.18869000,0.19525000,0.18320000,0.18322000,4168.28000000
1515553200,1515556799,0.18187000,0.18187000,0.18134000,0.18156000,83.19000000
1515556800,1515560399,0.18172000,0.19400000,0.18172000,0.18992000,3711.88000000
1515560400,1515563999,0.18737000,0.19014000,0.18131000,0.18260000,8698.44000000
1515564000,1515567599,0.18213000,0.18708000,0.17999000,0.18053000,2913.67000000
1515567600,1515571199,0.18234000,0.18541000,0.17929000,0.18306000,5155.11000000
1515571200,1515574799,0.18306000,0.18306000,0.17271000,0.17821000,3879.62000000
1515574800,1515578399,0.17820000,0.18109000,0.17764000,0.17995000,1735.97000000
1515578400,1515581999,0.17357000,0.18093000,0.17357000,0.17626000,679.71000000
1515582000,1515585599,0.17626000,0.18069000,0.17281000,0.17352000,584.40000000
1515585600,1515589199,0.17402000,0.18691000,0.17402000,0.17578000,931.72000000
1515589200,1515592799,0.17668000,0.18773000,0.17625000,0.17823000,1542.11000000
1515592800,1515596399,0.17625000,0.18632000,0.17499000,0.17499000,1150.63000000
1515596400,1515599999,0.17499000,0.18412000,0.17499000,0.18412000,2291.17000000
1515600000,1515603599,0.17518000,0.17912000,0.17308000,0.17328000,750.43000000
1515603600,1515607199,0.17329000,0.17912000,0.17226000,0.17750000,2761.34000000
1515607200,1515610799,0.17250000,0.17855000,0.17250000,0.17536000,1579.36000000
1515610800,1515614399,0.17576000,0.18239000,0.17226000,0.17269000,4207.78000000
1515614400,1515617999,0.17269000,0.17786000,0.17057000,0.17085000,799.21000000
1515618000,1515621599,0.17652000,0.18076000,0.17076000,0.17139000,1503.69000000
1515621600,1515625199,0.17174000,0.18226000,0.17116000,0.17294000,4129.67000000
1515625200,1515628799,0.17671000,0.17671000,0.17073000,0.17073000,4298.69000000
1515628800,1515632399,0.17073000,0.17076000,0.16206000,0.17041000,456.07000000
1515632400,1515635999,0.16398000,0.16966000,0.16397000,0.16500000,1525.55000000
1515636000,1515639599,0.16404000,0.17041000,0.16404000,0.16748000,1400.89000000
1515639600,1515643199,0.16771000,0.17051000,0.16500000,0.16500000,4055.29000000
1515643200,1515646799,0.16421000,0.16421000,0.15000000,0.15054000,12690.77000000
1515646800,1515650399,0.15355000,0.16498000,0.15355000,0.15480000,3011.43000000
1515650400,1515653999,0.16021000,0.17160000,0.15810000,0.16500000,3124.41000000
1515654000,1515657599,0.15830000,0.17000000,0.15481000,0.16100000,13613.83000000
1515657600,1515661199,0.15778000,0.15837000,0.15507000,0.15515000,1837.94000000
1515661200,1515664799,0.15378000,0.15570000,0.14975000,0.15500000,1398.26000000
1515664800,1515668399,0.15500000,0.15620000,0.14913000,0.15070000,164.88000000
1515668400,1515671999,0.15100000,0.15100000,0.10201000,0.13544000,6356.55000000
1515672000,1515675599,0.13113000,0.14505000,0.13113000,0.14505000,3627.36000000
1515675600,1515679199,0.14736000,0.15509000,0.14145000,0.14145000,1447.05000000
1515679200,1515682799,0.15042000,0.15307000,0.13676000,0.14795000,4872.65000000
1515682800,1515686399,0.15274000,0.16576000,0.14325000,0.15278000,7779.66000000
1515686400,1515689999,0.16502000,0.16502000,0.14833000,0.14999000,1771.97000000
1515690000,1515693599,0.14999000,0.14999000,0.13721000,0.14401000,1837.36000000
1515693600,1515697199,0.14421000,0.14747000,0.13673000,0.13673000,657.63000000
1515697200,1515700799,0.13673000,0.14584000,0.13207000,0.13219000,1113.27000000
1515700800,1515704399,0.10908000,0.13909000,0.10908000,0.12399000,2757.89000000
1515704400,1515707999,0.12423000,0.13498000,0.10024000,0.12004000,1934.83000000
1515708000,1515711599,0.12009000,0.13874000,0.10505000,0.13054000,2132.56000000
1515711600,1515715199,0.12691000,0.13334000,0.10836000,0.11139000,5157.72000000
1515715200,1515718799,0.11288000,0.12376000,0.11288000,0.12376000,1996.15000000
1515718800,1515722399,0.12377000,0.13186000,0.11970000,0.12076000,783.78000000
1515722400,1515725999,0.12211000,0.12385000,0.11691000,0.12374000,1968.83000000
1515726000,1515729599,0.11898000,0.11899000,0.10870000,0.10870000,561.26000000
1515729600,1515733199,0.10919000,0.12342000,0.10001000,0.11425000,2337.36000000
1515733200,1515736799,0.11487000,0.11749000,0.11165000,0.11522000,4320.12000000
1515736800,1515740399,0.11217000,0.12362000,0.11217000,0.11957000,2640.52000000
1515740400,1515743999,0.12011000,0.12471000,0.11694000,0.11885000,2588.84000000
1515744000,1515747599,0.11900000,0.12422000,0.11559000,0.12422000,3587.51000000
1515747600,1515751199,0.12422000,0.12508000,0.12392000,0.12447000,1243.66000000
1515751200,1515754799,0.12278000,0.13303000,0.11848000,0.13303000,3377.24000000
1515754800,1515758399,0.12824000,0.13700000,0.12611000,0.13594000,1734.01000000
1515758400,1515761999,0.13594000,0.14188000,0.13171000,0.14032000,2957.86000000
1515762000,1515765599,0.14000000,0.14500000,0.13285000,0.13735000,3868.00000000
1515765600,1515769199,0.13735000,0.16076000,0.12989000,0.13408000,2580.67000000
1515769200,1515772799,0.13276000,0.13307000,0.11427000,0.13280000,1300.08000000
1515772800,1515776399,0.13006000,0.13135000,0.11925000,0.12465000,923.09000000
1515776400,1515779999,0.13208000,0.13603000,0.11835000,0.11877000,3373.98000000
1515780000,1515783599,0.11877000,0.12296000,0.11877000,0.12037000,305.23000000
1515783600,1515787199,0.12038000,0.12244000,0.11877000,0.12200000,831.59000000
1515787200,1515790799,0.12194000,0.13058000,0.12127000,0.12601000,2177.75000000
1515790800,1515794399,0.12601000,0.12938000,0.12220000,0.12700000,1738.41000000
1515794400,1515797999,0.12789000,0.13058000,0.12537000,0.13058000,938.82000000
1515798000,1515801599,0.13100000,0.13468000,0.12116000,0.13133000,2926.03000000
1515801600,1515805199,0.13069000,0.13182000,0.12426000,0.13044000,1322.33000000
1515805200,1515808799,0.13162000,0.13624000,0.12927000,0.13528000,1748.14000000
1515808800,1515812399,0.13517000,0.13517000,0.12963000,0.13120000,823.87000000
1515812400,1515815999,0.13120000,0.13234000,0.12847000,0.12945000,120.06000000
1515816000,1515819599,0.12945000,0.13688000,0.12846000,0.13363000,2836.94000000
1515819600,1515823199,0.13796000,0.13796000,0.13124000,0.13601000,958.68000000
1515823200,1515826799,0.13190000,0.13693000,0.13067000,0.13163000,814.42000000
1515826800,1515830399,0.13190000,0.13555000,0.13190000,0.13264000,1058.99000000
1515830400,1515833999,0.13285000,0.13559000,0.12956000,0.13297000,2332.12000000
1515834000,1515837599,0.13297000,0.13305000,0.12991000,0.13014000,2020.89000000
1515837600,1515841199,0.13016000,0.13567000,0.12796000,0.12970000,1997.01000000
1515841200,1515844799,0.13016000,0.13201000,0.12450000,0.12451000,586.69000000
1515844800,1515848399,0.12450000,0.12676000,0.11954000,0.11962000,1431.21000000
1515848400,1515851999,0.12182000,0.12614000,0.11979000,0.12373000,865.40000000
1515852000,1515855599,0.12783000,0.13038000,0.12400000,0.12821000,1761.67000000
1515855600,1515859199,0.12789000,0.13000000,0.12426000,0.12548000,4187.10000000
1515859200,1515862799,0.12548000,0.12584000,0.12248000,0.12584000,1009.43000000
1515862800,1515866399,0.12869000,0.13243000,0.12624000,0.13038000,2126.44000000
1515866400,1515869999,0.13038000,0.13500000,0.12922000,0.13165000,2550.52000000
1515870000,1515873599,0.13075000,0.13499000,0.12927000,0.13257000,2537.48000000
1515873600,1515877199,0.13100000,0.13333000,0.12922000,0.13333000,645.95000000
1515877200,1515880799,0.13100000,0.13233000,0.12950000,0.12950000,3735.45000000
1515880800,1515884399,0.13210000,0.13668000,0.12921000,0.12922000,1867.94000000
1515884400,1515887999,0.12922000,0.13247000,0.12465000,0.13123000,757.96000000
1515888000,1515891599,0.12721000,0.12979000,0.12721000,0.12784000,89.47000000
1515891600,1515895199,0.12915000,0.13090000,0.12679000,0.13059000,850.14000000
1515895200,1515898799,0.13000000,0.13135000,0.12467000,0.12917000,1883.75000000
1515898800,1515902399,0.12887000,0.13345000,0.12804000,0.13340000,1991.77000000
1515902400,1515905999,0.13201000,0.13797000,0.13052000,0.13052000,4997.57000000
1515906000,1515909599,0.12849000,0.13128000,0.12583000,0.12840000,2194.80000000
1515909600,1515913199,0.12693000,0.12867000,0.12431000,0.12554000,1408.85000000
1515913200,1515916799,0.12658000,0.12934000,0.12578000,0.12725000,1712.20000000
1515916800,1515920399,0.12683000,0.12683000,0.12418000,0.12450000,349.86000000
1515920400,1515923999,0.12698000,0.12850000,0.12431000,0.12780000,1545.15000000
1515924000,1515927599,0.12590000,0.12881000,0.12590000,0.12646000,197.51000000
1515927600,1515931199,0.12843000,0.13112000,0.12643000,0.13067000,616.81000000
1515931200,1515934799,0.13095000,0.13279000,0.12797000,0.12797000,3600.37000000
1515934800,1515938399,0.12820000,0.13133000,0.12440000,0.12440000,2939.60000000
1515938400,1515941999,0.12680000,0.13225000,0.12680000,0.12890000,370.34000000
1515942000,1515945599,0.13221000,0.13270000,0.12890000,0.12890000,1527.60000000
1515945600,1515949199,0.12932000,0.13140000,0.12432000,0.12441000,1205.06000000
1515949200,1515952799,0.12680000,0.13014000,0.12127000,0.12486000,3381.55000000
1515952800,1515956399,0.12197000,0.12554000,0.12197000,0.12206000,99.91000000
1515956400,1515959999,0.12518000,0.12518000,0.12215000,0.12511000,963.19000000
1515960000,1515963599,0.12518000,0.12767000,0.12168000,0.12429000,590.11000000
1515963600,1515967199,0.12429000,0.12746000,0.12245000,0.12746000,8457.76000000
1515967200,1515970799,0.12533000,0.12977000,0.12533000,0.12643000,99.42000000
1515970800,1515974399,0.12591000,0.12956000,0.12330000,0.12955000,1346.79000000
1515974400,1515977999,0.12710000,0.13661000,0.12710000,0.12743000,6224.61000000
1515978000,1515981599,0.13628000,0.13631000,0.12797000,0.13175000,928.07000000
1515981600,1515985199,0.12935000,0.13417000,0.12317000,0.12566000,2745.71000000
1515985200,1515988799,0.12567000,0.12867000,0.12506000,0.12867000,435.11000000
1515988800,1515992399,0.12565000,0.12641000,0.11620000,0.12197000,2804.89000000
1515992400,1515995999,0.12211000,0.12553000,0.12009000,0.12553000,317.93000000
1515996000,1515999599,0.12181000,0.12448000,0.12021000,0.12044000,1713.90000000
1515999600,1516003199,0.12062000,0.12224000,0.11444000,0.11878000,1205.87000000
1516003200,1516006799,0.12029000,0.12047000,0.11593000,0.11605000,2028.99000000
1516006800,1516010399,0.11605000,0.11605000,0.11423000,0.11437000,16139.43000000
1516010400,1516013999,0.11509000,0.11738000,0.11482000,0.11738000,112.92000000
1516014000,1516017599,0.11738000,0.13000000,0.11738000,0.12683000,5482.76000000
1516017600,1516021199,0.12374000,0.13366000,0.12222000,0.13066000,5253.81000000
1516021200,1516024799,0.13188000,0.14301000,0.12750000,0.14203000,3445.95000000
1516024800,1516028399,0.14262000,0.14386000,0.12961000,0.12961000,2752.56000000
1516028400,1516031999,0.13079000,0.13855000,0.12561000,0.12694000,2529.39000000
1516032000,1516035599,0.12694000,0.13000000,0.12660000,0.13000000,946.08000000
1516035600,1516039199,0.13000000,0.13347000,0.12759000,0.13000000,4596.30000000
1516039200,1516042799,0.13038000,0.13319000,0.12831000,0.13291000,2024.65000000
1516042800,1516046399,0.13242000,0.13461000,0.12824000,0.13015000,2555.96000000
1516046400,1516049999,0.12970000,0.13600000,0.12970000,0.13497000,2075.00000000
1516050000,1516053599,0.13170000,0.13199000,0.12880000,0.12890000,2088.00000000
1516053600,1516057199,0.12913000,0.13165000,0.12861000,0.13000000,2749.86000000
1516057200,1516060799,0.13126000,0.13167000,0.12823000,0.12831000,1232.39000000
1516060800,1516064399,0.12660000,0.12920000,0.11739000,0.12854000,2160.94000000
1516064400,1516067999,0.12854000,0.13597000,0.11807000,0.12789000,5378.81000000
1516068000,1516071599,0.12851000,0.13511000,0.12657000,0.12716000,1079.05000000
1516071600,1516075199,0.12905000,0.13539000,0.12766000,0.13500000,888.91000000
1516075200,1516078799,0.13106000,0.13108000,0.12934000,0.12935000,1452.29000000
1516078800,1516082399,0.12940000,0.13230000,0.12737000,0.13005000,557.03000000
1516082400,1516085999,0.13219000,0.13221000,0.11753000,0.13094000,3662.15000000
1516086000,1516089599,0.13499000,0.14611000,0.13499000,0.13820000,2533.05000000
1516089600,1516093199,0.13589000,0.13942000,0.12052000,0.12614000,5542.95000000
1516093200,1516096799,0.12614000,0.12884000,0.11938000,0.12410000,2660.28000000
1516096800,1516100399,0.12634000,0.20004000,0.12634000,0.14461000,21656.59000000
1516100400,1516103999,0.14461000,0.14462000,0.13220000,0.13564000,9536.59000000
1516104000,1516107599,0.13871000,0.14067000,0.13283000,0.13691000,4430.06000000
1516107600,1516111199,0.13691000,0.14310000,0.12924000,0.14310000,1108.78000000
1516111200,1516114799,0.14511000,0.14511000,0.13114000,0.13975000,2338.24000000
1516114800,1516118399,0.13677000,0.13973000,0.13616000,0.13831000,904.87000000
1516118400,1516121999,0.13641000,0.13860000,0.13588000,0.13783000,1370.98000000
1516122000,1516125599,0.13604000,0.13932000,0.13060000,0.13932000,3010.59000000
1516125600,1516129199,0.13607000,0.13609000,0.13315000,0.13351000,1623.92000000
1516129200,1516132799,0.13352000,0.13490000,0.13027000,0.13250000,1126.02000000
1516132800,1516136399,0.13463000,0.13585000,0.13250000,0.13405000,1820.27000000
1516136400,1516139999,0.13405000,0.13454000,0.12488000,0.13331000,5854.34000000
1516140000,1516143599,0.12938000,0.13752000,0.12484000,0.13258000,8814.58000000
1516143600,1516147199,0.12950000,0.13079000,0.12338000,0.13061000,1730.43000000
1516147200,1516150799,0.13262000,0.13262000,0.12486000,0.13074000,2514.39000000
1516150800,1516154399,0.13074000,0.13219000,0.12670000,0.12699000,834.00000000
1516154400,1516157999,0.12719000,0.13520000,0.12719000,0.13520000,1460.80000000
1516158000,1516161599,0.13453000,0.13776000,0.12837000,0.13269000,1579.66000000
1516161600,1516165199,0.13029000,0.13321000,0.12720000,0.13321000,1917.51000000
1516165200,1516168799,0.13303000,0.13502000,0.13059000,0.13313000,2514.16000000
1516168800,1516172399,0.13368000,0.13709000,0.13207000,0.13417000,1579.99000000
1516172400,1516175999,0.13655000,0.13848000,0.13268000,0.13693000,2862.78000000
1516176000,1516179599,0.13683000,0.13964000,0.13356000,0.13356000,4117.09000000
1516179600,1516183199,0.13356000,0.13723000,0.13356000,0.13722000,2284.98000000
1516183200,1516186799,0.13546000,0.13799000,0.13405000,0.13472000,1265.87000000
1516186800,1516190399,0.13736000,0.13858000,0.13502000,0.13570000,5469.97000000
1516190400,1516193999,0.13570000,0.13800000,0.13240000,0.13800000,1582.35000000
1516194000,1516197599,0.13785000,0.13953000,0.13573000,0.13573000,1210.77000000
1516197600,1516201199,0.13636000,0.13948000,0.13211000,0.13567000,4162.50000000
1516201200,1516204799,0.13325000,0.13970000,0.13255000,0.13255000,3729.52000000
1516204800,1516208399,0.13266000,0.13266000,0.12253000,0.12387000,6323.44000000
1516208400,1516211999,0.12521000,0.13000000,0.12398000,0.12816000,3941.64000000
1516212000,1516215599,0.12802000,0.13109000,0.12703000,0.13109000,2873.55000000
1516215600,1516219199,0.13141000,0.13181000,0.12831000,0.13050000,93.94000000
1516219200,1516222799,0.13050000,0.14000000,0.12776000,0.13792000,2655.88000000
1516222800,1516226399,0.14077000,0.14222000,0.12253000,0.12430000,7919.84000000
1516226400,1516229999,0.12359000,0.13101000,0.12064000,0.12394000,5293.72000000
1516230000,1516233599,0.12695000,0.13078000,0.12364000,0.12365000,4973.95000000
1516233600,1516237199,0.12528000,0.12740000,0.12276000,0.12276000,3308.21000000
1516237200,1516240799,0.12345000,0.12371000,0.11503000,0.11901000,4181.95000000
1516240800,1516244399,0.11946000,0.12581000,0.11946000,0.12459000,4341.89000000
1516244400,1516247999,0.12722000,0.13400000,0.12484000,0.13395000,1931.00000000
1516248000,1516251599,0.12931000,0.13261000,0.12929000,0.13211000,1647.19000000
1516251600,1516255199,0.13369000,0.13500000,0.12962000,0.13347000,1137.52000000
1516255200,1516258799,0.13002000,0.14757000,0.12853000,0.13639000,15134.12000000
1516258800,1516262399,0.14058000,0.14300000,0.12901000,0.13249000,19092.91000000
1516262400,1516265999,0.13254000,0.14150000,0.13251000,0.14150000,40977.45000000
1516266000,1516269599,0.14149000,0.14298000,0.13611000,0.13739000,20745.40000000
1516269600,1516273199,0.14045000,0.14300000,0.13773000,0.14298000,35940.50000000
1516273200,1516276799,0.14193000,0.14522000,0.14109000,0.14208000,20072.43000000
1516276800,1516280399,0.14323000,0.14435000,0.13926000,0.14164000,27359.76000000
1516280400,1516283999,0.13891000,0.14180000,0.13613000,0.14180000,20452.21000000
1516284000,1516287599,0.14059000,0.14178000,0.13754000,0.13794000,47126.06000000
1516287600,1516291199,0.13812000,0.14105000,0.13800000,0.13912000,19749.01000000
1516291200,1516294799,0.13937000,0.14186000,0.13863000,0.13880000,9292.52000000
1516294800,1516298399,0.13936000,0.14171000,0.13881000,0.14069000,28250.57000000
1516298400,1516301999,0.14142000,0.14199000,0.13881000,0.14058000,22258.53000000
1516302000,1516305599,0.13980000,0.14239000,0.13883000,0.14239000,5246.09000000
1516305600,1516309199,0.14164000,0.14371000,0.14164000,0.14214000,17000.47000000
1516309200,1516312799,0.14304000,0.14343000,0.14067000,0.14084000,32458.08000000
1516312800,1516316399,0.14088000,0.14185000,0.13127000,0.14159000,35890.94000000
1516316400,1516319999,0.14158000,0.14175000,0.13551000,0.13753000,10092.23000000
1516320000,1516323599,0.13403000,0.14011000,0.13363000,0.13709000,23745.53000000
1516323600,1516327199,0.13849000,0.14010000,0.13417000,0.13893000,23777.68000000
1516327200,1516330799,0.13935000,0.14031000,0.13002000,0.13395000,29167.30000000
1516330800,1516334399,0.13022000,0.13499000,0.12916000,0.13260000,13923.13000000
1516334400,1516337999,0.13230000,0.13386000,0.12928000,0.12967000,13448.49000000
1516338000,1516341599,0.12964000,0.14525000,0.12889000,0.14379000,23932.57000000
1516341600,1516345199,0.14514000,0.14878000,0.14092000,0.14800000,15691.03000000
1516345200,1516348799,0.14940000,0.14940000,0.14167000,0.14187000,18644.77000000
1516348800,1516352399,0.14423000,0.14518000,0.14255000,0.14286000,24077.07000000
1516352400,1516355999,0.14349000,0.14645000,0.14167000,0.14214000,33868.80000000
1516356000,1516359599,0.14240000,0.14766000,0.14222000,0.14709000,17757.07000000
1516359600,1516363199,0.14591000,0.14923000,0.14591000,0.14717000,36444.47000000
1516363200,1516366799,0.14899000,0.14899000,0.14601000,0.14738000,26651.62000000
1516366800,1516370399,0.14765000,0.14765000,0.14253000,0.14501000,21185.73000000
1516370400,1516373999,0.14353000,0.14684000,0.14166000,0.14414000,33740.76000000
1516374000,1516377599,0.14415000,0.14566000,0.14167000,0.14566000,19460.85000000
1516377600,1516381199,0.14289000,0.14568000,0.14170000,0.14458000,12152.77000000
1516381200,1516384799,0.14577000,0.15500000,0.14416000,0.15494000,27737.23000000
1516384800,1516388399,0.15491000,0.15499000,0.15043000,0.15150000,30962.58000000
1516388400,1516391999,0.15142000,0.15369000,0.14825000,0.14862000,15676.98000000
1516392000,1516395599,0.14825000,0.15014000,0.14586000,0.14688000,11816.69000000
1516395600,1516399199,0.14598000,0.14906000,0.14301000,0.14800000,25055.51000000
1516399200,1516402799,0.14911000,0.15222000,0.14720000,0.14966000,15163.48000000
1516402800,1516406399,0.15102000,0.15242000,0.14772000,0.14995000,13220.54000000
1516406400,1516409999,0.14995000,0.15130000,0.14892000,0.15081000,16245.02000000
1516410000,1516413599,0.15158000,0.16231000,0.15094000,0.15681000,29288.09000000
1516413600,1516417199,0.15681000,0.16224000,0.15455000,0.16089000,32447.91000000
1516417200,1516420799,0.16089000,0.16138000,0.15300000,0.15483000,12770.58000000
1516420800,1516424399,0.15600000,0.15600000,0.15081000,0.15115000,5408.17000000
1516424400,1516427999,0.15087000,0.15445000,0.14307000,0.14491000,25558.92000000
1516428000,1516431599,0.14667000,0.14902000,0.14301000,0.14627000,9243.85000000
1516431600,1516435199,0.14612000,0.15192000,0.14612000,0.15046000,10424.70000000
1516435200,1516438799,0.15087000,0.15446000,0.15002000,0.15439000,33690.43000000
1516438800,1516442399,0.15445000,0.15500000,0.14798000,0.14884000,17142.04000000
1516442400,1516445999,0.15007000,0.15007000,0.14696000,0.14872000,21903.38000000
1516446000,1516449599,0.14881000,0.14955000,0.14500000,0.14546000,21688.63000000
1516449600,1516453199,0.14533000,0.14590000,0.14330000,0.14454000,6735.72000000
1516453200,1516456799,0.14454000,0.14777000,0.14399000,0.14768000,29999.13000000
1516456800,1516460399,0.14699000,0.15000000,0.14561000,0.14621000,20449.46000000
1516460400,1516463999,0.14740000,0.14923000,0.14603000,0.14811000,9294.70000000
1516464000,1516467599,0.14653000,0.14838000,0.14237000,0.14248000,11130.12000000
1516467600,1516471199,0.14248000,0.14356000,0.14097000,0.14298000,6575.17000000
1516471200,1516474799,0.14239000,0.14328000,0.13932000,0.14000000,20726.33000000
1516474800,1516478399,0.14116000,0.14116000,0.13938000,0.14102000,5973.73000000
1516478400,1516481999,0.14102000,0.14515000,0.13977000,0.14341000,27088.40000000
1516482000,1516485599,0.14370000,0.14544000,0.14228000,0.14278000,8476.80000000
1516485600,1516489199,0.14373000,0.14468000,0.14250000,0.14421000,18978.83000000
1516489200,1516492799,0.14376000,0.14700000,0.14213000,0.14454000,15110.25000000
1516492800,1516496399,0.14407000,0.14633000,0.14207000,0.14209000,13134.49000000
1516496400,1516499999,0.14195000,0.14471000,0.14190000,0.14457000,16089.26000000
1516500000,1516503599,0.14313000,0.14863000,0.14250000,0.14863000,10837.55000000
1516503600,1516507199,0.14723000,0.14983000,0.14660000,0.14770000,20214.82000000
1516507200,1516510799,0.14741000,0.14998000,0.14610000,0.14728000,49661.68000000
1516510800,1516514399,0.14899000,0.15136000,0.14717000,0.14762000,16371.21000000
1516514400,1516517999,0.14705000,0.14826000,0.14606000,0.14606000,7142.27000000
1516518000,1516521599,0.14606000,0.15039000,0.14356000,0.14628000,25047.13000000
1516521600,1516525199,0.14468000,0.14612000,0.14237000,0.14372000,14348.42000000
1516525200,1516528799,0.14649000,0.14650000,0.14406000,0.14442000,5246.28000000
1516528800,1516532399,0.14568000,0.14569000,0.14201000,0.14363000,9548.07000000
1516532400,1516535999,0.14381000,0.14599000,0.14273000,0.14280000,15594.06000000
1516536000,1516539599,0.14287000,0.14529000,0.14287000,0.14516000,3981.27000000
1516539600,1516543199,0.14494000,0.14696000,0.14469000,0.14689000,11653.72000000
1516543200,1516546799,0.14671000,0.14998000,0.14272000,0.14470000,26075.55000000
1516546800,1516550399,0.14348000,0.14698000,0.14098000,0.14485000,36295.50000000
1516550400,1516553999,0.14486000,0.14558000,0.13745000,0.13746000,15258.27000000
1516554000,1516557599,0.13892000,0.14212000,0.13743000,0.13762000,20002.04000000
1516557600,1516561199,0.13778000,0.13812000,0.13626000,0.13667000,17914.41000000
1516561200,1516564799,0.13665000,0.13800000,0.13632000,0.13641000,27653.95000000
1516564800,1516568399,0.13807000,0.14281000,0.13631000,0.13998000,15911.93000000
1516568400,1516571999,0.13852000,0.13852000,0.13630000,0.13773000,16592.97000000
1516572000,1516575599,0.13696000,0.13796000,0.13548000,0.13580000,19424.52000000
1516575600,1516579199,0.13578000,0.13702000,0.13397000,0.13692000,37606.49000000
1516579200,1516582799,0.13694000,0.13797000,0.13550000,0.13554000,8666.94000000
1516582800,1516586399,0.13550000,0.13762000,0.13550000,0.13650000,25523.19000000
1516586400,1516589999,0.13702000,0.13803000,0.13649000,0.13656000,17023.17000000
1516590000,1516593599,0.13656000,0.13948000,0.13656000,0.13765000,6950.51000000
1516593600,1516597199,0.13830000,0.14228000,0.13754000,0.14131000,11642.11000000
1516597200,1516600799,0.14073000,0.14500000,0.14073000,0.14491000,10478.09000000
1516600800,1516604399,0.14499000,0.14827000,0.14499000,0.14676000,13782.28000000
1516604400,1516607999,0.14676000,0.14700000,0.13986000,0.13986000,22992.29000000
1516608000,1516611599,0.13954000,0.14033000,0.13852000,0.14027000,31274.69000000
1516611600,1516615199,0.13991000,0.14650000,0.13941000,0.14369000,16300.47000000
1516615200,1516618799,0.14395000,0.14649000,0.14294000,0.14468000,28388.05000000
1516618800,1516622399,0.14477000,0.14647000,0.14183000,0.14444000,10601.91000000
1516622400,1516625999,0.14252000,0.14515000,0.13850000,0.14334000,24844.28000000
1516626000,1516629599,0.14337000,0.14515000,0.13679000,0.13698000,20522.47000000
1516629600,1516633199,0.13684000,0.14134000,0.13684000,0.13909000,16026.95000000
1516633200,1516636799,0.13959000,0.14200000,0.13766000,0.14198000,29434.83000000
1516636800,1516640399,0.14016000,0.14196000,0.13840000,0.13944000,22594.77000000
1516640400,1516643999,0.13932000,0.14045000,0.13587000,0.13823000,20960.95000000
1516644000,1516647599,0.13822000,0.13892000,0.13613000,0.13709000,19515.00000000
1516647600,1516651199,0.13836000,0.14465000,0.13836000,0.14301000,24644.19000000
1516651200,1516654799,0.14210000,0.14463000,0.13983000,0.14144000,21772.58000000
1516654800,1516658399,0.14154000,0.14303000,0.13733000,0.14012000,13940.33000000
1516658400,1516661999,0.13721000,0.14014000,0.13707000,0.13800000,3958.77000000
1516662000,1516665599,0.13969000,0.14135000,0.13738000,0.13811000,17340.28000000
1516665600,1516669199,0.13791000,0.14106000,0.13791000,0.14106000,26106.77000000
1516669200,1516672799,0.14130000,0.14699000,0.14102000,0.14166000,19433.17000000
1516672800,1516676399,0.14169000,0.14489000,0.13727000,0.14005000,26897.09000000
1516676400,1516679999,0.13992000,0.14497000,0.13973000,0.14328000,17116.76000000
1516680000,1516683599,0.14498000,0.14690000,0.14342000,0.14344000,28846.30000000
1516683600,1516687199,0.14407000,0.14407000,0.13843000,0.13978000,25029.19000000
1516687200,1516690799,0.13977000,0.14366000,0.13853000,0.14161000,12964.53000000
1516690800,1516694399,0.14161000,0.14741000,0.14018000,0.14169000,13052.09000000
1516694400,1516697999,0.14247000,0.14780000,0.14223000,0.14473000,14578.62000000
1516698000,1516701599,0.14362000,0.14779000,0.14362000,0.14502000,15424.18000000
1516701600,1516705199,0.14419000,0.14626000,0.14280000,0.14352000,7977.87000000
1516705200,1516708799,0.14353000,0.14580000,0.14157000,0.14168000,19093.10000000
1516708800,1516712399,0.14123000,0.14394000,0.14123000,0.14361000,9915.01000000
1516712400,1516715999,0.14370000,0.14412000,0.14141000,0.14317000,13989.51000000
1516716000,1516719599,0.14315000,0.14493000,0.14141000,0.14245000,3445.03000000
1516719600,1516723199,0.14249000,0.14500000,0.14199000,0.14280000,19774.47000000
1516723200,1516726799,0.14259000,0.14410000,0.13801000,0.14198000,17920.32000000
1516726800,1516730399,0.14198000,0.14200000,0.13912000,0.14014000,22513.21000000
1516730400,1516733999,0.14174000,0.14200000,0.13834000,0.13896000,10062.44000000
1516734000,1516737599,0.13942000,0.14270000,0.13899000,0.14093000,11375.69000000
1516737600,1516741199,0.13924000,0.14105000,0.13924000,0.14058000,16823.68000000
1516741200,1516744799,0.13957000,0.14099000,0.13911000,0.13955000,28741.67000000
1516744800,1516748399,0.13929000,0.14031000,0.13835000,0.13973000,25582.13000000
1516748400,1516751999,0.13845000,0.14030000,0.13655000,0.13844000,29434.52000000
1516752000,1516755599,0.13839000,0.14166000,0.13800000,0.13931000,14865.44000000
1516755600,1516759199,0.13930000,0.14131000,0.13867000,0.13961000,14817.68000000
1516759200,1516762799,0.14087000,0.14188000,0.13971000,0.13971000,8079.67000000
1516762800,1516766399,0.13983000,0.14045000,0.13650000,0.13677000,17829.33000000
1516766400,1516769999,0.13761000,0.13871000,0.13523000,0.13538000,16442.36000000
1516770000,1516773599,0.13574000,0.13726000,0.13501000,0.13675000,8984.56000000
1516773600,1516777199,0.13605000,0.13757000,0.13520000,0.13680000,11051.56000000
1516777200,1516780799,0.13722000,0.13746000,0.13679000,0.13731000,42628.16000000
1516780800,1516784399,0.13700000,0.13900000,0.13699000,0.13835000,20625.99000000
1516784400,1516787999,0.13871000,0.13928000,0.13710000,0.13752000,25042.88000000
1516788000,1516791599,0.13754000,0.14096000,0.13713000,0.13785000,18849.56000000
1516791600,1516795199,0.13785000,0.13909000,0.13710000,0.13814000,19638.54000000
1516795200,1516798799,0.13820000,0.13891000,0.13575000,0.13871000,17698.09000000
1516798800,1516802399,0.13747000,0.14090000,0.13720000,0.13836000,23914.24000000
1516802400,1516805999,0.13836000,0.14029000,0.13788000,0.13985000,20502.14000000
1516806000,1516809599,0.13901000,0.14070000,0.13837000,0.14054000,33557.71000000
1516809600,1516813199,0.13910000,0.14091000,0.13910000,0.14001000,14973.94000000
1516813200,1516816799,0.14057000,0.14422000,0.14002000,0.14287000,25722.41000000
1516816800,1516820399,0.14262000,0.14578000,0.14202000,0.14330000,10887.59000000
1516820400,1516823999,0.14505000,0.14800000,0.14435000,0.14789000,19783.75000000
1516824000,1516827599,0.14789000,0.14830000,0.14031000,0.14276000,21032.45000000
1516827600,1516831199,0.14271000,0.14496000,0.14271000,0.14366000,4612.63000000
1516831200,1516834799,0.14484000,0.14507000,0.14300000,0.14499000,6826.70000000
1516834800,1516838399,0.14401000,0.14499000,0.14259000,0.14259000,32184.52000000
1516838400,1516841999,0.14153000,0.14479000,0.14153000,0.14479000,435.25000000
1516842000,1516845599,0.14286000,0.14600000,0.14286000,0.14532000,4143.98000000
1516845600,1516849199,0.14604000,0.14900000,0.14436000,0.14815000,4938.16000000
1516849200,1516852799,0.14871000,0.14900000,0.14572000,0.14733000,6914.83000000
1516852800,1516856399,0.14624000,0.14748000,0.14378000,0.14735000,3653.60000000
1516856400,1516859999,0.14699000,0.14772000,0.14609000,0.14609000,1059.49000000
1516860000,1516863599,0.14601000,0.14955000,0.14601000,0.14733000,1484.11000000
1516863600,1516867199,0.14713000,0.14750000,0.14502000,0.14520000,2966.54000000
1516867200,1516870799,0.14533000,0.14563000,0.14291000,0.14291000,7947.23000000
1516870800,1516874399,0.14291000,0.14530000,0.14250000,0.14250000,4450.01000000
1516874400,1516877999,0.14215000,0.14391000,0.14183000,0.14283000,3681.61000000
1516878000,1516881599,0.14283000,0.14387000,0.14010000,0.14386000,5584.50000000
1516881600,1516885199,0.14385000,0.14392000,0.14099000,0.14190000,21254.09000000
1516885200,1516888799,0.14243000,0.14796000,0.14192000,0.14495000,11730.81000000
1516888800,1516892399,0.14494000,0.15837000,0.14400000,0.15837000,28364.92000000
1516892400,1516895999,0.15837000,0.15899000,0.14919000,0.14919000,44102.89000000
1516896000,1516899599,0.14941000,0.15270000,0.14823000,0.15071000,35136.96000000
1516899600,1516903199,0.15070000,0.15077000,0.14815000,0.14850000,30584.70000000
1516903200,1516906799,0.14900000,0.15280000,0.14764000,0.14863000,35389.49000000
1516906800,1516910399,0.14877000,0.15273000,0.14764000,0.14911000,31939.58000000
1516910400,1516913999,0.14998000,0.14998000,0.14523000,0.14644000,37404.11000000
1516914000,1516917599,0.14644000,0.14832000,0.14500000,0.14553000,16154.91000000
1516917600,1516921199,0.14565000,0.14800000,0.14551000,0.14552000,42325.51000000
1516921200,1516924799,0.14555000,0.14692000,0.14551000,0.14565000,36966.50000000
1516924800,1516928399,0.14565000,0.14695000,0.14550000,0.14631000,36930.65000000
1516928400,1516931999,0.14596000,0.14699000,0.14551000,0.14560000,15149.60000000
1516932000,1516935599,0.14559000,0.14655000,0.14556000,0.14589000,15849.99000000
1516935600,1516939199,0.14595000,0.14662000,0.14500000,0.14538000,42331.94000000
1516939200,1516942799,0.14569000,0.14601000,0.14200000,0.14370000,7560.07000000
1516942800,1516946399,0.14393000,0.14430000,0.14326000,0.14335000,27580.00000000
1516946400,1516949999,0.14390000,0.14704000,0.14335000,0.14657000,17506.48000000
1516950000,1516953599,0.14661000,0.14796000,0.14489000,0.14593000,64929.14000000
1516953600,1516957199,0.14550000,0.14592000,0.14050000,0.14198000,42497.96000000
1516957200,1516960799,0.14220000,0.14257000,0.14010000,0.14011000,30073.75000000
1516960800,1516964399,0.14011000,0.14123000,0.14011000,0.14031000,49925.27000000
1516964400,1516967999,0.14059000,0.14372000,0.14031000,0.14203000,25411.36000000
1516968000,1516971599,0.14251000,0.14421000,0.14229000,0.14382000,24289.25000000
1516971600,1516975199,0.14421000,0.14529000,0.14323000,0.14417000,60820.61000000
1516975200,1516978799,0.14415000,0.14649000,0.14327000,0.14398000,24866.71000000
1516978800,1516982399,0.14412000,0.14486000,0.14337000,0.14350000,16106.81000000
1516982400,1516985999,0.14367000,0.14500000,0.14193000,0.14497000,39910.90000000
1516986000,1516989599,0.14499000,0.14685000,0.14437000,0.14506000,20430.27000000
1516989600,1516993199,0.14539000,0.14541000,0.14385000,0.14493000,40245.62000000
1516993200,1516996799,0.14496000,0.14500000,0.14370000,0.14372000,50506.88000000
1516996800,1517000399,0.14448000,0.14880000,0.14343000,0.14666000,28149.56000000
1517000400,1517003999,0.14600000,0.14676000,0.14341000,0.14344000,17668.57000000
1517004000,1517007599,0.14446000,0.14760000,0.14345000,0.14759000,28538.26000000
1517007600,1517011199,0.14861000,0.14958000,0.14736000,0.14890000,22201.69000000
1517011200,1517014799,0.14799000,0.15560000,0.14799000,0.15560000,16546.33000000
1517014800,1517018399,0.15583000,0.15583000,0.15078000,0.15116000,38367.32000000
1517018400,1517021999,0.15116000,0.15316000,0.15004000,0.15254000,23208.65000000
1517022000,1517025599,0.15103000,0.15273000,0.14929000,0.14929000,22010.46000000
1517025600,1517029199,0.14975000,0.15034000,0.14804000,0.14804000,30898.09000000
1517029200,1517032799,0.14925000,0.15215000,0.14798000,0.14803000,24390.29000000
1517032800,1517036399,0.14796000,0.14886000,0.14628000,0.14752000,29970.94000000
1517036400,1517039999,0.14725000,0.14937000,0.14716000,0.14935000,17090.01000000
1517040000,1517043599,0.14905000,0.15156000,0.14885000,0.15125000,33706.88000000
1517043600,1517047199,0.15122000,0.15366000,0.14993000,0.15008000,15404.34000000
1517047200,1517050799,0.15013000,0.15229000,0.14960000,0.14987000,17206.45000000
1517050800,1517054399,0.15009000,0.15018000,0.14805000,0.14920000,20656.54000000
1517054400,1517057999,0.15019000,0.15149000,0.14924000,0.15001000,22534.63000000
1517058000,1517061599,0.14993000,0.15057000,0.14927000,0.14941000,3969.93000000
1517061600,1517065199,0.14941000,0.15250000,0.14921000,0.15109000,31547.62000000
1517065200,1517068799,0.15170000,0.15170000,0.14918000,0.15000000,23658.08000000
1517068800,1517072399,0.15050000,0.15170000,0.15050000,0.15163000,59303.14000000
1517072400,1517075999,0.15142000,0.15560000,0.15136000,0.15490000,42544.53000000
1517076000,1517079599,0.15540000,0.15599000,0.15400000,0.15421000,55385.79000000
1517079600,1517083199,0.15403000,0.15502000,0.15295000,0.15361000,32087.11000000
1517083200,1517086799,0.15361000,0.15497000,0.15293000,0.15497000,64011.58000000
1517086800,1517090399,0.15495000,0.15499000,0.15312000,0.15421000,49072.91000000
1517090400,1517093999,0.15422000,0.15496000,0.15330000,0.15429000,58167.94000000
1517094000,1517097599,0.15429000,0.15496000,0.15372000,0.15443000,23622.91000000
1517097600,1517101199,0.15372000,0.15444000,0.15298000,0.15408000,27943.76000000
1517101200,1517104799,0.15408000,0.15435000,0.15331000,0.15424000,25315.24000000
1517104800,1517108399,0.15423000,0.15425000,0.15308000,0.15411000,49680.10000000
1517108400,1517111999,0.15411000,0.15538000,0.15347000,0.15538000,37270.25000000
1517112000,1517115599,0.15523000,0.15691000,0.15511000,0.15563000,19057.17000000
1517115600,1517119199,0.15614000,0.16240000,0.15564000,0.15886000,45502.22000000
1517119200,1517122799,0.15900000,0.16640000,0.15699000,0.15949000,30210.53000000
1517122800,1517126399,0.15900000,0.15900000,0.15499000,0.15499000,10096.27000000
1517126400,1517129999,0.15592000,0.15737000,0.15450000,0.15496000,27776.38000000
1517130000,1517133599,0.15498000,0.15559000,0.15200000,0.15253000,47287.30000000
1517133600,1517137199,0.15253000,0.15562000,0.14934000,0.14934000,42713.27000000
1517137200,1517140799,0.14934000,0.15168000,0.14934000,0.15005000,31360.39000000
1517140800,1517144399,0.14986000,0.14987000,0.14699000,0.14777000,37244.52000000
1517144400,1517147999,0.14765000,0.14879000,0.14704000,0.14741000,54786.19000000
1517148000,1517151599,0.14742000,0.14785000,0.14570000,0.14594000,13760.52000000
1517151600,1517155199,0.14562000,0.14994000,0.14561000,0.14931000,20004.14000000
1517155200,1517158799,0.14897000,0.15098000,0.14713000,0.14885000,13126.66000000
1517158800,1517162399,0.14750000,0.15006000,0.14713000,0.14850000,14778.09000000
1517162400,1517165999,0.14978000,0.15101000,0.14726000,0.14965000,21821.23000000
1517166000,1517169599,0.14979000,0.14979000,0.14703000,0.14786000,12682.99000000
1517169600,1517173199,0.14782000,0.15053000,0.14730000,0.15033000,29044.23000000
1517173200,1517176799,0.14931000,0.15021000,0.14749000,0.14750000,21541.53000000
1517176800,1517180399,0.14750000,0.14826000,0.14715000,0.14749000,20430.39000000
1517180400,1517183999,0.14752000,0.14896000,0.14559000,0.14560000,33894.94000000
1517184000,1517187599,0.14577000,0.14667000,0.14546000,0.14627000,45659.43000000
1517187600,1517191199,0.14571000,0.14628000,0.14365000,0.14388000,17858.53000000
1517191200,1517194799,0.14535000,0.14665000,0.14452000,0.14665000,33201.62000000
1517194800,1517198399,0.14663000,0.14749000,0.14583000,0.14741000,23515.30000000
1517198400,1517201999,0.14741000,0.14999000,0.14733000,0.14997000,22461.54000000
1517202000,1517205599,0.14998000,0.15002000,0.14637000,0.14930000,24963.87000000
1517205600,1517209199,0.14930000,0.14969000,0.14638000,0.14824000,27585.03000000
1517209200,1517212799,0.14825000,0.14903000,0.14685000,0.14698000,11385.96000000
1517212800,1517216399,0.14750000,0.14750000,0.14568000,0.14666000,36156.56000000
1517216400,1517219999,0.14666000,0.14734000,0.14567000,0.14600000,37236.16000000
1517220000,1517223599,0.14586000,0.14817000,0.14502000,0.14713000,33038.88000000
1517223600,1517227199,0.14719000,0.14739000,0.14474000,0.14474000,18936.55000000
1517227200,1517230799,0.14511000,0.14593000,0.14251000,0.14512000,18575.54000000
1517230800,1517234399,0.14538000,0.14669000,0.14469000,0.14611000,22795.01000000
1517234400,1517237999,0.14609000,0.14782000,0.14521000,0.14667000,19826.01000000
1517238000,1517241599,0.14678000,0.14747000,0.14604000,0.14640000,36093.05000000
1517241600,1517245199,0.14638000,0.14773000,0.14606000,0.14674000,62923.29000000
1517245200,1517248799,0.14691000,0.14737000,0.14530000,0.14663000,34326.51000000
1517248800,1517252399,0.14655000,0.14687000,0.14556000,0.14566000,37005.73000000
1517252400,1517255999,0.14551000,0.14687000,0.14455000,0.14583000,26614.42000000
1517256000,1517259599,0.14548000,0.14642000,0.14477000,0.14569000,11134.05000000
1517259600,1517263199,0.14524000,0.14640000,0.14488000,0.14594000,42526.58000000
1517263200,1517266799,0.14560000,0.14948000,0.14505000,0.14875000,33727.25000000
1517266800,1517270399,0.14886000,0.15050000,0.14875000,0.15021000,63429.04000000
1517270400,1517273999,0.15012000,0.15052000,0.14699000,0.14899000,24186.79000000
1517274000,1517277599,0.14908000,0.15032000,0.14735000,0.14736000,34572.22000000
1517277600,1517281199,0.14795000,0.14801000,0.14702000,0.14757000,57723.58000000
1517281200,1517284799,0.14788000,0.14827000,0.14639000,0.14707000,29587.04000000
1517284800,1517288399,0.14651000,0.14704000,0.14150000,0.14446000,43351.07000000
1517288400,1517291999,0.14520000,0.14609000,0.14484000,0.14609000,22359.44000000
1517292000,1517295599,0.14606000,0.15102000,0.14454000,0.14887000,28291.45000000
1517295600,1517299199,0.14877000,0.15224000,0.14877000,0.15208000,20700.82000000
1517299200,1517302799,0.15208000,0.15350000,0.15161000,0.15350000,30371.55000000
1517302800,1517306399,0.15350000,0.15357000,0.14955000,0.15111000,25917.45000000
1517306400,1517309999,0.15222000,0.15244000,0.14989000,0.14993000,11843.66000000
1517310000,1517313599,0.15066000,0.15184000,0.15054000,0.15181000,47164.14000000
1517313600,1517317199,0.15181000,0.15485000,0.15180000,0.15393000,18975.39000000
1517317200,1517320799,0.15393000,0.15582000,0.15180000,0.15180000,26649.33000000
1517320800,1517324399,0.15180000,0.15359000,0.14989000,0.15205000,24817.64000000
1517324400,1517327999,0.15186000,0.15263000,0.14689000,0.15044000,33178.69000000
1517328000,1517331599,0.15048000,0.15178000,0.14911000,0.15000000,5768.66000000
1517331600,1517335199,0.14952000,0.15037000,0.14808000,0.14900000,3329.11000000
1517335200,1517338799,0.14950000,0.14950000,0.14642000,0.14840000,1146.35000000
1517338800,1517342399,0.14680000,0.14750000,0.14501000,0.14535000,5273.49000000
1517342400,1517345999,0.14553000,0.14750000,0.14553000,0.14580000,929.89000000
1517346000,1517349599,0.14666000,0.14750000,0.14581000,0.14750000,2178.51000000
1517349600,1517353199,0.14817000,0.14817000,0.14616000,0.14736000,761.23000000
1517353200,1517356799,0.14736000,0.14788000,0.14600000,0.14600000,69.29000000
1517356800,1517360399,0.14693000,0.14753000,0.14351000,0.14351000,5869.44000000
1517360400,1517363999,0.14352000,0.14608000,0.14170000,0.14440000,5124.52000000
1517364000,1517367599,0.14398000,0.15042000,0.14371000,0.14913000,41364.94000000
1517367600,1517371199,0.14948000,0.15043000,0.14579000,0.14612000,17488.22000000
1517371200,1517374799,0.14638000,0.14728000,0.14456000,0.14575000,25104.20000000
1517374800,1517378399,0.14578000,0.14582000,0.14444000,0.14582000,33809.02000000
1517378400,1517381999,0.14601000,0.15299000,0.14555000,0.15289000,20524.48000000
1517382000,1517385599,0.15200000,0.15500000,0.15181000,0.15452000,8659.64000000
1517385600,1517389199,0.15372000,0.15588000,0.15299000,0.15497000,15846.06000000
1517389200,1517392799,0.15544000,0.16114000,0.15482000,0.15501000,38253.59000000
1517392800,1517396399,0.15627000,0.15627000,0.15199000,0.15336000,13280.95000000
1517396400,1517399999,0.15505000,0.15512000,0.15269000,0.15276000,32374.44000000
1517400000,1517403599,0.15279000,0.15304000,0.15199000,0.15206000,49338.32000000
1517403600,1517407199,0.15206000,0.15333000,0.15206000,0.15333000,46046.06000000
1517407200,1517410799,0.15390000,0.15465000,0.15218000,0.15223000,24508.29000000
1517410800,1517414399,0.15282000,0.15404000,0.15200000,0.15200000,60580.99000000
1517414400,1517417999,0.15286000,0.15492000,0.15201000,0.15429000,41946.28000000
1517418000,1517421599,0.15464000,0.15687000,0.15400000,0.15400000,30334.09000000
1517421600,1517425199,0.15385000,0.15509000,0.15279000,0.15465000,66251.36000000
1517425200,1517428799,0.15465000,0.15468000,0.15342000,0.15342000,34808.75000000
1517428800,1517432399,0.15356000,0.15361000,0.15278000,0.15278000,28631.84000000
1517432400,1517435999,0.15278000,0.15356000,0.15163000,0.15163000,3232.55000000
1517436000,1517439599,0.15144000,0.15247000,0.15048000,0.15160000,19882.83000000
1517439600,1517443199,0.15160000,0.15243000,0.15047000,0.15053000,26650.16000000
1517443200,1517446799,0.15039000,0.15192000,0.15014000,0.15045000,26473.90000000
1517446800,1517450399,0.15086000,0.15253000,0.15085000,0.15206000,13572.10000000
1517450400,1517453999,0.15206000,0.15235000,0.15028000,0.15030000,20779.63000000
1517454000,1517457599,0.15130000,0.15185000,0.14824000,0.14901000,14158.00000000
1517457600,1517461199,0.15022000,0.15152000,0.14953000,0.15017000,22824.23000000
1517461200,1517464799,0.15085000,0.15167000,0.15017000,0.15097000,25334.30000000
1517464800,1517468399,0.15169000,0.15419000,0.15063000,0.15419000,12570.30000000
1517468400,1517471999,0.15228000,0.15416000,0.15228000,0.15354000,6644.77000000
1517472000,1517475599,0.15354000,0.16374000,0.15354000,0.15808000,18330.37000000
1517475600,1517479199,0.15809000,0.15893000,0.15583000,0.15706000,44694.73000000
1517479200,1517482799,0.15706000,0.15905000,0.15416000,0.15554000,27408.98000000
1517482800,1517486399,0.15534000,0.15534000,0.15293000,0.15483000,11046.66000000
1517486400,1517489999,0.15483000,0.15499000,0.15300000,0.15378000,53727.52000000
1517490000,1517493599,0.15358000,0.15587000,0.15187000,0.15339000,28322.43000000
1517493600,1517497199,0.15182000,0.15321000,0.15000000,0.15070000,23542.03000000
1517497200,1517500799,0.15069000,0.15149000,0.14900000,0.15072000,27056.79000000
1517500800,1517504399,0.15113000,0.15250000,0.14972000,0.15073000,12739.70000000
1517504400,1517507999,0.15138000,0.15276000,0.15057000,0.15130000,49421.78000000
1517508000,1517511599,0.15129000,0.15258000,0.15017000,0.15111000,19334.84000000
1517511600,1517515199,0.15115000,0.15615000,0.15062000,0.15068000,13936.97000000
1517515200,1517518799,0.15063000,0.15278000,0.14918000,0.15003000,16833.78000000
1517518800,1517522399,0.15021000,0.15346000,0.15021000,0.15120000,20772.85000000
1517522400,1517525999,0.15188000,0.15330000,0.15143000,0.15233000,2352.41000000
1517526000,1517529599,0.15328000,0.15328000,0.15159000,0.15176000,7679.50000000
1517529600,1517533199,0.15236000,0.15329000,0.14090000,0.14985000,30558.32000000
1517533200,1517536799,0.15156000,0.15286000,0.15080000,0.15183000,21539.87000000
1517536800,1517540399,0.15200000,0.15235000,0.14981000,0.14983000,36728.87000000
1517540400,1517543999,0.14981000,0.15030000,0.14743000,0.14869000,25177.94000000
1517544000,1517547599,0.15053000,0.15053000,0.14701000,0.14908000,16983.01000000
1517547600,1517551199,0.14907000,0.15053000,0.14655000,0.15053000,39927.85000000
1517551200,1517554799,0.15002000,0.15123000,0.14637000,0.14639000,16263.57000000
1517554800,1517558399,0.14637000,0.14707000,0.14000000,0.14105000,9377.59000000
1517558400,1517561999,0.14105000,0.14255000,0.13852000,0.14077000,8354.83000000
1517562000,1517565599,0.14048000,0.14075000,0.13823000,0.13849000,14300.72000000
1517565600,1517569199,0.13889000,0.14028000,0.13868000,0.13868000,38260.83000000
1517569200,1517572799,0.13952000,0.14015000,0.13630000,0.13630000,33035.43000000
1517572800,1517576399,0.13800000,0.14050000,0.13480000,0.14050000,27331.02000000
1517576400,1517579999,0.13855000,0.14217000,0.13442000,0.13636000,25673.66000000
1517580000,1517583599,0.13806000,0.14254000,0.13474000,0.13865000,20477.86000000
1517583600,1517587199,0.13865000,0.13866000,0.13500000,0.13500000,43615.32000000
1517587200,1517590799,0.13546000,0.13866000,0.12701000,0.12908000,16801.69000000
1517590800,1517594399,0.13050000,0.13429000,0.12908000,0.13415000,28483.83000000
1517594400,1517597999,0.13364000,0.13440000,0.13036000,0.13345000,12714.43000000
1517598000,1517601599,0.13440000,0.13619000,0.13000000,0.13210000,12081.29000000
1517601600,1517605199,0.13104000,0.13410000,0.13004000,0.13398000,16289.10000000
1517605200,1517608799,0.13259000,0.13829000,0.13248000,0.13809000,18710.23000000
1517608800,1517612399,0.13780000,0.13804000,0.13381000,0.13469000,20520.64000000
1517612400,1517615999,0.13471000,0.13646000,0.12695000,0.13518000,26675.33000000
1517616000,1517619599,0.13504000,0.13656000,0.13327000,0.13520000,28268.27000000
1517619600,1517623199,0.13579000,0.13685000,0.13541000,0.13610000,37196.21000000
1517623200,1517626799,0.13643000,0.13718000,0.13457000,0.13466000,7496.85000000
1517626800,1517630399,0.13564000,0.13684000,0.12720000,0.13508000,16891.16000000
1517630400,1517633999,0.13628000,0.13685000,0.13179000,0.13398000,10713.37000000
1517634000,1517637599,0.13468000,0.13623000,0.13367000,0.13432000,30006.20000000
1517637600,1517641199,0.13403000,0.13404000,0.13179000,0.13309000,28054.94000000
1517641200,1517644799,0.13307000,0.13493000,0.13138000,0.13421000,18060.71000000
1517644800,1517648399,0.13459000,0.13620000,0.13101000,0.13134000,29147.58000000
1517648400,1517651999,0.13350000,0.13456000,0.13221000,0.13456000,17251.66000000
1517652000,1517655599,0.13655000,0.13674000,0.13233000,0.13334000,35434.50000000
1517655600,1517659199,0.13381000,0.13694000,0.13333000,0.13402000,12570.06000000
1517659200,1517662799,0.13404000,0.13598000,0.13393000,0.13595000,28719.11000000
1517662800,1517666399,0.13538000,0.13920000,0.13538000,0.13838000,29517.59000000
1517666400,1517669999,0.13680000,0.13946000,0.13608000,0.13946000,24105.99000000
1517670000,1517673599,0.13945000,0.14058000,0.13832000,0.14009000,34399.36000000
1517673600,1517677199,0.14010000,0.14158000,0.13834000,0.13834000,26928.96000000
1517677200,1517680799,0.13890000,0.14118000,0.13777000,0.14118000,33517.47000000
1517680800,1517684399,0.14048000,0.14159000,0.13947000,0.13973000,36766.72000000
1517684400,1517687999,0.13965000,0.14114000,0.13965000,0.14023000,38144.97000000
1517688000,1517691599,0.14080000,0.14409000,0.14008000,0.14228000,14684.89000000
1517691600,1517695199,0.14230000,0.14355000,0.14144000,0.14354000,53688.96000000
1517695200,1517698799,0.14350000,0.14355000,0.14150000,0.14156000,21208.10000000
1517698800,1517702399,0.14230000,0.14352000,0.14163000,0.14228000,14974.04000000
1517702400,1517705999,0.14310000,0.14352000,0.14169000,0.14301000,14399.53000000
1517706000,1517709599,0.14300000,0.14300000,0.14201000,0.14300000,22168.45000000
1517709600,1517713199,0.14353000,0.14499000,0.14217000,0.14451000,48608.38000000
1517713200,1517716799,0.14452000,0.14697000,0.14395000,0.14611000,51521.55000000
1517716800,1517720399,0.14684000,0.14717000,0.14538000,0.14617000,28106.44000000
1517720400,1517723999,0.14618000,0.14791000,0.14589000,0.14645000,28245.93000000
1517724000,1517727599,0.14645000,0.14781000,0.14645000,0.14781000,47648.53000000
1517727600,1517731199,0.14780000,0.14894000,0.14712000,0.14887000,5931.58000000
1517731200,1517734799,0.14879000,0.14879000,0.14594000,0.14680000,21008.32000000
1517734800,1517738399,0.14723000,0.14884000,0.14242000,0.14396000,34196.15000000
1517738400,1517741999,0.14337000,0.14402000,0.14205000,0.14207000,31982.43000000
1517742000,1517745599,0.14230000,0.14356000,0.14206000,0.14324000,32529.29000000
1517745600,1517749199,0.14360000,0.14360000,0.14150000,0.14159000,55678.00000000
1517749200,1517752799,0.14299000,0.14463000,0.14253000,0.14429000,34863.45000000
1517752800,1517756399,0.14429000,0.14438000,0.14274000,0.14393000,38303.15000000
1517756400,1517759999,0.14395000,0.14395000,0.14151000,0.14307000,30566.66000000
1517760000,1517763599,0.14253000,0.14330000,0.14085000,0.14328000,12736.20000000
1517763600,1517767199,0.14329000,0.14336000,0.14060000,0.14060000,26395.31000000
1517767200,1517770799,0.14113000,0.14275000,0.14039000,0.14271000,52660.17000000
1517770800,1517774399,0.14189000,0.14299000,0.14025000,0.14180000,14699.31000000
1517774400,1517777999,0.14072000,0.14228000,0.13902000,0.14213000,23385.60000000
1517778000,1517781599,0.14213000,0.14237000,0.13957000,0.14060000,17564.92000000
1517781600,1517785199,0.14060000,0.14275000,0.14060000,0.14070000,29623.48000000
1517785200,1517788799,0.14070000,0.14166000,0.14000000,0.14025000,31702.83000000
1517788800,1517792399,0.14000000,0.14024000,0.13855000,0.13855000,49934.29000000
1517792400,1517795999,0.13876000,0.13944000,0.13853000,0.13854000,48383.69000000
1517796000,1517799599,0.13854000,0.13943000,0.13854000,0.13857000,24450.01000000
1517799600,1517803199,0.13857000,0.13999000,0.13854000,0.13956000,21020.01000000
1517803200,1517806799,0.14032000,0.14047000,0.13957000,0.13994000,6795.75000000
1517806800,1517810399,0.14027000,0.14099000,0.13961000,0.14095000,38046.53000000
1517810400,1517813999,0.14089000,0.14343000,0.14088000,0.14269000,17741.38000000
1517814000,1517817599,0.14351000,0.14353000,0.14099000,0.14181000,15110.13000000
1517817600,1517821199,0.14172000,0.14334000,0.13962000,0.14334000,29513.18000000
1517821200,1517824799,0.14320000,0.14440000,0.14278000,0.14421000,30673.58000000
1517824800,1517828399,0.14326000,0.14457000,0.14000000,0.14000000,9559.29000000
1517828400,1517831999,0.14043000,0.14134000,0.13841000,0.13841000,28665.77000000
1517832000,1517835599,0.13842000,0.13957000,0.13562000,0.13645000,18773.73000000
1517835600,1517839199,0.13587000,0.13899000,0.13587000,0.13824000,9881.54000000
1517839200,1517842799,0.13822000,0.14282000,0.13801000,0.14282000,30921.75000000
1517842800,1517846399,0.14282000,0.14425000,0.13854000,0.13854000,31605.37000000
1517846400,1517849999,0.13932000,0.14020000,0.13684000,0.13916000,16017.71000000
1517850000,1517853599,0.14110000,0.14390000,0.13900000,0.14390000,18795.07000000
1517853600,1517857199,0.14310000,0.14391000,0.13996000,0.14255000,14440.18000000
1517857200,1517860799,0.14203000,0.14389000,0.14169000,0.14324000,15440.49000000
1517860800,1517864399,0.14162000,0.14169000,0.13507000,0.13660000,35507.70000000
1517864400,1517867999,0.13541000,0.13734000,0.13189000,0.13189000,25785.51000000
1517868000,1517871599,0.13351000,0.13764000,0.13169000,0.13300000,26999.68000000
1517871600,1517875199,0.13588000,0.13762000,0.13364000,0.13446000,33531.03000000
1517875200,1517878799,0.13593000,0.14106000,0.13438000,0.14106000,11076.35000000
1517878800,1517882399,0.14050000,0.14164000,0.13870000,0.13962000,15425.53000000
1517882400,1517885999,0.13852000,0.13911000,0.13663000,0.13797000,12116.21000000
1517886000,1517889599,0.13796000,0.13936000,0.13506000,0.13773000,20184.84000000
1517889600,1517893199,0.13703000,0.13890000,0.13700000,0.13849000,31622.13000000
1517893200,1517896799,0.13730000,0.14000000,0.13505000,0.13625000,16749.26000000
1517896800,1517900399,0.13625000,0.13909000,0.13500000,0.13500000,6930.18000000
1517900400,1517903999,0.13278000,0.13507000,0.12423000,0.13057000,38891.44000000
1517904000,1517907599,0.13082000,0.13082000,0.12586000,0.12653000,6711.41000000
1517907600,1517911199,0.12842000,0.12869000,0.12530000,0.12725000,22074.27000000
1517911200,1517914799,0.12762000,0.12883000,0.12556000,0.12850000,23914.70000000
1517914800,1517918399,0.12806000,0.12950000,0.12580000,0.12863000,16611.41000000
1517918400,1517921999,0.12854000,0.13167000,0.12679000,0.13062000,15797.27000000
1517922000,1517925599,0.13201000,0.13283000,0.12624000,0.12811000,22368.57000000
1517925600,1517929199,0.12733000,0.12981000,0.12577000,0.12655000,25238.99000000
1517929200,1517932799,0.12587000,0.12847000,0.12263000,0.12672000,15766.43000000
1517932800,1517936399,0.12674000,0.12740000,0.12242000,0.12659000,15344.31000000
1517936400,1517939999,0.12582000,0.13059000,0.12582000,0.12973000,16475.21000000
1517940000,1517943599,0.13022000,0.13022000,0.12784000,0.12786000,24259.58000000
1517943600,1517947199,0.12720000,0.13036000,0.12126000,0.12532000,23271.15000000
1517947200,1517950799,0.12364000,0.13000000,0.12221000,0.12524000,6604.14000000
1517950800,1517954399,0.12427000,0.12818000,0.12427000,0.12816000,2151.85000000
1517954400,1517957999,0.12729000,0.13174000,0.12623000,0.12825000,4482.09000000
1517958000,1517961599,0.12642000,0.12852000,0.12404000,0.12660000,1844.18000000
1517961600,1517965199,0.12868000,0.13141000,0.12742000,0.13129000,3080.67000000
1517965200,1517968799,0.12943000,0.13070000,0.12929000,0.13044000,1511.63000000
1517968800,1517972399,0.12941000,0.13140000,0.12745000,0.13140000,23991.11000000
1517972400,1517975999,0.13118000,0.13140000,0.12839000,0.12844000,28251.51000000
1517976000,1517979599,0.12952000,0.13034000,0.12803000,0.12965000,23121.66000000
1517979600,1517983199,0.13052000,0.13077000,0.12778000,0.12778000,31475.82000000
1517983200,1517986799,0.12779000,0.13610000,0.12777000,0.13073000,22873.49000000
1517986800,1517990399,0.13084000,0.13210000,0.12807000,0.12807000,61293.96000000
1517990400,1517993999,0.12878000,0.13225000,0.12838000,0.12988000,38810.31000000
1517994000,1517997599,0.12988000,0.13854000,0.12880000,0.13741000,55091.23000000
1517997600,1518001199,0.13741000,0.13799000,0.13496000,0.13712000,28949.74000000
1518001200,1518004799,0.13634000,0.14000000,0.13498000,0.13792000,49144.20000000
1518004800,1518008399,0.13694000,0.13954000,0.13470000,0.13470000,32031.77000000
1518008400,1518011999,0.13465000,0.13564000,0.12960000,0.13297000,27163.77000000
1518012000,1518015599,0.13297000,0.13593000,0.12959000,0.13033000,38953.95000000
1518015600,1518019199,0.13005000,0.13175000,0.12927000,0.13049000,34881.14000000
1518019200,1518022799,0.13036000,0.13198000,0.12966000,0.12992000,36761.19000000
1518022800,1518026399,0.12994000,0.13093000,0.12752000,0.12965000,37874.30000000
1518026400,1518029999,0.12931000,0.13404000,0.12855000,0.13233000,26132.34000000
1518030000,1518033599,0.13284000,0.13543000,0.13227000,0.13494000,30775.54000000
1518033600,1518037199,0.13441000,0.13495000,0.13226000,0.13254000,39347.57000000
1518037200,1518040799,0.13252000,0.13471000,0.13152000,0.13153000,38573.61000000
1518040800,1518044399,0.13181000,0.13332000,0.13174000,0.13234000,16208.42000000
1518044400,1518047999,0.13234000,0.13341000,0.13028000,0.13075000,54876.35000000
1518048000,1518049696,0.13073000,0.13215000,0.13073000,0.13133000,25093.43000000
1518168496,1518172096,0.13134000,0.13134000,0.12443000,0.12749000,12190.25000000
1518172096,1518175696,0.12834000,0.13305000,0.12757000,0.13025000,50275.50000000
1518175696,1518179296,0.13173000,0.13233000,0.13050000,0.13128000,24039.87000000
1518179296,1518182896,0.13207000,0.13207000,0.12954000,0.13032000,38659.44000000
1518182896,1518186496,0.13033000,0.13094000,0.12267000,0.12671000,29687.72000000
1518186496,1518190096,0.12671000,0.12704000,0.11968000,0.12417000,37393.75000000
1518190096,1518193696,0.12415000,0.12450000,0.12100000,0.12450000,35755.03000000
1518193696,1518197296,0.12449000,0.12450000,0.12294000,0.12294000,93925.54000000
1518197296,1518200896,0.12378000,0.12509000,0.12308000,0.12507000,55557.73000000
1518200896,1518204496,0.12508000,0.12638000,0.12444000,0.12606000,59487.50000000
1518204496,1518208096,0.12536000,0.12607000,0.12362000,0.12490000,39019.91000000
1518208096,1518211696,0.12484000,0.12664000,0.12432000,0.12524000,32047.68000000
1518211696,1518215296,0.12636000,0.12768000,0.12557000,0.12664000,31019.23000000
1518215296,1518218896,0.12689000,0.12748000,0.12379000,0.12399000,43999.71000000
1518218896,1518222496,0.12461000,0.12498000,0.12309000,0.12309000,63923.45000000
1518222496,1518226096,0.12342000,0.12791000,0.12303000,0.12423000,44874.53000000
1518226096,1518229696,0.12422000,0.12493000,0.12162000,0.12259000,44309.52000000
1518229696,1518233296,0.12294000,0.12814000,0.12200000,0.12376000,41004.26000000
1518233296,1518236896,0.12375000,0.12791000,0.12328000,0.12576000,23412.94000000
1518236896,1518240496,0.12578000,0.13450000,0.12577000,0.13450000,39180.96000000
1518240496,1518244096,0.13448000,0.13794000,0.13297000,0.13563000,26311.88000000
1518244096,1518247696,0.13613000,0.13899000,0.13367000,0.13824000,40680.68000000
1518247696,1518251296,0.13692000,0.13818000,0.13381000,0.13381000,50744.47000000
1518251296,1518254896,0.13604000,0.13604000,0.13167000,0.13583000,28043.16000000
1518254896,1518258496,0.13470000,0.13654000,0.13286000,0.13433000,64965.44000000
1518258496,1518262096,0.13504000,0.13800000,0.13436000,0.13536000,60117.77000000
1518262096,1518265696,0.13639000,0.14870000,0.13353000,0.14403000,75564.54000000
1518265696,1518269296,0.14403000,0.14460000,0.13547000,0.13750000,56223.54000000
1518269296,1518272896,0.13724000,0.14074000,0.13569000,0.13804000,42448.20000000
1518272896,1518276496,0.13860000,0.13921000,0.13435000,0.13510000,45939.14000000
1518276496,1518280096,0.13438000,0.13982000,0.13373000,0.13799000,58255.61000000
1518280096,1518283696,0.13887000,0.13985000,0.13666000,0.13858000,38738.37000000
1518283696,1518287296,0.13865000,0.14499000,0.13792000,0.14198000,48704.98000000
1518287296,1518290896,0.14059000,0.14442000,0.14054000,0.14279000,54441.87000000
1518290896,1518294496,0.14281000,0.15987000,0.14281000,0.14526000,48839.16000000
1518294496,1518298096,0.14622000,0.15073000,0.14269000,0.14698000,50411.45000000
1518298096,1518301696,0.14769000,0.15610000,0.14332000,0.14508000,48438.90000000
1518301696,1518305296,0.14630000,0.15350000,0.14549000,0.14840000,50456.65000000
1518305296,1518308896,0.15005000,0.17110000,0.14848000,0.15500000,55239.68000000
1518308896,1518312496,0.15677000,0.16475000,0.15675000,0.16027000,50778.45000000
1518312496,1518316096,0.16193000,0.16344000,0.14941000,0.15040000,50533.07000000
1518316096,1518319696,0.15002000,0.15597000,0.14849000,0.15148000,40729.54000000
1518319696,1518321600,0.15148000,0.15184000,0.14696000,0.14722000,27700.45000000
1518321600,1518325199,0.14778000,0.14884000,0.14503000,0.14866000,25473.57000000
1518325200,1518328799,0.14875000,0.14884000,0.14368000,0.14368000,47676.88000000
1518328800,1518332399,0.14368000,0.14546000,0.14092000,0.14469000,74304.42000000
1518332400,1518335999,0.14469000,0.14469000,0.14242000,0.14449000,67583.20000000
1518336000,1518339599,0.14447000,0.14581000,0.14351000,0.14353000,58319.82000000
1518339600,1518343199,0.14353000,0.14485000,0.14000000,0.14000000,52500.84000000
1518343200,1518346799,0.14052000,0.14092000,0.13864000,0.13887000,69784.44000000
1518346800,1518350399,0.13888000,0.13965000,0.13728000,0.13767000,53722.43000000
1518350400,1518353999,0.13767000,0.13975000,0.13617000,0.13975000,59613.84000000
1518354000,1518357599,0.13873000,0.14300000,0.13771000,0.14115000,66761.74000000
1518357600,1518361199,0.14166000,0.14296000,0.13789000,0.13902000,61007.21000000
1518361200,1518364799,0.14022000,0.14400000,0.13900000,0.14189000,56811.03000000
1518364800,1518368399,0.14189000,0.14303000,0.13827000,0.13884000,60191.71000000
1518368400,1518371999,0.13884000,0.14219000,0.13884000,0.14111000,50931.52000000
1518372000,1518375599,0.14155000,0.14218000,0.14000000,0.14218000,75104.51000000
1518375600,1518379199,0.14217000,0.14240000,0.14002000,0.14240000,61980.87000000
1518379200,1518382799,0.14239000,0.14300000,0.14097000,0.14197000,65267.78000000
1518382800,1518386399,0.14197000,0.14270000,0.14098000,0.14152000,87894.72000000
1518386400,1518389999,0.14150000,0.14350000,0.13900000,0.13900000,79902.18000000
1518390000,1518393599,0.13900000,0.14118000,0.13827000,0.14088000,58761.74000000
1518393600,1518397199,0.14088000,0.14190000,0.14000000,0.14134000,66170.19000000
1518397200,1518400799,0.14060000,0.14280000,0.14056000,0.14280000,48581.63000000
1518400800,1518404399,0.14135000,0.14170000,0.14006000,0.14009000,60286.91000000
1518404400,1518407999,0.14007000,0.14102000,0.13842000,0.14002000,38337.24000000
1518408000,1518411599,0.13945000,0.14005000,0.13858000,0.13861000,52830.25000000
1518411600,1518415199,0.13861000,0.13944000,0.13767000,0.13769000,54490.92000000
1518415200,1518418799,0.13857000,0.13900000,0.13788000,0.13860000,58861.86000000
1518418800,1518422399,0.13860000,0.13922000,0.13800000,0.13809000,91591.71000000
1518422400,1518425999,0.13811000,0.14000000,0.13767000,0.13928000,49982.43000000
1518426000,1518429599,0.13971000,0.14109000,0.13816000,0.14107000,49557.33000000
1518429600,1518433199,0.14109000,0.14109000,0.13908000,0.14062000,35598.65000000
1518433200,1518436799,0.14070000,0.14076000,0.13905000,0.13907000,52029.10000000
1518436800,1518440399,0.13906000,0.13967000,0.13796000,0.13952000,67201.21000000
1518440400,1518443999,0.13887000,0.13956000,0.13805000,0.13938000,38566.27000000
1518444000,1518447599,0.13807000,0.13967000,0.13767000,0.13823000,42312.14000000
1518447600,1518451199,0.13897000,0.13960000,0.13789000,0.13802000,52554.20000000
1518451200,1518454799,0.13805000,0.13966000,0.13796000,0.13854000,41075.07000000
1518454800,1518458399,0.13902000,0.14092000,0.13833000,0.14017000,52167.90000000
1518458400,1518461999,0.14059000,0.14080000,0.13928000,0.13959000,71631.54000000
1518462000,1518465599,0.13961000,0.14108000,0.13955000,0.13957000,54914.01000000
1518465600,1518469199,0.13956000,0.14081000,0.13901000,0.13952000,70728.74000000
1518469200,1518472799,0.14001000,0.14081000,0.13909000,0.13952000,66039.92000000
1518472800,1518476399,0.13954000,0.14053000,0.13881000,0.14036000,56188.20000000
1518476400,1518479999,0.13937000,0.14081000,0.13910000,0.13913000,51474.40000000
1518480000,1518483599,0.13916000,0.14049000,0.13912000,0.13992000,46890.28000000
1518483600,1518487199,0.13994000,0.14070000,0.13800000,0.13801000,29224.59000000
1518487200,1518490799,0.13801000,0.13882000,0.13510000,0.13643000,53701.36000000
1518490800,1518494399,0.13702000,0.13761000,0.13629000,0.13699000,73891.61000000
1518494400,1518497999,0.13701000,0.13760000,0.13581000,0.13582000,47600.44000000
1518498000,1518501599,0.13581000,0.13690000,0.13581000,0.13622000,56462.20000000
1518501600,1518505199,0.13582000,0.13689000,0.13550000,0.13662000,29190.56000000
1518505200,1518508799,0.13688000,0.13698000,0.13561000,0.13690000,78482.05000000
1518508800,1518512399,0.13697000,0.13900000,0.13631000,0.13754000,45482.20000000
1518512400,1518515999,0.13821000,0.13895000,0.13754000,0.13879000,19821.95000000
1518516000,1518519599,0.13879000,0.13923000,0.13693000,0.13791000,45533.04000000
1518519600,1518523199,0.13817000,0.13840000,0.13704000,0.13709000,56630.39000000
1518523200,1518526799,0.13706000,0.13805000,0.13551000,0.13646000,41193.34000000
1518526800,1518530399,0.13606000,0.13644000,0.13468000,0.13587000,56554.87000000
1518530400,1518533999,0.13470000,0.13578000,0.13422000,0.13497000,80607.77000000
1518534000,1518537599,0.13460000,0.13500000,0.13378000,0.13421000,74845.26000000
1518537600,1518541199,0.13458000,0.13686000,0.13421000,0.13491000,56270.08000000
1518541200,1518544799,0.13492000,0.13700000,0.13491000,0.13613000,63479.05000000
1518544800,1518548399,0.13668000,0.13683000,0.13574000,0.13604000,59567.88000000
1518548400,1518551999,0.13651000,0.13654000,0.13499000,0.13589000,56994.21000000
1518552000,1518555599,0.13668000,0.13766000,0.13491000,0.13491000,45984.58000000
1518555600,1518559199,0.13622000,0.13810000,0.13620000,0.13807000,41252.33000000
1518559200,1518562799,0.13752000,0.13808000,0.13585000,0.13760000,70288.84000000
1518562800,1518566399,0.13666000,0.13731000,0.13490000,0.13580000,76026.78000000
1518566400,1518569999,0.13583000,0.13654000,0.13495000,0.13644000,26401.37000000
1518570000,1518573599,0.13644000,0.13712000,0.13604000,0.13711000,71358.49000000
1518573600,1518577199,0.13711000,0.13762000,0.13516000,0.13529000,51328.72000000
1518577200,1518580799,0.13586000,0.13654000,0.13539000,0.13613000,35960.08000000
1518580800,1518584399,0.13611000,0.13612000,0.13498000,0.13522000,59519.88000000
1518584400,1518587999,0.13556000,0.13589000,0.13501000,0.13547000,68754.94000000
1518588000,1518591599,0.13500000,0.13578000,0.13463000,0.13556000,58488.33000000
1518591600,1518595199,0.13520000,0.13587000,0.13386000,0.13477000,59479.96000000
1518595200,1518598799,0.13505000,0.14079000,0.13400000,0.14048000,53509.63000000
1518598800,1518602399,0.13976000,0.14108000,0.13817000,0.14014000,42136.08000000
1518602400,1518605999,0.13943000,0.14172000,0.13864000,0.14133000,37394.73000000
1518606000,1518609599,0.14177000,0.14258000,0.14000000,0.14051000,46136.50000000
1518609600,1518613199,0.14099000,0.14279000,0.14035000,0.14212000,30724.28000000
1518613200,1518616799,0.14209000,0.14472000,0.14052000,0.14317000,73054.24000000
1518616800,1518620399,0.14292000,0.14388000,0.14148000,0.14259000,73835.59000000
1518620400,1518623999,0.14258000,0.14495000,0.14114000,0.14258000,66268.69000000
1518624000,1518627599,0.14207000,0.14531000,0.14000000,0.14129000,82934.65000000
1518627600,1518631199,0.14129000,0.14129000,0.13726000,0.13730000,56266.52000000
1518631200,1518634799,0.13729000,0.13925000,0.13500000,0.13506000,40486.32000000
1518634800,1518638399,0.13556000,0.13699000,0.13371000,0.13591000,52112.26000000
1518638400,1518641999,0.13599000,0.13698000,0.13462000,0.13613000,75779.86000000
1518642000,1518645599,0.13613000,0.13628000,0.13432000,0.13437000,54811.16000000
1518645600,1518649199,0.13423000,0.13625000,0.13423000,0.13506000,55646.17000000
1518649200,1518652799,0.13508000,0.13547000,0.12801000,0.13197000,43939.68000000
1518652800,1518656399,0.13137000,0.13400000,0.13004000,0.13306000,37159.70000000
1518656400,1518659999,0.13258000,0.13319000,0.12801000,0.13208000,42303.61000000
1518660000,1518663599,0.13217000,0.13233000,0.12800000,0.12918000,50557.31000000
1518663600,1518667199,0.12890000,0.12987000,0.12801000,0.12820000,37336.41000000
1518667200,1518670799,0.12890000,0.13000000,0.12803000,0.12999000,20196.37000000
1518670800,1518674399,0.12954000,0.13103000,0.12793000,0.12948000,63557.99000000
1518674400,1518677999,0.12949000,0.13060000,0.12770000,0.12771000,61121.36000000
1518678000,1518681599,0.12896000,0.12928000,0.12616000,0.12625000,45235.37000000
1518681600,1518685199,0.12603000,0.12623000,0.12207000,0.12330000,51076.76000000
1518685200,1518688799,0.12383000,0.12599000,0.12305000,0.12509000,56647.51000000
1518688800,1518692399,0.12588000,0.12822000,0.12228000,0.12338000,40539.64000000
1518692400,1518695999,0.12338000,0.12728000,0.12170000,0.12570000,44459.98000000
1518696000,1518699599,0.12572000,0.12727000,0.12485000,0.12637000,48869.55000000
1518699600,1518703199,0.12639000,0.12875000,0.12609000,0.12833000,46313.26000000
1518703200,1518706799,0.12876000,0.12937000,0.12653000,0.12772000,61936.03000000
1518706800,1518710399,0.12771000,0.12999000,0.12671000,0.12940000,62161.52000000
1518710400,1518713999,0.12939000,0.13205000,0.12899000,0.13053000,64532.40000000
1518714000,1518717599,0.13197000,0.13200000,0.12992000,0.13005000,61803.32000000
1518717600,1518721199,0.13003000,0.13122000,0.12727000,0.12914000,72466.05000000
1518721200,1518724799,0.12914000,0.13122000,0.12849000,0.12968000,35833.05000000
1518724800,1518728399,0.12968000,0.13058000,0.12829000,0.13057000,54822.73000000
1518728400,1518731999,0.13079000,0.13100000,0.12746000,0.12868000,48041.05000000
1518732000,1518735599,0.13006000,0.13044000,0.12765000,0.12868000,69126.20000000
1518735600,1518739199,0.12817000,0.12983000,0.12764000,0.12787000,59203.15000000
1518739200,1518742799,0.12884000,0.13044000,0.12790000,0.12924000,36643.16000000
1518742800,1518746399,0.12833000,0.13144000,0.12833000,0.13143000,36450.64000000
1518746400,1518749999,0.13134000,0.13200000,0.12950000,0.12950000,36943.52000000
1518750000,1518753599,0.13025000,0.13191000,0.12911000,0.13191000,54085.81000000
1518753600,1518757199,0.13053000,0.13160000,0.12915000,0.12951000,30119.67000000
1518757200,1518760799,0.12922000,0.13053000,0.12904000,0.12905000,25508.46000000
1518760800,1518764399,0.12989000,0.12992000,0.12629000,0.12805000,25595.41000000
1518764400,1518767999,0.12869000,0.12967000,0.12659000,0.12967000,29699.60000000
1518768000,1518771599,0.12859000,0.12985000,0.12749000,0.12754000,35265.70000000
1518771600,1518775199,0.12756000,0.12829000,0.12688000,0.12688000,70963.30000000
1518775200,1518778799,0.12686000,0.12848000,0.12677000,0.12745000,32811.10000000
1518778800,1518782399,0.12745000,0.12902000,0.12666000,0.12721000,25979.25000000
1518782400,1518785999,0.12779000,0.12853000,0.12700000,0.12709000,55887.97000000
1518786000,1518789599,0.12710000,0.12746000,0.12611000,0.12611000,43122.61000000
1518789600,1518793199,0.12692000,0.12730000,0.12484000,0.12694000,24269.03000000
1518793200,1518796799,0.12643000,0.12851000,0.12643000,0.12785000,67991.35000000
1518796800,1518800399,0.12849000,0.13133000,0.12784000,0.13004000,62984.76000000
1518800400,1518803999,0.13063000,0.13132000,0.12968000,0.13003000,66572.31000000
1518804000,1518807599,0.13005000,0.13098000,0.13003000,0.13052000,58887.71000000
1518807600,1518811199,0.13031000,0.13219000,0.13008000,0.13131000,41135.34000000
1518811200,1518814799,0.13010000,0.13450000,0.13006000,0.13336000,65795.54000000
1518814800,1518818399,0.13335000,0.13449000,0.13186000,0.13186000,75155.89000000
1518818400,1518821999,0.13255000,0.13440000,0.13103000,0.13401000,66294.26000000
1518822000,1518825599,0.13368000,0.13400000,0.13059000,0.13059000,82810.42000000
1518825600,1518829199,0.13016000,0.13270000,0.12977000,0.12977000,49816.87000000
1518829200,1518832799,0.13041000,0.13055000,0.12738000,0.12880000,42769.98000000
1518832800,1518836399,0.12784000,0.12992000,0.12689000,0.12915000,40770.41000000
1518836400,1518839999,0.12898000,0.12899000,0.12751000,0.12852000,54087.31000000
1518840000,1518843599,0.12798000,0.12878000,0.12604000,0.12604000,18499.12000000
1518843600,1518847199,0.12604000,0.12799000,0.12553000,0.12753000,53367.14000000
1518847200,1518850799,0.12750000,0.12789000,0.12626000,0.12789000,47920.00000000
1518850800,1518854399,0.12787000,0.12788000,0.12561000,0.12690000,35677.17000000
1518854400,1518857999,0.12702000,0.12800000,0.12604000,0.12786000,51160.67000000
1518858000,1518861599,0.12768000,0.12936000,0.12672000,0.12726000,48974.21000000
1518861600,1518865199,0.12808000,0.12808000,0.12535000,0.12673000,41588.94000000
1518865200,1518868799,0.12673000,0.12917000,0.12597000,0.12785000,27358.18000000
1518868800,1518872399,0.12870000,0.13007000,0.12806000,0.13002000,17522.07000000
1518872400,1518875999,0.13002000,0.13135000,0.13000000,0.13089000,63020.94000000
1518876000,1518879599,0.13089000,0.13398000,0.13089000,0.13328000,78539.34000000
1518879600,1518883199,0.13291000,0.13328000,0.13000000,0.13065000,59235.04000000
1518883200,1518886799,0.13051000,0.13180000,0.13000000,0.13047000,53054.41000000
1518886800,1518890399,0.13046000,0.13140000,0.12878000,0.12949000,68599.07000000
1518890400,1518893999,0.12994000,0.13012000,0.12877000,0.12978000,56637.98000000
1518894000,1518897599,0.12994000,0.13099000,0.12877000,0.13099000,74896.50000000
1518897600,1518901199,0.13090000,0.13280000,0.13000000,0.13237000,52586.73000000
1518901200,1518904799,0.13239000,0.13320000,0.13189000,0.13214000,57911.32000000
1518904800,1518908399,0.13232000,0.13360000,0.13106000,0.13328000,61751.45000000
1518908400,1518911999,0.13356000,0.13420000,0.13099000,0.13237000,54381.50000000
1518912000,1518915599,0.13234000,0.13269000,0.13024000,0.13171000,38213.91000000
1518915600,1518919199,0.13257000,0.13281000,0.13078000,0.13218000,43601.52000000
1518919200,1518922799,0.13281000,0.13347000,0.13137000,0.13137000,42810.97000000
1518922800,1518926399,0.13165000,0.13207000,0.12938000,0.13170000,51077.30000000
1518926400,1518929999,0.13170000,0.13170000,0.13006000,0.13122000,50750.39000000
1518930000,1518933599,0.13102000,0.13169000,0.13014000,0.13047000,40088.35000000
1518933600,1518937199,0.13017000,0.13057000,0.12623000,0.12945000,45745.65000000
1518937200,1518940799,0.12945000,0.12984000,0.12700000,0.12763000,37521.25000000
1518940800,1518944399,0.12730000,0.12896000,0.12706000,0.12752000,46282.99000000
1518944400,1518947999,0.12776000,0.13204000,0.12555000,0.12680000,51266.52000000
1518948000,1518951599,0.12753000,0.12981000,0.12666000,0.12890000,45375.45000000
1518951600,1518955199,0.12879000,0.12938000,0.12799000,0.12826000,46439.57000000
1518955200,1518958799,0.12826000,0.13000000,0.12825000,0.12903000,46271.00000000
1518958800,1518962399,0.12982000,0.13184000,0.12935000,0.13037000,22907.44000000
1518962400,1518965999,0.13089000,0.13164000,0.12949000,0.12949000,41982.19000000
1518966000,1518969599,0.12949000,0.13099000,0.12934000,0.13084000,49456.42000000
1518969600,1518973199,0.13035000,0.13231000,0.12996000,0.13135000,66480.17000000
1518973200,1518976799,0.13142000,0.13222000,0.13085000,0.13191000,44548.44000000
1518976800,1518980399,0.13136000,0.13221000,0.13101000,0.13120000,54011.97000000
1518980400,1518983999,0.13123000,0.13181000,0.13102000,0.13103000,58614.28000000
1518984000,1518987599,0.13104000,0.13150000,0.12895000,0.12978000,69182.51000000
1518987600,1518991199,0.12969000,0.13025000,0.12922000,0.13013000,68917.39000000
1518991200,1518994799,0.12956000,0.13025000,0.12880000,0.12984000,55098.64000000
1518994800,1518998399,0.12983000,0.12998000,0.12816000,0.12922000,82848.79000000
1518998400,1519001999,0.12922000,0.12922000,0.12721000,0.12742000,72472.17000000
1519002000,1519005599,0.12742000,0.12856000,0.12721000,0.12855000,55063.23000000
1519005600,1519009199,0.12802000,0.12949000,0.12802000,0.12892000,49824.81000000
1519009200,1519012799,0.12891000,0.12949000,0.12857000,0.12949000,31088.32000000
1519012800,1519016399,0.12904000,0.13025000,0.12897000,0.13019000,45788.35000000
1519016400,1519019999,0.13019000,0.13103000,0.12953000,0.13103000,57526.47000000
1519020000,1519023599,0.13103000,0.13339000,0.12955000,0.13339000,54562.22000000
1519023600,1519027199,0.13300000,0.13900000,0.13300000,0.13890000,64614.56000000
1519027200,1519030799,0.13889000,0.13995000,0.13726000,0.13887000,46951.62000000
1519030800,1519034399,0.13881000,0.13954000,0.13647000,0.13770000,52788.58000000
1519034400,1519037999,0.13771000,0.14315000,0.13731000,0.13967000,49018.05000000
1519038000,1519041599,0.13911000,0.14500000,0.13850000,0.14331000,46041.31000000
1519041600,1519045199,0.14323000,0.14518000,0.14032000,0.14073000,50306.71000000
1519045200,1519048799,0.14162000,0.14989000,0.13997000,0.14548000,49420.20000000
1519048800,1519052399,0.14549000,0.15199000,0.14327000,0.15115000,35325.96000000
1519052400,1519055999,0.15111000,0.15844000,0.14867000,0.15384000,44764.12000000
1519056000,1519059599,0.15385000,0.15901000,0.14859000,0.15288000,43577.84000000
1519059600,1519063199,0.15248000,0.16636000,0.15226000,0.15652000,65047.58000000
1519063200,1519066799,0.15878000,0.16400000,0.15644000,0.15859000,48232.04000000
1519066800,1519070399,0.15895000,0.16055000,0.15560000,0.15674000,41180.58000000
1519070400,1519073999,0.15672000,0.15766000,0.15405000,0.15629000,67058.94000000
1519074000,1519077599,0.15582000,0.15938000,0.15300000,0.15377000,33868.49000000
1519077600,1519081199,0.15435000,0.15526000,0.15368000,0.15375000,3015.96000000
1519081200,1519084799,0.15381000,0.17340000,0.15370000,0.17010000,46546.52000000
1519084800,1519088399,0.17086000,0.17349000,0.16221000,0.16420000,27954.29000000
1519088400,1519091999,0.16526000,0.17077000,0.16217000,0.16450000,31858.49000000
1519092000,1519095599,0.16441000,0.16872000,0.16130000,0.16872000,13967.58000000
1519095600,1519099199,0.16872000,0.17685000,0.16799000,0.17667000,26030.31000000
1519099200,1519102799,0.17667000,0.17791000,0.17171000,0.17187000,19693.41000000
1519102800,1519106399,0.17187000,0.17699000,0.16915000,0.17127000,12330.56000000
1519106400,1519109999,0.17127000,0.17292000,0.16539000,0.16697000,19706.24000000
1519110000,1519113599,0.16622000,0.16740000,0.16374000,0.16374000,28644.80000000
1519113600,1519117199,0.16374000,0.16374000,0.15861000,0.15861000,15357.85000000
1519117200,1519120799,0.15929000,0.16500000,0.15851000,0.16252000,11802.95000000
1519120800,1519124399,0.16252000,0.16413000,0.15635000,0.15635000,8247.01000000
1519124400,1519127999,0.15635000,0.16292000,0.15586000,0.16015000,12123.94000000
1519128000,1519131599,0.16011000,0.16049000,0.15586000,0.15887000,8902.73000000
1519131600,1519135199,0.15887000,0.16571000,0.15815000,0.16550000,60236.22000000
1519135200,1519138799,0.16555000,0.17187000,0.16346000,0.17040000,58788.51000000
1519138800,1519142399,0.17039000,0.17296000,0.16400000,0.16535000,60121.46000000
1519142400,1519145999,0.16478000,0.16533000,0.15820000,0.15820000,61749.30000000
1519146000,1519149599,0.15813000,0.15888000,0.15660000,0.15778000,41867.69000000
1519149600,1519153199,0.15679000,0.15778000,0.15372000,0.15717000,51803.38000000
1519153200,1519156799,0.15748000,0.15928000,0.15369000,0.15526000,74603.37000000
1519156800,1519160399,0.15501000,0.16088000,0.15501000,0.15719000,43211.88000000
1519160400,1519163999,0.15719000,0.16080000,0.15503000,0.15975000,42378.57000000
1519164000,1519167599,0.16011000,0.16206000,0.15792000,0.15966000,65588.32000000
1519167600,1519171199,0.15965000,0.16288000,0.15876000,0.16012000,65723.20000000
1519171200,1519174799,0.16009000,0.16050000,0.15232000,0.15747000,53246.24000000
1519174800,1519178399,0.15827000,0.15827000,0.15355000,0.15355000,49896.78000000
1519178400,1519181999,0.15343000,0.15767000,0.15257000,0.15626000,48480.65000000
1519182000,1519185599,0.15621000,0.15737000,0.15396000,0.15659000,53347.18000000
1519185600,1519189199,0.15703000,0.15827000,0.15515000,0.15618000,35700.96000000
1519189200,1519192799,0.15615000,0.15616000,0.15390000,0.15459000,36075.03000000
1519192800,1519196399,0.15459000,0.15669000,0.15390000,0.15635000,43275.31000000
1519196400,1519199999,0.15612000,0.15836000,0.15612000,0.15830000,49444.83000000
1519200000,1519203599,0.15830000,0.16130000,0.15792000,0.16073000,56653.42000000
1519203600,1519207199,0.16075000,0.16788000,0.16061000,0.16788000,50339.67000000
1519207200,1519210799,0.16786000,0.16788000,0.16032000,0.16069000,66358.17000000
1519210800,1519214399,0.16080000,0.16087000,0.15871000,0.15999000,37721.36000000
1519214400,1519217999,0.15999000,0.16126000,0.15929000,0.16047000,64053.38000000
1519218000,1519221599,0.16030000,0.16048000,0.15810000,0.15884000,65234.21000000
1519221600,1519225199,0.15812000,0.15885000,0.15422000,0.15607000,33933.46000000
1519225200,1519228799,0.15588000,0.16054000,0.15588000,0.15763000,60235.98000000
1519228800,1519232399,0.15787000,0.15812000,0.15587000,0.15590000,43758.63000000
1519232400,1519235999,0.15661000,0.15831000,0.15602000,0.15760000,28720.38000000
1519236000,1519239599,0.15826000,0.15850000,0.15720000,0.15801000,58421.92000000
1519239600,1519243199,0.15801000,0.15847000,0.15589000,0.15600000,60967.34000000
1519243200,1519246799,0.15652000,0.15714000,0.15491000,0.15618000,64938.60000000
1519246800,1519250399,0.15576000,0.15694000,0.15492000,0.15534000,48699.31000000
1519250400,1519253999,0.15538000,0.15624000,0.15401000,0.15522000,50609.81000000
1519254000,1519257599,0.15519000,0.15623000,0.15337000,0.15337000,57157.56000000
1519257600,1519261199,0.15509000,0.15766000,0.15370000,0.15728000,55730.79000000
1519261200,1519264799,0.15534000,0.15682000,0.15462000,0.15551000,50814.13000000
1519264800,1519268399,0.15547000,0.15692000,0.15392000,0.15664000,55161.07000000
1519268400,1519271999,0.15551000,0.15946000,0.15551000,0.15791000,57647.97000000
1519272000,1519275599,0.15850000,0.15949000,0.15607000,0.15776000,33428.23000000
1519275600,1519279199,0.15727000,0.15949000,0.15679000,0.15705000,67273.35000000
1519279200,1519282799,0.15736000,0.15823000,0.15600000,0.15753000,40910.74000000
1519282800,1519286399,0.15706000,0.15753000,0.15569000,0.15602000,47058.57000000
1519286400,1519289999,0.15707000,0.15734000,0.15401000,0.15401000,46816.25000000
1519290000,1519293599,0.15449000,0.15599000,0.15402000,0.15568000,50152.49000000
1519293600,1519297199,0.15409000,0.15530000,0.15352000,0.15356000,41592.85000000
1519297200,1519300799,0.15440000,0.15489000,0.15301000,0.15406000,75826.86000000
1519300800,1519304399,0.15485000,0.15551000,0.15137000,0.15137000,57708.39000000
1519304400,1519307999,0.15288000,0.15400000,0.15121000,0.15296000,38518.83000000
1519308000,1519311599,0.15163000,0.15452000,0.15163000,0.15178000,50053.07000000
1519311600,1519315199,0.15176000,0.15252000,0.15095000,0.15097000,57653.96000000
1519315200,1519318799,0.15097000,0.15252000,0.14945000,0.14949000,57890.79000000
1519318800,1519322399,0.15112000,0.15112000,0.14817000,0.15055000,45478.02000000
1519322400,1519325999,0.15056000,0.15058000,0.14578000,0.14772000,51361.32000000
1519326000,1519329599,0.14974000,0.15055000,0.14792000,0.14794000,63550.87000000
1519329600,1519333199,0.14797000,0.15000000,0.14754000,0.14871000,42439.55000000
1519333200,1519336799,0.14864000,0.15121000,0.14854000,0.15110000,26926.35000000
1519336800,1519340399,0.15038000,0.15129000,0.14952000,0.15129000,54746.09000000
1519340400,1519343999,0.15084000,0.15129000,0.14887000,0.15035000,53184.68000000
1519344000,1519347599,0.15037000,0.15113000,0.14500000,0.14644000,58851.80000000
1519347600,1519351199,0.14735000,0.14953000,0.14631000,0.14953000,21429.36000000
1519351200,1519354799,0.14821000,0.14994000,0.14780000,0.14799000,36795.99000000
1519354800,1519358399,0.14802000,0.14887000,0.14728000,0.14741000,69560.44000000
1519358400,1519361999,0.14737000,0.14955000,0.14667000,0.14847000,37334.98000000
1519362000,1519365599,0.14904000,0.15109000,0.14805000,0.14968000,29003.08000000
1519365600,1519369199,0.14989000,0.15298000,0.14671000,0.15298000,45607.09000000
1519369200,1519372799,0.15298000,0.15504000,0.15145000,0.15314000,43322.61000000
1519372800,1519376399,0.15350000,0.15518000,0.15147000,0.15312000,35693.26000000
1519376400,1519379999,0.15262000,0.15449000,0.15171000,0.15272000,54296.74000000
1519380000,1519383599,0.15272000,0.15380000,0.15146000,0.15260000,48084.97000000
1519383600,1519387199,0.15303000,0.15379000,0.15149000,0.15379000,46710.08000000
1519387200,1519390799,0.15403000,0.16374000,0.15261000,0.16199000,43379.84000000
1519390800,1519394399,0.16284000,0.16599000,0.15936000,0.16294000,47885.38000000
1519394400,1519397999,0.16374000,0.16580000,0.15924000,0.16333000,72702.77000000
1519398000,1519401599,0.16333000,0.17473000,0.16056000,0.17187000,85462.81000000
1519401600,1519405199,0.17239000,0.17338000,0.16231000,0.16422000,59417.79000000
1519405200,1519408799,0.16490000,0.16578000,0.16292000,0.16304000,67731.24000000
1519408800,1519412399,0.16366000,0.16577000,0.16233000,0.16233000,79359.83000000
1519412400,1519415999,0.16279000,0.16569000,0.16279000,0.16416000,90584.92000000
1519416000,1519419599,0.16416000,0.16571000,0.15906000,0.15929000,54242.27000000
1519419600,1519423199,0.15976000,0.16032000,0.15685000,0.15842000,52323.08000000
1519423200,1519426799,0.15833000,0.15853000,0.15349000,0.15702000,28073.97000000
1519426800,1519430399,0.15712000,0.15850000,0.15350000,0.15350000,63104.26000000
1519430400,1519433999,0.15367000,0.15624000,0.15349000,0.15624000,55937.12000000
1519434000,1519437599,0.15623000,0.15969000,0.15446000,0.15821000,32271.73000000
1519437600,1519441199,0.15857000,0.16169000,0.15805000,0.16035000,70103.62000000
1519441200,1519444799,0.16028000,0.16362000,0.15930000,0.16107000,46723.27000000
1519444800,1519448399,0.16077000,0.16333000,0.15890000,0.16333000,61307.71000000
1519448400,1519451999,0.16251000,0.16456000,0.16251000,0.16415000,68343.02000000
1519452000,1519455599,0.16376000,0.16705000,0.16089000,0.16663000,67022.47000000
1519455600,1519459199,0.16663000,0.16775000,0.16579000,0.16623000,60650.40000000
1519459200,1519462799,0.16621000,0.16721000,0.16497000,0.16574000,75585.24000000
1519462800,1519466399,0.16574000,0.16635000,0.16497000,0.16582000,65776.27000000
1519466400,1519469999,0.16604000,0.16604000,0.16125000,0.16126000,64006.51000000
1519470000,1519473599,0.16125000,0.16347000,0.16033000,0.16199000,65299.56000000
1519473600,1519477199,0.16199000,0.16341000,0.15968000,0.16335000,57323.63000000
1519477200,1519480799,0.16335000,0.16350000,0.16012000,0.16013000,62665.53000000
1519480800,1519484399,0.16011000,0.16048000,0.15873000,0.15927000,72712.67000000
1519484400,1519487999,0.15899000,0.16049000,0.15850000,0.15900000,52790.01000000
1519488000,1519491599,0.15882000,0.16310000,0.15838000,0.16201000,70360.03000000
1519491600,1519495199,0.16199000,0.16294000,0.16090000,0.16101000,68449.52000000
1519495200,1519498799,0.16167000,0.16522000,0.16101000,0.16210000,70024.68000000
1519498800,1519502399,0.16175000,0.16249000,0.16049000,0.16051000,54212.66000000
1519502400,1519505999,0.16049000,0.16128000,0.15855000,0.15928000,60796.10000000
1519506000,1519509599,0.15855000,0.15932000,0.15821000,0.15915000,60264.12000000
1519509600,1519513199,0.15932000,0.16110000,0.15889000,0.16090000,54001.25000000
1519513200,1519516799,0.16050000,0.16269000,0.16050000,0.16173000,54968.98000000
1519516800,1519520399,0.16173000,0.16174000,0.16009000,0.16087000,70681.93000000
1519520400,1519523999,0.16010000,0.16163000,0.15969000,0.16129000,90209.51000000
1519524000,1519527599,0.16108000,0.16164000,0.16030000,0.16084000,60462.43000000
1519527600,1519531199,0.16130000,0.16170000,0.15893000,0.16144000,51919.12000000
1519531200,1519534799,0.16144000,0.16830000,0.16064000,0.16830000,50380.54000000
1519534800,1519538399,0.16832000,0.16915000,0.16131000,0.16258000,48824.58000000
1519538400,1519541999,0.16213000,0.16268000,0.16112000,0.16248000,48602.19000000
1519542000,1519545599,0.16249000,0.16249000,0.15929000,0.16049000,60525.94000000
1519545600,1519549199,0.16047000,0.16089000,0.15736000,0.15850000,65605.91000000
1519549200,1519552799,0.15798000,0.15888000,0.15734000,0.15812000,36597.06000000
1519552800,1519556399,0.15834000,0.15850000,0.15733000,0.15848000,27079.29000000
1519556400,1519559999,0.15850000,0.17555000,0.15810000,0.17071000,74848.52000000
1519560000,1519563599,0.16801000,0.16829000,0.16456000,0.16458000,43031.19000000
1519563600,1519567199,0.16458000,0.16579000,0.16131000,0.16416000,53290.85000000
1519567200,1519570799,0.16455000,0.16495000,0.16170000,0.16248000,82524.12000000
1519570800,1519574399,0.16209000,0.16287000,0.16111000,0.16111000,69284.90000000
1519574400,1519577999,0.16140000,0.16456000,0.16000000,0.16456000,73170.86000000
1519578000,1519581599,0.16416000,0.16746000,0.16345000,0.16622000,31128.65000000
1519581600,1519585199,0.16684000,0.17120000,0.16621000,0.16959000,50705.46000000
1519585200,1519588799,0.16958000,0.17689000,0.16655000,0.17010000,48595.53000000
1519588800,1519592399,0.17042000,0.17492000,0.16990000,0.17171000,58134.40000000
1519592400,1519595999,0.17172000,0.17250000,0.16621000,0.16621000,47646.56000000
1519596000,1519599599,0.16621000,0.16994000,0.16621000,0.16751000,44262.77000000
1519599600,1519603199,0.16747000,0.16816000,0.16583000,0.16601000,81605.27000000
1519603200,1519606799,0.16587000,0.16957000,0.16584000,0.16916000,53726.34000000
1519606800,1519610399,0.16938000,0.17202000,0.16872000,0.17013000,44402.59000000
1519610400,1519613999,0.17001000,0.17429000,0.16999000,0.17280000,48481.41000000
1519614000,1519617599,0.17423000,0.17440000,0.16970000,0.17005000,54791.79000000
1519617600,1519621199,0.17005000,0.17084000,0.16793000,0.16957000,45099.43000000
1519621200,1519624799,0.16956000,0.16998000,0.16650000,0.16790000,63388.71000000
1519624800,1519628399,0.16870000,0.16912000,0.16000000,0.16049000,57349.94000000
1519628400,1519631999,0.16069000,0.16089000,0.15792000,0.15918000,41622.43000000
1519632000,1519635599,0.15917000,0.15918000,0.15784000,0.15881000,58995.76000000
1519635600,1519639199,0.15810000,0.15925000,0.15550000,0.15620000,25802.89000000
1519639200,1519642799,0.15620000,0.15901000,0.15330000,0.15716000,50888.36000000
1519642800,1519646399,0.15597000,0.15969000,0.15566000,0.15584000,50991.81000000
1519646400,1519649999,0.15588000,0.15771000,0.15502000,0.15700000,22009.78000000
1519650000,1519653599,0.15642000,0.15700000,0.14903000,0.15263000,46345.73000000
1519653600,1519657199,0.15215000,0.15298000,0.14981000,0.15131000,26864.14000000
1519657200,1519660799,0.15165000,0.15605000,0.14940000,0.15548000,35093.80000000
1519660800,1519664399,0.15648000,0.15648000,0.15083000,0.15155000,30131.48000000
1519664400,1519667999,0.15191000,0.15418000,0.14900000,0.14900000,40781.42000000
1519668000,1519671599,0.14940000,0.15063000,0.14521000,0.14521000,31708.71000000
1519671600,1519675199,0.14521000,0.14772000,0.14500000,0.14607000,53893.07000000
1519675200,1519678799,0.14666000,0.14936000,0.14622000,0.14791000,45014.93000000
1519678800,1519682399,0.14799000,0.14915000,0.14590000,0.14640000,64081.18000000
1519682400,1519685999,0.14640000,0.14750000,0.14593000,0.14657000,46128.73000000
1519686000,1519689599,0.14748000,0.14900000,0.14609000,0.14631000,34116.41000000
1519689600,1519693199,0.14629000,0.14722000,0.14498000,0.14580000,51824.77000000
1519693200,1519696799,0.14597000,0.14811000,0.14559000,0.14691000,27490.21000000
1519696800,1519700399,0.14690000,0.14691000,0.14555000,0.14556000,62918.81000000
1519700400,1519703999,0.14607000,0.14660000,0.14257000,0.14578000,38915.69000000
1519704000,1519707599,0.14527000,0.14598000,0.14445000,0.14465000,32117.76000000
1519707600,1519711199,0.14465000,0.14700000,0.14356000,0.14626000,18387.10000000
1519711200,1519714799,0.14608000,0.14696000,0.14510000,0.14591000,34645.49000000
1519714800,1519718399,0.14637000,0.14637000,0.13310000,0.13602000,46269.07000000
1519718400,1519721999,0.13604000,0.13604000,0.13000000,0.13014000,27081.34000000
1519722000,1519725599,0.13075000,0.13314000,0.12985000,0.13121000,29987.31000000
1519725600,1519729199,0.12998000,0.13318000,0.12911000,0.13086000,42979.39000000
1519729200,1519732799,0.13158000,0.13311000,0.13086000,0.13137000,26119.52000000
1519732800,1519736399,0.13045000,0.13206000,0.12924000,0.13039000,34064.42000000
1519736400,1519739999,0.12950000,0.13066000,0.12886000,0.13060000,38654.27000000
1519740000,1519743599,0.13090000,0.13402000,0.13025000,0.13329000,28058.88000000
1519743600,1519747199,0.13339000,0.13560000,0.13331000,0.13397000,28974.04000000
1519747200,1519750799,0.13431000,0.13794000,0.13358000,0.13683000,73028.79000000
1519750800,1519754399,0.13711000,0.13794000,0.13307000,0.13447000,25620.05000000
1519754400,1519757999,0.13339000,0.13366000,0.12900000,0.13186000,33000.33000000
1519758000,1519761599,0.13186000,0.13355000,0.13007000,0.13115000,38620.63000000
1519761600,1519765199,0.13059000,0.13684000,0.12877000,0.12877000,24515.61000000
1519765200,1519768799,0.13416000,0.13502000,0.13138000,0.13141000,55651.63000000
1519768800,1519772399,0.13142000,0.13299000,0.13064000,0.13091000,36438.73000000
1519772400,1519775999,0.13091000,0.13398000,0.13091000,0.13180000,22773.87000000
1519776000,1519779599,0.13344000,0.13344000,0.12977000,0.13051000,21457.64000000
1519779600,1519783199,0.13055000,0.13255000,0.13050000,0.13050000,33022.30000000
1519783200,1519786799,0.13050000,0.13244000,0.12957000,0.13131000,34559.77000000
1519786800,1519790399,0.13172000,0.13200000,0.12990000,0.13159000,39627.94000000
1519790400,1519793999,0.13134000,0.13163000,0.12868000,0.12884000,44645.40000000
1519794000,1519797599,0.12886000,0.13168000,0.12886000,0.12954000,35136.02000000
1519797600,1519801199,0.12938000,0.13494000,0.12937000,0.13283000,40111.62000000
1519801200,1519804799,0.13284000,0.13501000,0.13214000,0.13447000,24155.70000000
1519804800,1519808399,0.13445000,0.13484000,0.13004000,0.13169000,7828.91000000
1519808400,1519811999,0.13141000,0.13328000,0.13055000,0.13241000,56576.19000000
1519812000,1519815599,0.13237000,0.13550000,0.13224000,0.13550000,41532.50000000
1519815600,1519819199,0.13551000,0.13768000,0.13467000,0.13675000,32616.70000000
1519819200,1519822799,0.13653000,0.14088000,0.13514000,0.13727000,47716.71000000
1519822800,1519826399,0.13727000,0.13842000,0.13107000,0.13297000,49144.57000000
1519826400,1519829999,0.13292000,0.13349000,0.12928000,0.12943000,60219.00000000
1519830000,1519833599,0.12945000,0.13117000,0.12874000,0.13067000,35396.46000000
1519833600,1519837199,0.13067000,0.13093000,0.12836000,0.13031000,33862.24000000
1519837200,1519840799,0.12939000,0.12952000,0.12653000,0.12697000,52497.48000000
1519840800,1519844399,0.12734000,0.12844000,0.12530000,0.12560000,44913.50000000
1519844400,1519847999,0.12588000,0.12684000,0.12531000,0.12576000,65548.31000000
1519848000,1519851599,0.12628000,0.12668000,0.12500000,0.12501000,38627.64000000
1519851600,1519855199,0.12541000,0.12613000,0.12247000,0.12247000,33677.74000000
1519855200,1519858799,0.12249000,0.12345000,0.12156000,0.12238000,14384.91000000
1519858800,1519862399,0.12267000,0.12339000,0.12000000,0.12189000,36650.91000000
1519862400,1519865999,0.12164000,0.12238000,0.11945000,0.12129000,26446.74000000
1519866000,1519869599,0.12098000,0.12141000,0.11885000,0.12041000,28124.37000000
1519869600,1519873199,0.12040000,0.12041000,0.11830000,0.11848000,40927.43000000
1519873200,1519876799,0.11906000,0.12069000,0.11890000,0.11905000,41214.40000000
1519876800,1519880399,0.11915000,0.12073000,0.11902000,0.12033000,32457.97000000
1519880400,1519883999,0.12043000,0.12187000,0.11961000,0.12150000,49853.74000000
1519884000,1519887599,0.12149000,0.12339000,0.12109000,0.12183000,33265.16000000
1519887600,1519891199,0.12224000,0.12410000,0.12161000,0.12398000,39857.91000000
1519891200,1519894799,0.12382000,0.12520000,0.12203000,0.12270000,39491.67000000
1519894800,1519898399,0.12263000,0.12561000,0.12263000,0.12435000,42237.56000000
1519898400,1519901999,0.12492000,0.12572000,0.12420000,0.12523000,54797.81000000
1519902000,1519905599,0.12600000,0.12773000,0.12494000,0.12712000,52292.24000000
1519905600,1519909199,0.12695000,0.12911000,0.12670000,0.12883000,19939.19000000
1519909200,1519912799,0.12855000,0.13080000,0.12729000,0.12891000,48544.08000000
1519912800,1519916399,0.12892000,0.12980000,0.11756000,0.12404000,58904.39000000
1519916400,1519919999,0.12405000,0.12545000,0.12182000,0.12411000,54091.40000000
1519920000,1519923599,0.12506000,0.12605000,0.12428000,0.12502000,57107.51000000
1519923600,1519927199,0.12501000,0.12600000,0.12424000,0.12494000,49670.17000000
1519927200,1519930799,0.12483000,0.12598000,0.12380000,0.12560000,36504.50000000
1519930800,1519934399,0.12560000,0.12584000,0.12480000,0.12524000,49916.68000000
1519934400,1519937999,0.12584000,0.12685000,0.12378000,0.12378000,51403.71000000
1519938000,1519941599,0.12446000,0.12532000,0.12211000,0.12300000,44445.49000000
1519941600,1519945199,0.12300000,0.12450000,0.12211000,0.12450000,34918.61000000
1519945200,1519948799,0.12449000,0.12537000,0.12330000,0.12345000,29370.39000000
1519948800,1519952399,0.12364000,0.12489000,0.12116000,0.12230000,37141.21000000
1519952400,1519955999,0.12213000,0.12370000,0.12112000,0.12200000,57068.21000000
1519956000,1519959599,0.12162000,0.12200000,0.11980000,0.12018000,65608.09000000
1519959600,1519963199,0.12019000,0.12174000,0.12019000,0.12174000,35781.38000000
1519963200,1519966799,0.12091000,0.12174000,0.11940000,0.11993000,36291.46000000
1519966800,1519970399,0.12029000,0.12325000,0.11969000,0.12220000,33666.04000000
1519970400,1519973999,0.12251000,0.12496000,0.12213000,0.12496000,25061.96000000
1519974000,1519977599,0.12412000,0.12422000,0.12119000,0.12133000,72006.60000000
1519977600,1519981199,0.12121000,0.12200000,0.12000000,0.12110000,39313.47000000
1519981200,1519984799,0.12143000,0.12215000,0.11880000,0.11940000,39283.07000000
1519984800,1519988399,0.12060000,0.12310000,0.11987000,0.12246000,20635.59000000
1519988400,1519991999,0.12250000,0.12326000,0.12125000,0.12134000,37773.86000000
1519992000,1519995599,0.12199000,0.12279000,0.12125000,0.12192000,36106.16000000
1519995600,1519999199,0.12216000,0.12350000,0.12216000,0.12226000,53884.03000000
1519999200,1520002799,0.12229000,0.12277000,0.12045000,0.12045000,41998.59000000
1520002800,1520006399,0.12106000,0.12273000,0.11943000,0.12203000,56167.98000000
1520006400,1520009999,0.12207000,0.12409000,0.12207000,0.12272000,26996.90000000
1520010000,1520013599,0.12309000,0.12408000,0.12271000,0.12333000,33639.50000000
1520013600,1520017199,0.12332000,0.12408000,0.12288000,0.12288000,36424.11000000
1520017200,1520020799,0.12289000,0.12358000,0.12273000,0.12289000,37178.62000000
1520020800,1520024399,0.12286000,0.12409000,0.12267000,0.12364000,50021.40000000
1520024400,1520027999,0.12365000,0.12514000,0.12363000,0.12502000,51742.10000000
1520028000,1520031599,0.12509000,0.12680000,0.12447000,0.12565000,58229.58000000
1520031600,1520035199,0.12565000,0.12700000,0.12386000,0.12545000,56774.47000000
1520035200,1520038799,0.12618000,0.12618000,0.12363000,0.12467000,27391.90000000
1520038800,1520042399,0.12468000,0.12555000,0.12439000,0.12457000,58798.20000000
1520042400,1520045999,0.12458000,0.12554000,0.12398000,0.12436000,75968.75000000
1520046000,1520049599,0.12436000,0.12503000,0.12287000,0.12404000,44836.80000000
1520049600,1520053199,0.12402000,0.12436000,0.12312000,0.12327000,49421.35000000
1520053200,1520056799,0.12327000,0.12383000,0.12237000,0.12383000,72363.87000000
1520056800,1520060399,0.12387000,0.12459000,0.12280000,0.12371000,30105.29000000
1520060400,1520063999,0.12336000,0.12395000,0.12243000,0.12273000,34266.59000000
1520064000,1520067599,0.12272000,0.12450000,0.12231000,0.12285000,39602.26000000
1520067600,1520071199,0.12288000,0.12412000,0.12265000,0.12308000,33550.26000000
1520071200,1520074799,0.12374000,0.12446000,0.12221000,0.12298000,55874.61000000
1520074800,1520078399,0.12298000,0.12355000,0.12211000,0.12216000,60008.10000000
1520078400,1520081999,0.12236000,0.12400000,0.12216000,0.12255000,31464.20000000
1520082000,1520085599,0.12257000,0.12373000,0.12253000,0.12300000,51768.83000000
1520085600,1520089199,0.12288000,0.12362000,0.12275000,0.12345000,53293.10000000
1520089200,1520092799,0.12348000,0.12446000,0.12283000,0.12380000,85982.14000000
1520092800,1520096399,0.12384000,0.12459000,0.12382000,0.12434000,73390.21000000
1520096400,1520099999,0.12457000,0.12555000,0.12435000,0.12555000,65615.54000000
1520100000,1520103599,0.12520000,0.12611000,0.12506000,0.12611000,42777.04000000
1520103600,1520107199,0.12622000,0.12664000,0.12500000,0.12545000,50387.85000000
1520107200,1520110799,0.12545000,0.12610000,0.12350000,0.12484000,51585.55000000
1520110800,1520114399,0.12485000,0.12661000,0.12473000,0.12638000,71073.33000000
1520114400,1520117999,0.12636000,0.12743000,0.12601000,0.12632000,43421.29000000
1520118000,1520121599,0.12667000,0.12667000,0.12457000,0.12457000,39449.97000000
1520121600,1520125199,0.12513000,0.12999000,0.12427000,0.12999000,52865.43000000
1520125200,1520128799,0.12957000,0.12978000,0.12553000,0.12566000,51750.51000000
1520128800,1520132399,0.12599000,0.12632000,0.12356000,0.12402000,57744.23000000
1520132400,1520135999,0.12443000,0.12540000,0.12234000,0.12298000,55983.98000000
1520136000,1520139599,0.12228000,0.12349000,0.12228000,0.12294000,36206.18000000
1520139600,1520143199,0.12302000,0.12328000,0.12251000,0.12252000,29162.88000000
1520143200,1520146799,0.12263000,0.12363000,0.12211000,0.12220000,36299.25000000
1520146800,1520150399,0.12278000,0.12278000,0.12210000,0.12231000,60919.95000000
1520150400,1520153999,0.12232000,0.12287000,0.12211000,0.12287000,78153.10000000
1520154000,1520157599,0.12238000,0.12360000,0.12200000,0.12268000,53170.04000000
1520157600,1520161199,0.12266000,0.12268000,0.12092000,0.12255000,43178.08000000
1520161200,1520164799,0.12210000,0.12216000,0.12103000,0.12206000,35649.73000000
1520164800,1520168399,0.12206000,0.12850000,0.12204000,0.12850000,48860.58000000
1520168400,1520171999,0.12860000,0.12860000,0.12421000,0.12514000,45696.08000000
1520172000,1520175599,0.12570000,0.12579000,0.12204000,0.12349000,43550.46000000
1520175600,1520179199,0.12348000,0.12498000,0.12258000,0.12493000,46265.82000000
1520179200,1520182799,0.12494000,0.12700000,0.12448000,0.12629000,58967.34000000
1520182800,1520186399,0.12632000,0.12696000,0.12500000,0.12510000,38140.88000000
1520186400,1520189999,0.12514000,0.12789000,0.12502000,0.12644000,71982.71000000
1520190000,1520193599,0.12661000,0.12843000,0.12519000,0.12776000,71303.97000000
1520193600,1520197199,0.12846000,0.12974000,0.12755000,0.12775000,69693.84000000
1520197200,1520200799,0.12816000,0.12884000,0.12503000,0.12608000,37871.32000000
1520200800,1520204399,0.12694000,0.12879000,0.12635000,0.12865000,49493.32000000
1520204400,1520207999,0.12865000,0.12998000,0.12751000,0.12751000,62378.30000000
1520208000,1520211599,0.12791000,0.12900000,0.12604000,0.12825000,42025.86000000
1520211600,1520215199,0.12862000,0.12899000,0.12750000,0.12822000,61325.64000000
1520215200,1520218799,0.12821000,0.12825000,0.12518000,0.12627000,49355.65000000
1520218800,1520222399,0.12621000,0.12622000,0.12327000,0.12385000,44252.65000000
1520222400,1520225999,0.12355000,0.12649000,0.12343000,0.12616000,45428.55000000
1520226000,1520229599,0.12585000,0.13028000,0.12455000,0.12847000,60202.60000000
1520229600,1520233199,0.12794000,0.12971000,0.12754000,0.12898000,73721.14000000
1520233200,1520236799,0.12853000,0.12897000,0.12728000,0.12728000,42879.80000000
1520236800,1520240399,0.12728000,0.12874000,0.12632000,0.12873000,50433.69000000
1520240400,1520243999,0.12849000,0.12900000,0.12700000,0.12702000,50127.02000000
1520244000,1520247599,0.12700000,0.12747000,0.12612000,0.12722000,39564.14000000
1520247600,1520251199,0.12691000,0.12722000,0.12577000,0.12616000,70230.32000000
1520251200,1520254799,0.12617000,0.12645000,0.12550000,0.12584000,71528.48000000
1520254800,1520258399,0.12611000,0.12645000,0.12506000,0.12632000,52366.67000000
1520258400,1520261999,0.12632000,0.12632000,0.12549000,0.12560000,47341.29000000
1520262000,1520265599,0.12583000,0.12617000,0.12529000,0.12556000,45863.78000000
1520265600,1520269199,0.12559000,0.12590000,0.12434000,0.12539000,45102.63000000
1520269200,1520272799,0.12538000,0.12700000,0.12515000,0.12700000,35341.06000000
1520272800,1520276399,0.12710000,0.12750000,0.12654000,0.12733000,39398.03000000
1520276400,1520279999,0.12731000,0.12731000,0.12551000,0.12632000,50393.05000000
1520280000,1520283599,0.12591000,0.12638000,0.12542000,0.12566000,54848.47000000
1520283600,1520287199,0.12597000,0.12633000,0.12540000,0.12568000,39486.11000000
1520287200,1520290799,0.12602000,0.12641000,0.12568000,0.12623000,16410.74000000
1520290800,1520294399,0.12634000,0.12699000,0.12610000,0.12630000,37817.70000000
1520294400,1520297999,0.12621000,0.12676000,0.12402000,0.12517000,27037.57000000
1520298000,1520301599,0.12435000,0.12499000,0.12314000,0.12360000,63965.99000000
1520301600,1520305199,0.12366000,0.12366000,0.12223000,0.12301000,50113.15000000
1520305200,1520308799,0.12301000,0.12338000,0.12222000,0.12222000,57914.86000000
1520308800,1520312399,0.12222000,0.12299000,0.12107000,0.12299000,36113.11000000
1520312400,1520315999,0.12262000,0.12329000,0.12209000,0.12323000,58399.99000000
1520316000,1520319599,0.12322000,0.12344000,0.12249000,0.12343000,63498.11000000
1520319600,1520323199,0.12344000,0.12402000,0.12270000,0.12399000,53346.69000000
1520323200,1520326799,0.12365000,0.12437000,0.12330000,0.12413000,22496.92000000
1520326800,1520330399,0.12433000,0.12474000,0.12338000,0.12398000,13739.33000000
1520330400,1520333999,0.12374000,0.12486000,0.12374000,0.12442000,34677.29000000
1520334000,1520337599,0.12464000,0.12475000,0.12238000,0.12316000,20658.92000000
1520337600,1520341199,0.12281000,0.12424000,0.12261000,0.12394000,25092.15000000
1520341200,1520344799,0.12392000,0.12396000,0.12238000,0.12372000,21226.07000000
1520344800,1520348399,0.12307000,0.12395000,0.12252000,0.12286000,21174.80000000
1520348400,1520351999,0.12284000,0.12403000,0.12253000,0.12277000,36151.68000000
1520352000,1520355599,0.12291000,0.12331000,0.12203000,0.12230000,53745.91000000
1520355600,1520359199,0.12230000,0.12296000,0.12229000,0.12240000,51560.08000000
1520359200,1520362799,0.12240000,0.12240000,0.11903000,0.11903000,48065.46000000
1520362800,1520366399,0.11929000,0.12063000,0.11912000,0.12013000,28363.91000000
1520366400,1520369999,0.12013000,0.12013000,0.11880000,0.11891000,19165.54000000
1520370000,1520373599,0.11881000,0.11980000,0.11857000,0.11980000,25181.18000000
1520373600,1520377199,0.11981000,0.12088000,0.11900000,0.11990000,35281.31000000
1520377200,1520380799,0.11989000,0.11989000,0.11855000,0.11855000,19788.33000000
1520380800,1520384399,0.11840000,0.11926000,0.11812000,0.11852000,21855.29000000
1520384400,1520387999,0.11853000,0.11882000,0.11776000,0.11776000,39719.15000000
1520388000,1520391599,0.11776000,0.11819000,0.11467000,0.11770000,8969.25000000
1520391600,1520395199,0.11742000,0.11812000,0.11557000,0.11679000,28710.43000000
1520395200,1520398799,0.11694000,0.11742000,0.11552000,0.11555000,38992.15000000
1520398800,1520402399,0.11555000,0.11555000,0.11232000,0.11339000,13900.35000000
1520402400,1520405999,0.11339000,0.11437000,0.11138000,0.11223000,37930.13000000
1520406000,1520409599,0.11222000,0.11589000,0.11221000,0.11582000,24013.35000000
1520409600,1520413199,0.11589000,0.11615000,0.11370000,0.11370000,15159.18000000
1520413200,1520416799,0.11333000,0.11549000,0.11291000,0.11461000,18642.85000000
1520416800,1520420399,0.11426000,0.11535000,0.11412000,0.11501000,43008.80000000
1520420400,1520423999,0.11503000,0.11525000,0.11300000,0.11316000,56561.19000000
1520424000,1520427599,0.11302000,0.11345000,0.10879000,0.11113000,29907.78000000
1520427600,1520431199,0.11050000,0.11111000,0.10549000,0.10761000,24238.78000000
1520431200,1520434799,0.10665000,0.11221000,0.10665000,0.10997000,24277.08000000
1520434800,1520438399,0.10914000,0.11359000,0.10914000,0.11271000,23732.75000000
1520438400,1520441999,0.11384000,0.11968000,0.11383000,0.11643000,44936.62000000
1520442000,1520445599,0.11537000,0.11668000,0.10967000,0.11100000,41978.30000000
1520445600,1520449199,0.10987000,0.11253000,0.10861000,0.11032000,26461.24000000
1520449200,1520452799,0.10991000,0.11226000,0.10913000,0.11098000,19016.29000000
1520452800,1520456399,0.11172000,0.11296000,0.11019000,0.11296000,30322.47000000
1520456400,1520459999,0.11181000,0.11514000,0.11160000,0.11233000,36641.11000000
1520460000,1520463599,0.11191000,0.11495000,0.11175000,0.11323000,40968.73000000
1520463600,1520467199,0.11325000,0.11327000,0.11041000,0.11104000,29727.61000000
1520467200,1520470799,0.11050000,0.11191000,0.11050000,0.11191000,24839.86000000
1520470800,1520474399,0.11205000,0.11474000,0.11179000,0.11474000,12391.09000000
1520474400,1520477999,0.11387000,0.11745000,0.11387000,0.11733000,38842.19000000
1520478000,1520481599,0.11668000,0.11750000,0.11648000,0.11750000,63858.02000000
1520481600,1520485199,0.11701000,0.11803000,0.11493000,0.11497000,25334.90000000
1520485200,1520488799,0.11490000,0.11728000,0.11490000,0.11591000,7858.22000000
1520488800,1520492399,0.11617000,0.11710000,0.11475000,0.11625000,26795.31000000
1520492400,1520495999,0.11549000,0.12330000,0.11543000,0.12038000,54875.73000000
1520496000,1520499599,0.11948000,0.12391000,0.11818000,0.11954000,30681.38000000
1520499600,1520503199,0.11932000,0.12485000,0.11932000,0.12340000,42689.72000000
1520503200,1520506799,0.12438000,0.12950000,0.12301000,0.12839000,41255.83000000
1520506800,1520510399,0.12903000,0.13382000,0.12464000,0.13092000,41246.53000000
1520510400,1520513999,0.13011000,0.13490000,0.12835000,0.12928000,42088.30000000
1520514000,1520517599,0.12901000,0.13054000,0.12400000,0.12882000,36020.07000000
1520517600,1520521199,0.13034000,0.13035000,0.12555000,0.12600000,28598.06000000
1520521200,1520524799,0.12567000,0.12999000,0.12349000,0.12774000,25382.00000000
1520524800,1520528399,0.12731000,0.12837000,0.12401000,0.12609000,16199.67000000
1520528400,1520531999,0.12481000,0.12578000,0.12105000,0.12285000,66663.70000000
1520532000,1520535599,0.12281000,0.13000000,0.12281000,0.12999000,38935.33000000
1520535600,1520539199,0.12931000,0.12933000,0.12635000,0.12819000,42627.08000000
1520539200,1520542799,0.12794000,0.12847000,0.12627000,0.12628000,52320.35000000
1520542800,1520546399,0.12628000,0.12772000,0.12400000,0.12402000,60062.38000000
1520546400,1520549999,0.12472000,0.12900000,0.12402000,0.12538000,34830.64000000
1520550000,1520553599,0.12571000,0.12702000,0.12449000,0.12500000,56420.99000000
1520553600,1520557199,0.12496000,0.13099000,0.12496000,0.12930000,46422.05000000
1520557200,1520560799,0.12932000,0.12954000,0.12640000,0.12768000,35584.13000000
1520560800,1520564399,0.12753000,0.12891000,0.12377000,0.12579000,47389.95000000
1520564400,1520567999,0.12464000,0.12552000,0.12201000,0.12241000,43251.71000000
1520568000,1520571599,0.12278000,0.12316000,0.11800000,0.11832000,62039.37000000
1520571600,1520575199,0.11938000,0.12160000,0.11839000,0.12136000,23351.52000000
1520575200,1520578799,0.12136000,0.12316000,0.11975000,0.12316000,46135.30000000
1520578800,1520582399,0.12229000,0.12425000,0.12056000,0.12161000,15479.46000000
1520582400,1520585999,0.12160000,0.12254000,0.12036000,0.12138000,49167.87000000
1520586000,1520589599,0.12108000,0.12301000,0.12002000,0.12301000,30406.23000000
1520589600,1520593199,0.12190000,0.12324000,0.12157000,0.12175000,30355.08000000
1520593200,1520596799,0.12234000,0.12252000,0.12136000,0.12207000,15405.52000000
1520596800,1520600399,0.12301000,0.12700000,0.12214000,0.12214000,42893.27000000
1520600400,1520603999,0.12214000,0.12214000,0.11908000,0.12035000,31838.21000000
1520604000,1520607599,0.12041000,0.12050000,0.11900000,0.11930000,53921.29000000
1520607600,1520611199,0.11889000,0.12049000,0.11859000,0.11995000,38694.54000000
1520611200,1520614799,0.11954000,0.12120000,0.11888000,0.11976000,52274.84000000
1520614800,1520618399,0.11980000,0.12048000,0.11886000,0.11922000,44207.68000000
1520618400,1520621999,0.11963000,0.12020000,0.11858000,0.11908000,49691.54000000
1520622000,1520625599,0.11885000,0.11948000,0.11804000,0.11899000,49421.77000000
1520625600,1520629199,0.11898000,0.11999000,0.11846000,0.11899000,55265.64000000
1520629200,1520632799,0.11880000,0.12076000,0.11863000,0.11925000,50529.61000000
1520632800,1520636399,0.11916000,0.12038000,0.11916000,0.11944000,61718.85000000
1520636400,1520639999,0.11997000,0.12032000,0.11704000,0.11704000,50661.50000000
1520640000,1520643599,0.11849000,0.12144000,0.11740000,0.12099000,33814.84000000
1520643600,1520647199,0.12091000,0.12248000,0.11992000,0.12072000,26267.05000000
1520647200,1520650799,0.12072000,0.12175000,0.12001000,0.12134000,35596.51000000
1520650800,1520654399,0.12034000,0.12129000,0.11899000,0.11979000,68700.37000000
1520654400,1520657999,0.11978000,0.11999000,0.11905000,0.11996000,32509.95000000
1520658000,1520661599,0.11997000,0.11998000,0.11907000,0.11979000,63680.08000000
1520661600,1520665199,0.11950000,0.11979000,0.11863000,0.11916000,76256.64000000
1520665200,1520668799,0.11919000,0.12248000,0.11917000,0.12093000,37813.87000000
1520668800,1520672399,0.12097000,0.12194000,0.11992000,0.12033000,31438.62000000
1520672400,1520675999,0.12085000,0.12133000,0.11920000,0.12001000,38850.88000000
1520676000,1520679599,0.11929000,0.12000000,0.11835000,0.11845000,50852.87000000
1520679600,1520683199,0.11906000,0.11967000,0.11891000,0.11958000,25991.94000000
1520683200,1520686799,0.11947000,0.11989000,0.11831000,0.11877000,39480.86000000
1520686800,1520690399,0.11914000,0.11950000,0.11864000,0.11943000,79001.61000000
1520690400,1520693999,0.11909000,0.11944000,0.11871000,0.11892000,86386.58000000
1520694000,1520697599,0.11891000,0.11940000,0.11865000,0.11878000,52303.13000000
1520697600,1520701199,0.11911000,0.11979000,0.11870000,0.11977000,49804.98000000
1520701200,1520704799,0.11938000,0.12037000,0.11910000,0.12026000,55833.69000000
1520704800,1520708399,0.11957000,0.12042000,0.11934000,0.11961000,54741.24000000
1520708400,1520711999,0.11947000,0.11961000,0.11810000,0.11936000,40091.83000000
1520712000,1520715599,0.11918000,0.11975000,0.11821000,0.11917000,24690.92000000
1520715600,1520719199,0.11870000,0.11988000,0.11820000,0.11956000,29557.40000000
1520719200,1520722799,0.11896000,0.11946000,0.11801000,0.11802000,56550.43000000
1520722800,1520726399,0.11779000,0.11894000,0.11610000,0.11613000,39203.45000000
1520726400,1520729999,0.11700000,0.11708000,0.11577000,0.11707000,37903.39000000
1520730000,1520733599,0.11706000,0.11823000,0.11580000,0.11823000,30947.72000000
1520733600,1520737199,0.11822000,0.11823000,0.11642000,0.11761000,3952.44000000
1520737200,1520740799,0.11691000,0.11749000,0.11649000,0.11716000,41111.63000000
1520740800,1520744399,0.11695000,0.11708000,0.11551000,0.11632000,38007.66000000
1520744400,1520747999,0.11665000,0.11705000,0.11587000,0.11659000,62513.68000000
1520748000,1520751599,0.11659000,0.11660000,0.11582000,0.11641000,42163.53000000
1520751600,1520755199,0.11635000,0.11643000,0.11536000,0.11590000,78181.06000000
1520755200,1520758799,0.11567000,0.11597000,0.11522000,0.11532000,58744.00000000
1520758800,1520762399,0.11532000,0.11583000,0.11532000,0.11537000,63181.68000000
1520762400,1520765999,0.11536000,0.11539000,0.11402000,0.11458000,60907.01000000
1520766000,1520769599,0.11432000,0.11486000,0.11404000,0.11473000,56175.40000000
1520769600,1520773199,0.11474000,0.11594000,0.11410000,0.11475000,68530.77000000
1520773200,1520776799,0.11513000,0.11592000,0.11474000,0.11525000,59054.35000000
1520776800,1520780399,0.11559000,0.11595000,0.11510000,0.11537000,95178.69000000
1520780400,1520783999,0.11566000,0.11655000,0.11516000,0.11652000,42361.19000000
1520784000,1520787599,0.11653000,0.11789000,0.11545000,0.11704000,23201.85000000
1520787600,1520791199,0.11712000,0.11794000,0.11571000,0.11581000,43716.98000000
1520791200,1520794799,0.11613000,0.11650000,0.11550000,0.11601000,53199.11000000
1520794800,1520798399,0.11601000,0.11601000,0.11529000,0.11537000,41037.56000000
1520798400,1520801999,0.11570000,0.11599000,0.11501000,0.11522000,52823.92000000
1520802000,1520805599,0.11542000,0.11646000,0.11521000,0.11579000,52431.97000000
1520805600,1520809199,0.11578000,0.11700000,0.11450000,0.11698000,44464.63000000
1520809200,1520812799,0.11698000,0.11760000,0.11576000,0.11633000,56061.67000000
1520812800,1520816399,0.11632000,0.11634000,0.11312000,0.11408000,43333.15000000
1520816400,1520819999,0.11375000,0.11529000,0.11375000,0.11522000,65090.50000000
1520820000,1520823599,0.11520000,0.11676000,0.11476000,0.11486000,83606.22000000
1520823600,1520827199,0.11534000,0.11544000,0.11294000,0.11534000,66656.70000000
1520827200,1520830799,0.11535000,0.11535000,0.11323000,0.11422000,29307.68000000
1520830800,1520834399,0.11400000,0.11501000,0.11375000,0.11450000,87686.75000000
1520834400,1520837999,0.11476000,0.11648000,0.11451000,0.11580000,25074.18000000
1520838000,1520841599,0.11559000,0.11600000,0.11543000,0.11544000,68686.32000000
1520841600,1520845199,0.11571000,0.11571000,0.11380000,0.11526000,79504.95000000
1520845200,1520848799,0.11450000,0.11557000,0.11450000,0.11490000,73575.53000000
1520848800,1520852399,0.11488000,0.11550000,0.11452000,0.11496000,81175.40000000
1520852400,1520855999,0.11455000,0.11497000,0.11445000,0.11497000,63927.04000000
1520856000,1520859599,0.11497000,0.11550000,0.11460000,0.11482000,64076.74000000
1520859600,1520863199,0.11511000,0.11546000,0.11477000,0.11495000,27199.73000000
1520863200,1520866799,0.11522000,0.11522000,0.11396000,0.11396000,49504.11000000
1520866800,1520870399,0.11396000,0.11443000,0.11350000,0.11359000,73921.33000000
1520870400,1520873999,0.11385000,0.11436000,0.11350000,0.11379000,45660.06000000
1520874000,1520877599,0.11427000,0.11427000,0.11340000,0.11425000,54880.79000000
1520877600,1520881199,0.11411000,0.11465000,0.11340000,0.11399000,74173.22000000
1520881200,1520884799,0.11397000,0.11461000,0.11340000,0.11401000,73022.51000000
1520884800,1520888399,0.11389000,0.11412000,0.11200000,0.11237000,71849.17000000
1520888400,1520891999,0.11234000,0.11263000,0.11198000,0.11253000,67735.90000000
1520892000,1520895599,0.11248000,0.11256000,0.11173000,0.11256000,75361.92000000
1520895600,1520899199,0.11256000,0.11256000,0.11194000,0.11245000,78884.03000000
1520899200,1520902799,0.11214000,0.11248000,0.11131000,0.11230000,66630.59000000
1520902800,1520906399,0.11202000,0.11248000,0.11132000,0.11213000,54201.45000000
1520906400,1520909999,0.11206000,0.11252000,0.11179000,0.11234000,51042.60000000
1520910000,1520913599,0.11233000,0.11234000,0.11123000,0.11182000,73771.46000000
1520913600,1520917199,0.11153000,0.11205000,0.11126000,0.11205000,55798.21000000
1520917200,1520920799,0.11205000,0.11219000,0.11144000,0.11158000,37272.21000000
1520920800,1520924399,0.11160000,0.11227000,0.11145000,0.11153000,56752.56000000
1520924400,1520927999,0.11151000,0.11235000,0.11130000,0.11132000,67366.61000000
1520928000,1520931599,0.11161000,0.11179000,0.11102000,0.11171000,57533.05000000
1520931600,1520935199,0.11144000,0.11172000,0.11119000,0.11136000,41181.09000000
1520935200,1520938799,0.11154000,0.11171000,0.11071000,0.11072000,70322.80000000
1520938800,1520942399,0.11127000,0.11127000,0.11040000,0.11041000,59433.07000000
1520942400,1520945999,0.11067000,0.11098000,0.10913000,0.10962000,59851.11000000
1520946000,1520949599,0.10937000,0.10995000,0.08182000,0.08551000,99105.28000000
1520949600,1520953199,0.08510000,0.09024000,0.07931000,0.07932000,48628.51000000
1520953200,1520956799,0.07955000,0.08845000,0.07954000,0.08770000,39020.33000000
1520956800,1520960399,0.08781000,0.09137000,0.08751000,0.09021000,26338.44000000
1520960400,1520963999,0.09022000,0.09052000,0.08442000,0.08485000,31928.69000000
1520964000,1520967599,0.08443000,0.08738000,0.08439000,0.08693000,33636.04000000
1520967600,1520971199,0.08618000,0.08732000,0.08565000,0.08656000,28834.12000000
1520971200,1520974799,0.08731000,0.08800000,0.08616000,0.08672000,36440.52000000
1520974800,1520978399,0.08651000,0.08797000,0.08261000,0.08263000,54870.02000000
1520978400,1520981999,0.08256000,0.08490000,0.08129000,0.08447000,36157.26000000
1520982000,1520985599,0.08445000,0.08670000,0.08291000,0.08589000,40811.40000000
1520985600,1520989199,0.08591000,0.08785000,0.08510000,0.08754000,10377.24000000
1520989200,1520992799,0.08757000,0.08783000,0.08624000,0.08753000,25335.39000000
1520992800,1520996399,0.08674000,0.08783000,0.08517000,0.08618000,34261.20000000
1520996400,1520999999,0.08517000,0.08679000,0.08270000,0.08302000,34513.74000000
1521000000,1521003599,0.08330000,0.08601000,0.08264000,0.08299000,38201.91000000
1521003600,1521007199,0.08281000,0.08338000,0.08144000,0.08300000,24616.52000000
1521007200,1521010799,0.08341000,0.08590000,0.08037000,0.08581000,51193.51000000
1521010800,1521014399,0.08580000,0.08583000,0.08291000,0.08497000,23129.17000000
1521014400,1521017999,0.08499000,0.08542000,0.08478000,0.08500000,52065.02000000
1521018000,1521021599,0.08480000,0.08728000,0.08478000,0.08679000,42187.15000000
1521021600,1521025199,0.08702000,0.09114000,0.08617000,0.08964000,45859.91000000
1521025200,1521028799,0.08958000,0.09143000,0.08746000,0.09122000,34642.36000000
1521028800,1521032399,0.09166000,0.09272000,0.08850000,0.08939000,31098.34000000
1521032400,1521035999,0.08860000,0.09133000,0.08852000,0.08981000,18288.37000000
1521036000,1521039599,0.08980000,0.09279000,0.08980000,0.09188000,50239.79000000
1521039600,1521043199,0.09094000,0.09151000,0.09003000,0.09048000,31731.90000000
1521043200,1521046799,0.09053000,0.09174000,0.08770000,0.08789000,48056.56000000
1521046800,1521050399,0.08788000,0.09062000,0.08732000,0.08843000,35782.98000000
1521050400,1521053999,0.08853000,0.08874000,0.08642000,0.08755000,51137.77000000
1521054000,1521057599,0.08711000,0.08777000,0.08622000,0.08727000,47722.48000000
1521057600,1521061199,0.08679000,0.08738000,0.08624000,0.08717000,36407.55000000
1521061200,1521064799,0.08663000,0.08964000,0.08615000,0.08790000,52560.25000000
1521064800,1521068399,0.08864000,0.09200000,0.08820000,0.09054000,38423.99000000
1521068400,1521071999,0.09057000,0.09199000,0.08848000,0.08848000,12781.45000000
1521072000,1521075599,0.08854000,0.09007000,0.08530000,0.08587000,42547.85000000
1521075600,1521079199,0.08587000,0.08646000,0.08137000,0.08194000,32700.11000000
1521079200,1521082799,0.08196000,0.08407000,0.07933000,0.08035000,28077.42000000
1521082800,1521086399,0.08036000,0.08036000,0.07773000,0.07855000,43511.39000000
1521086400,1521089999,0.07858000,0.08055000,0.07830000,0.08054000,29724.34000000
1521090000,1521093599,0.08010000,0.08054000,0.07421000,0.07951000,53495.92000000
1521093600,1521097199,0.07952000,0.07952000,0.07761000,0.07822000,10140.00000000
1521097200,1521100799,0.07791000,0.07856000,0.07718000,0.07784000,26921.46000000
1521100800,1521104399,0.07784000,0.07784000,0.07446000,0.07569000,17698.95000000
1521104400,1521107999,0.07597000,0.07837000,0.07571000,0.07837000,41519.28000000
1521108000,1521111599,0.07808000,0.07963000,0.07661000,0.07954000,35184.22000000
1521111600,1521115199,0.07887000,0.08017000,0.07887000,0.08013000,66192.57000000
1521115200,1521118799,0.08014000,0.08075000,0.07979000,0.08038000,36670.41000000
1521118800,1521122399,0.08043000,0.08090000,0.08016000,0.08032000,44180.15000000
1521122400,1521125999,0.08063000,0.08109000,0.08047000,0.08094000,27154.31000000
1521126000,1521129599,0.08085000,0.08219000,0.08037000,0.08219000,20451.80000000
1521129600,1521133199,0.08160000,0.08206000,0.08104000,0.08117000,32293.14000000
1521133200,1521136799,0.08115000,0.08388000,0.08107000,0.08288000,33160.87000000
1521136800,1521140399,0.08284000,0.08315000,0.08223000,0.08232000,50766.69000000
1521140400,1521143999,0.08234000,0.08387000,0.08234000,0.08387000,41820.66000000
1521144000,1521147599,0.08354000,0.08473000,0.08260000,0.08384000,28510.18000000
1521147600,1521151199,0.08399000,0.08690000,0.08393000,0.08395000,32201.98000000
1521151200,1521154799,0.08389000,0.08467000,0.08311000,0.08351000,23830.31000000
1521154800,1521158399,0.08304000,0.08304000,0.08219000,0.08219000,9558.03000000
1521158400,1521161999,0.08261000,0.08278000,0.08185000,0.08240000,32223.59000000
1521162000,1521165599,0.08211000,0.08381000,0.08133000,0.08381000,23434.66000000
1521165600,1521169199,0.08272000,0.08381000,0.08228000,0.08311000,35600.85000000
1521169200,1521172799,0.08305000,0.08313000,0.08208000,0.08313000,62086.91000000
1521172800,1521176399,0.08288000,0.08318000,0.08191000,0.08291000,53284.76000000
1521176400,1521179999,0.08289000,0.08398000,0.08219000,0.08262000,33601.27000000
1521180000,1521183599,0.08241000,0.08328000,0.08221000,0.08252000,17758.01000000
1521183600,1521187199,0.08240000,0.08328000,0.08226000,0.08256000,51284.65000000
1521187200,1521190799,0.08300000,0.08353000,0.08254000,0.08290000,47001.58000000
1521190800,1521194399,0.08323000,0.08369000,0.08255000,0.08321000,50088.71000000
1521194400,1521197999,0.08321000,0.08339000,0.08255000,0.08255000,22618.14000000
1521198000,1521201599,0.08318000,0.08383000,0.08104000,0.08133000,35434.04000000
1521201600,1521205199,0.08124000,0.08293000,0.08116000,0.08227000,25414.27000000
1521205200,1521208799,0.08227000,0.08506000,0.08217000,0.08371000,15302.68000000
1521208800,1521212399,0.08370000,0.08440000,0.08297000,0.08309000,39178.59000000
1521212400,1521215999,0.08344000,0.08407000,0.08297000,0.08329000,47753.57000000
1521216000,1521219599,0.08330000,0.08399000,0.08301000,0.08302000,31143.43000000
1521219600,1521223199,0.08335000,0.08386000,0.08301000,0.08368000,44938.22000000
1521223200,1521226799,0.08368000,0.08369000,0.08302000,0.08368000,41218.95000000
1521226800,1521230399,0.08330000,0.08369000,0.08302000,0.08341000,64661.89000000
1521230400,1521233999,0.08316000,0.08358000,0.08235000,0.08235000,36695.58000000
1521234000,1521237599,0.08308000,0.08437000,0.08246000,0.08356000,29687.45000000
1521237600,1521241199,0.08411000,0.08495000,0.08369000,0.08369000,39362.29000000
1521241200,1521244799,0.08442000,0.08444000,0.08329000,0.08424000,52520.91000000
1521244800,1521248399,0.08423000,0.08426000,0.08313000,0.08424000,35615.55000000
1521248400,1521251999,0.08424000,0.08446000,0.08308000,0.08308000,40374.50000000
1521252000,1521255599,0.08308000,0.08393000,0.08301000,0.08302000,59999.46000000
1521255600,1521259199,0.08324000,0.08382000,0.08225000,0.08238000,43904.47000000
1521259200,1521262799,0.08231000,0.08272000,0.08152000,0.08152000,46661.08000000
1521262800,1521266399,0.08153000,0.08187000,0.08060000,0.08175000,11111.55000000
1521266400,1521269999,0.08086000,0.08139000,0.08024000,0.08139000,34857.84000000
1521270000,1521273599,0.08115000,0.08159000,0.08033000,0.08034000,5994.61000000
1521273600,1521277199,0.08106000,0.08150000,0.08043000,0.08150000,37231.34000000
1521277200,1521280799,0.08156000,0.08335000,0.08066000,0.08110000,11222.66000000
1521280800,1521284399,0.08110000,0.08183000,0.08071000,0.08071000,707.36000000
1521284400,1521287999,0.08092000,0.08114000,0.07860000,0.07978000,17705.27000000
1521288000,1521291599,0.07978000,0.08077000,0.07949000,0.07971000,15549.53000000
1521291600,1521295199,0.07957000,0.08166000,0.07930000,0.08159000,20896.38000000
1521295200,1521298799,0.08167000,0.08198000,0.08048000,0.08062000,22757.43000000
1521298800,1521302399,0.08083000,0.08117000,0.08030000,0.08060000,14750.51000000
1521302400,1521305999,0.08128000,0.08129000,0.08018000,0.08020000,30558.50000000
1521306000,1521309599,0.08074000,0.08104000,0.07957000,0.07977000,39384.12000000
1521309600,1521313199,0.07995000,0.08063000,0.07902000,0.07903000,40492.69000000
1521313200,1521316799,0.07956000,0.08079000,0.07901000,0.07952000,16786.58000000
1521316800,1521320399,0.07952000,0.08074000,0.07805000,0.07805000,18267.47000000
1521320400,1521323999,0.07983000,0.08034000,0.07904000,0.07928000,40533.55000000
1521324000,1521327599,0.07915000,0.07927000,0.07805000,0.07834000,47776.24000000
1521327600,1521331199,0.07834000,0.07922000,0.07782000,0.07835000,6785.97000000
1521331200,1521334799,0.07882000,0.07882000,0.07741000,0.07744000,33919.44000000
1521334800,1521338399,0.07770000,0.07770000,0.07450000,0.07530000,32911.79000000
1521338400,1521341999,0.07450000,0.07637000,0.07358000,0.07576000,33737.15000000
1521342000,1521345599,0.07454000,0.07547000,0.07454000,0.07529000,6893.87000000
1521345600,1521349199,0.07522000,0.07671000,0.07423000,0.07458000,19862.60000000
1521349200,1521352799,0.07456000,0.07539000,0.07347000,0.07445000,20463.45000000
1521352800,1521356399,0.07427000,0.07575000,0.07394000,0.07462000,26596.64000000
1521356400,1521359999,0.07500000,0.07500000,0.07357000,0.07404000,35085.13000000
1521360000,1521363599,0.07425000,0.07481000,0.07318000,0.07395000,25228.61000000
1521363600,1521367199,0.07399000,0.07498000,0.07314000,0.07352000,22707.14000000
1521367200,1521370799,0.07432000,0.07481000,0.07397000,0.07428000,2449.90000000
1521370800,1521374399,0.07446000,0.07552000,0.07387000,0.07479000,20493.15000000
1521374400,1521377999,0.07481000,0.07613000,0.07478000,0.07533000,33643.89000000
1521378000,1521381599,0.07531000,0.07653000,0.07530000,0.07532000,19474.16000000
1521381600,1521385199,0.07557000,0.07594000,0.07389000,0.07400000,42643.89000000
1521385200,1521388799,0.07352000,0.07446000,0.07237000,0.07357000,23528.71000000
1521388800,1521392399,0.07369000,0.07505000,0.07308000,0.07505000,21311.27000000
1521392400,1521395999,0.07379000,0.07448000,0.07258000,0.07371000,19350.81000000
1521396000,1521399599,0.07418000,0.07540000,0.07333000,0.07420000,17071.47000000
1521399600,1521403199,0.07374000,0.07522000,0.07364000,0.07484000,16102.19000000
1521403200,1521406799,0.07440000,0.07485000,0.07395000,0.07464000,25213.78000000
1521406800,1521410399,0.07413000,0.07656000,0.07401000,0.07618000,34015.15000000
1521410400,1521413999,0.07620000,0.07802000,0.07527000,0.07802000,10524.87000000
1521414000,1521417599,0.07679000,0.07891000,0.07632000,0.07750000,28823.00000000
1521417600,1521421199,0.07775000,0.07775000,0.07638000,0.07696000,240.51000000
1521421200,1521424799,0.07696000,0.07822000,0.07629000,0.07731000,16985.10000000
1521424800,1521428399,0.07805000,0.07819000,0.07697000,0.07730000,50314.23000000
1521428400,1521431999,0.07714000,0.07889000,0.07712000,0.07889000,36342.82000000
1521432000,1521435599,0.07831000,0.07890000,0.07775000,0.07818000,55432.90000000
1521435600,1521439199,0.07777000,0.07822000,0.07724000,0.07735000,38796.71000000
1521439200,1521442799,0.07766000,0.07821000,0.07698000,0.07702000,42847.41000000
1521442800,1521446399,0.07699000,0.07808000,0.07698000,0.07736000,16276.38000000
1521446400,1521449999,0.07748000,0.07887000,0.07739000,0.07768000,11066.63000000
1521450000,1521453599,0.07858000,0.08015000,0.07755000,0.07922000,40805.92000000
1521453600,1521457199,0.08017000,0.08101000,0.07924000,0.08017000,24946.03000000
1521457200,1521460799,0.08047000,0.08177000,0.08017000,0.08170000,45145.16000000
1521460800,1521464399,0.08172000,0.08239000,0.08172000,0.08178000,34341.26000000
1521464400,1521467999,0.08184000,0.08237000,0.08042000,0.08130000,35865.76000000
1521468000,1521471599,0.08058000,0.08239000,0.08037000,0.08238000,15395.31000000
1521471600,1521475199,0.08199000,0.08239000,0.08084000,0.08182000,31746.58000000
1521475200,1521478799,0.08185000,0.08761000,0.08185000,0.08328000,47992.31000000
1521478800,1521482399,0.08266000,0.08953000,0.08202000,0.08542000,32086.16000000
1521482400,1521485999,0.08617000,0.08773000,0.08524000,0.08773000,33437.93000000
1521486000,1521489599,0.08709000,0.08782000,0.08603000,0.08627000,30648.51000000
1521489600,1521493199,0.08608000,0.08892000,0.08608000,0.08720000,17933.19000000
1521493200,1521496799,0.08649000,0.08944000,0.08640000,0.08760000,26120.08000000
1521496800,1521500399,0.08759000,0.09979000,0.08675000,0.09768000,61881.00000000
1521500400,1521503999,0.09769000,0.10191000,0.08752000,0.08752000,52826.84000000
1521504000,1521507599,0.08822000,0.08914000,0.08674000,0.08762000,48593.09000000
1521507600,1521511199,0.08762000,0.08833000,0.08633000,0.08716000,56463.02000000
1521511200,1521514799,0.08672000,0.08738000,0.08629000,0.08688000,26048.44000000
1521514800,1521518399,0.08738000,0.08794000,0.08584000,0.08631000,41655.96000000
1521518400,1521521999,0.08659000,0.08743000,0.08616000,0.08689000,27707.28000000
1521522000,1521525599,0.08715000,0.08790000,0.08673000,0.08763000,31604.26000000
1521525600,1521529199,0.08806000,0.08847000,0.08708000,0.08847000,12916.95000000
1521529200,1521532799,0.08816000,0.08970000,0.08769000,0.08816000,20812.50000000
1521532800,1521536399,0.08910000,0.08910000,0.08705000,0.08737000,39955.95000000
1521536400,1521539999,0.08718000,0.08816000,0.08471000,0.08471000,17137.23000000
1521540000,1521543599,0.08497000,0.08562000,0.08412000,0.08542000,34071.72000000
1521543600,1521547199,0.08541000,0.08580000,0.08439000,0.08439000,46304.74000000
1521547200,1521550799,0.08516000,0.08559000,0.08450000,0.08450000,15466.68000000
1521550800,1521554399,0.08521000,0.08571000,0.08440000,0.08511000,30061.25000000
1521554400,1521557999,0.08543000,0.08654000,0.08512000,0.08547000,34392.30000000
1521558000,1521561599,0.08598000,0.08673000,0.08570000,0.08673000,106.86000000
1521561600,1521565199,0.08542000,0.08644000,0.08481000,0.08597000,48746.10000000
1521565200,1521568799,0.08598000,0.08830000,0.08598000,0.08753000,37127.05000000
1521568800,1521572399,0.08878000,0.08915000,0.08489000,0.08489000,23755.93000000
1521572400,1521575999,0.08726000,0.08934000,0.08726000,0.08934000,31261.96000000
1521576000,1521579599,0.08927000,0.09042000,0.08879000,0.08969000,17912.46000000
1521579600,1521583199,0.08979000,0.09248000,0.08923000,0.09209000,30262.88000000
1521583200,1521586799,0.09246000,0.09304000,0.09117000,0.09185000,46228.96000000
1521586800,1521590399,0.09185000,0.09253000,0.08997000,0.09018000,41454.49000000
1521590400,1521593999,0.08996000,0.09061000,0.08934000,0.08963000,30774.28000000
1521594000,1521597599,0.08964000,0.09004000,0.08843000,0.08887000,21052.29000000
1521597600,1521601199,0.08935000,0.09001000,0.08888000,0.08941000,12693.37000000
1521601200,1521604799,0.08889000,0.08913000,0.08807000,0.08807000,3915.61000000
1521604800,1521608399,0.08770000,0.08906000,0.08770000,0.08808000,13113.43000000
1521608400,1521611999,0.08934000,0.08934000,0.08766000,0.08889000,34654.70000000
1521612000,1521615599,0.08910000,0.08948000,0.08866000,0.08870000,28446.39000000
1521615600,1521619199,0.08874000,0.08947000,0.08847000,0.08847000,34571.68000000
1521619200,1521622799,0.08916000,0.09020000,0.08914000,0.08961000,47982.14000000
1521622800,1521626399,0.08915000,0.08996000,0.08882000,0.08948000,34226.79000000
1521626400,1521629999,0.08948000,0.09046000,0.08453000,0.08581000,45756.71000000
1521630000,1521633599,0.08580000,0.08615000,0.08097000,0.08384000,40103.75000000
1521633600,1521637199,0.08400000,0.08483000,0.08074000,0.08263000,19669.32000000
1521637200,1521640799,0.08286000,0.08473000,0.08244000,0.08322000,26135.88000000
1521640800,1521644399,0.08363000,0.08450000,0.08301000,0.08306000,21139.06000000
1521644400,1521647999,0.08180000,0.08310000,0.08124000,0.08310000,30297.30000000
1521648000,1521651599,0.08255000,0.08385000,0.08219000,0.08347000,23878.84000000
1521651600,1521655199,0.08346000,0.08389000,0.08262000,0.08384000,39219.19000000
1521655200,1521658799,0.08381000,0.08487000,0.08283000,0.08487000,14953.67000000
1521658800,1521662399,0.08436000,0.08458000,0.08287000,0.08352000,22785.58000000
1521662400,1521665999,0.08348000,0.08398000,0.08218000,0.08361000,26470.85000000
1521666000,1521669599,0.08399000,0.08486000,0.08332000,0.08356000,34506.77000000
1521669600,1521673199,0.08392000,0.08429000,0.08062000,0.08172000,26009.35000000
1521673200,1521676799,0.08150000,0.08201000,0.08028000,0.08030000,26613.40000000
1521676800,1521680399,0.08149000,0.08149000,0.07807000,0.07878000,19798.31000000
1521680400,1521683999,0.07830000,0.07954000,0.07793000,0.07936000,9680.45000000
1521684000,1521687599,0.07975000,0.08313000,0.07947000,0.08261000,19312.31000000
1521687600,1521691199,0.08188000,0.08321000,0.08188000,0.08222000,15681.99000000
1521691200,1521694799,0.08226000,0.08226000,0.07924000,0.07924000,6245.35000000
1521694800,1521698399,0.07915000,0.07940000,0.07500000,0.07596000,42714.75000000
1521698400,1521701999,0.07566000,0.07749000,0.07427000,0.07619000,33238.82000000
1521702000,1521705599,0.07564000,0.07650000,0.07482000,0.07505000,24275.59000000
1521705600,1521709199,0.07553000,0.07578000,0.07412000,0.07481000,29277.13000000
1521709200,1521712799,0.07459000,0.07769000,0.07373000,0.07636000,44086.24000000
1521712800,1521716399,0.07575000,0.07859000,0.07575000,0.07730000,20566.74000000
1521716400,1521719999,0.07774000,0.07774000,0.07573000,0.07699000,30838.93000000
1521720000,1521723599,0.07646000,0.07691000,0.07574000,0.07640000,14951.84000000
1521723600,1521727199,0.07646000,0.07950000,0.07599000,0.07792000,20403.21000000
1521727200,1521730799,0.07762000,0.07895000,0.07759000,0.07863000,22543.15000000
1521730800,1521734399,0.07818000,0.07843000,0.07732000,0.07732000,38367.32000000
1521734400,1521737999,0.07772000,0.07772000,0.07623000,0.07662000,47111.07000000
1521738000,1521741599,0.07632000,0.07787000,0.07632000,0.07721000,20934.71000000
1521741600,1521745199,0.07691000,0.07853000,0.07691000,0.07804000,59894.77000000
1521745200,1521748799,0.07810000,0.07885000,0.07777000,0.07850000,31392.26000000
1521748800,1521752399,0.07851000,0.07906000,0.07798000,0.07810000,21883.20000000
1521752400,1521755999,0.07809000,0.07880000,0.07809000,0.07820000,17483.08000000
1521756000,1521759599,0.07862000,0.07911000,0.07837000,0.07859000,3506.49000000
1521759600,1521763199,0.07844000,0.07896000,0.07818000,0.07820000,34693.94000000
1521763200,1521766799,0.07819000,0.07909000,0.07819000,0.07855000,11889.51000000
1521766800,1521770399,0.07956000,0.08000000,0.07869000,0.07869000,21844.37000000
1521770400,1521773999,0.07868000,0.07945000,0.07819000,0.07819000,23263.33000000
1521774000,1521777599,0.07821000,0.07870000,0.07778000,0.07870000,8952.83000000
1521777600,1521781199,0.07830000,0.07830000,0.07689000,0.07689000,5271.66000000
1521781200,1521784799,0.07695000,0.07724000,0.07642000,0.07695000,37500.18000000
1521784800,1521788399,0.07706000,0.07846000,0.07620000,0.07766000,16016.44000000
1521788400,1521791999,0.07867000,0.07886000,0.07625000,0.07676000,8474.21000000
1521792000,1521795599,0.07643000,0.07826000,0.07628000,0.07745000,23820.65000000
1521795600,1521799199,0.07745000,0.07860000,0.07682000,0.07716000,13478.58000000
1521799200,1521802799,0.07725000,0.07804000,0.07716000,0.07722000,26718.90000000
1521802800,1521806399,0.07703000,0.07813000,0.07703000,0.07813000,3798.22000000
1521806400,1521809999,0.07826000,0.07832000,0.07686000,0.07733000,15393.86000000
1521810000,1521813599,0.07686000,0.07727000,0.07473000,0.07473000,20654.60000000
1521813600,1521817199,0.07457000,0.07526000,0.07320000,0.07415000,24720.60000000
1521817200,1521820799,0.07394000,0.07421000,0.07273000,0.07294000,35051.36000000
1521820800,1521824399,0.07321000,0.07386000,0.07202000,0.07297000,13807.23000000
1521824400,1521827999,0.07298000,0.07432000,0.07256000,0.07277000,15483.26000000
1521828000,1521831599,0.07350000,0.07370000,0.07209000,0.07210000,18116.39000000
1521831600,1521835199,0.07255000,0.07255000,0.07044000,0.07141000,16385.71000000
1521835200,1521838799,0.07071000,0.07200000,0.06561000,0.06659000,42050.31000000
1521838800,1521842399,0.06659000,0.07048000,0.06563000,0.06954000,24511.89000000
1521842400,1521845999,0.06825000,0.07055000,0.06738000,0.06738000,24155.81000000
1521846000,1521849599,0.06874000,0.06962000,0.06785000,0.06785000,13916.58000000
1521849600,1521853199,0.06870000,0.06898000,0.06514000,0.06514000,8026.65000000
1521853200,1521856799,0.06467000,0.06577000,0.06314000,0.06398000,23902.70000000
1521856800,1521860399,0.06437000,0.06537000,0.06376000,0.06435000,15922.52000000
1521860400,1521863999,0.06458000,0.06552000,0.06433000,0.06475000,24323.74000000
1521864000,1521867599,0.06588000,0.06690000,0.06555000,0.06631000,20770.12000000
1521867600,1521871199,0.06629000,0.06701000,0.06421000,0.06634000,25137.66000000
1521871200,1521874799,0.06513000,0.06586000,0.06462000,0.06514000,9173.79000000
1521874800,1521878399,0.06537000,0.06607000,0.06335000,0.06433000,14731.66000000
1521878400,1521881999,0.06511000,0.06604000,0.06459000,0.06533000,24581.03000000
1521882000,1521885599,0.06542000,0.06564000,0.06459000,0.06485000,48635.39000000
1521885600,1521889199,0.06485000,0.06530000,0.06398000,0.06484000,12556.51000000
1521889200,1521892799,0.06508000,0.06559000,0.06454000,0.06522000,6805.02000000
1521892800,1521896399,0.06531000,0.06541000,0.06450000,0.06487000,37356.27000000
1521896400,1521899999,0.06455000,0.06593000,0.06455000,0.06477000,35884.91000000
1521900000,1521903599,0.06476000,0.06591000,0.06275000,0.06285000,29287.12000000
1521903600,1521907199,0.06270000,0.06430000,0.06173000,0.06253000,53388.25000000
1521907200,1521910799,0.06253000,0.06253000,0.05857000,0.05967000,29603.61000000
1521910800,1521914399,0.05968000,0.06302000,0.05890000,0.06001000,50869.73000000
1521914400,1521917999,0.05935000,0.06103000,0.05445000,0.05789000,32080.15000000
1521918000,1521921599,0.05673000,0.05964000,0.05440000,0.05962000,35545.98000000
1521921600,1521925199,0.05963000,0.06200000,0.05760000,0.06139000,29410.85000000
1521925200,1521928799,0.06145000,0.06354000,0.06014000,0.06014000,33214.82000000
1521928800,1521932399,0.05888000,0.05982000,0.05674000,0.05827000,39785.51000000
1521932400,1521935999,0.05783000,0.06000000,0.05746000,0.05883000,13631.75000000
1521936000,1521939599,0.05903000,0.06070000,0.05856000,0.05975000,25591.26000000
1521939600,1521943199,0.06014000,0.06060000,0.05812000,0.05876000,28147.26000000
1521943200,1521946799,0.05845000,0.05995000,0.05845000,0.05925000,17600.80000000
1521946800,1521950399,0.05917000,0.05945000,0.05684000,0.05684000,32918.99000000
1521950400,1521953999,0.05675000,0.05779000,0.05592000,0.05733000,30943.68000000
1521954000,1521957599,0.05712000,0.05770000,0.05486000,0.05554000,29331.99000000
1521957600,1521961199,0.05534000,0.05630000,0.05427000,0.05630000,18334.88000000
1521961200,1521964799,0.05575000,0.05852000,0.05575000,0.05828000,30955.45000000
1521964800,1521968399,0.05822000,0.05972000,0.05800000,0.05901000,37240.04000000
1521968400,1521971999,0.05901000,0.05913000,0.05821000,0.05876000,22897.66000000
1521972000,1521975599,0.05810000,0.05903000,0.05793000,0.05891000,9458.42000000
1521975600,1521979199,0.05889000,0.05939000,0.05848000,0.05861000,38395.01000000
1521979200,1521982799,0.05916000,0.05917000,0.05775000,0.05826000,35866.12000000
1521982800,1521986399,0.05827000,0.05918000,0.05804000,0.05867000,19924.55000000
1521986400,1521989999,0.05870000,0.06057000,0.05864000,0.05985000,27683.48000000
1521990000,1521993599,0.06075000,0.06273000,0.06056000,0.06206000,24555.93000000
1521993600,1521997199,0.06271000,0.06601000,0.06209000,0.06482000,38369.72000000
1521997200,1522000799,0.06580000,0.06583000,0.06270000,0.06292000,29755.48000000
1522000800,1522004399,0.06335000,0.06401000,0.06116000,0.06231000,42202.60000000
1522004400,1522007999,0.06321000,0.06321000,0.06201000,0.06201000,21105.05000000
1522008000,1522011599,0.06215000,0.06419000,0.06215000,0.06419000,7420.00000000
1522011600,1522015199,0.06419000,0.06637000,0.06419000,0.06477000,17551.83000000
1522015200,1522018799,0.06417000,0.06529000,0.06214000,0.06331000,20906.47000000
1522018800,1522022399,0.06282000,0.06378000,0.06229000,0.06229000,34165.40000000
1522022400,1522025999,0.06214000,0.06269000,0.06204000,0.06224000,25248.05000000
1522026000,1522029599,0.06207000,0.06350000,0.06207000,0.06314000,22225.55000000
1522029600,1522033199,0.06336000,0.06461000,0.06336000,0.06369000,12335.31000000
1522033200,1522036799,0.06406000,0.06500000,0.06371000,0.06494000,17458.71000000
1522036800,1522040399,0.06493000,0.06515000,0.06399000,0.06476000,24884.41000000
1522040400,1522043999,0.06408000,0.06464000,0.06391000,0.06464000,34696.33000000
1522044000,1522047599,0.06481000,0.06481000,0.06409000,0.06411000,27194.48000000
1522047600,1522051199,0.06411000,0.06567000,0.06411000,0.06480000,26670.68000000
1522051200,1522054799,0.06526000,0.06670000,0.06483000,0.06663000,20445.97000000
1522054800,1522058399,0.06656000,0.06685000,0.06398000,0.06448000,27563.22000000
1522058400,1522061999,0.06448000,0.06448000,0.06191000,0.06314000,30882.68000000
1522062000,1522065599,0.06315000,0.06384000,0.06070000,0.06263000,35359.68000000
1522065600,1522069199,0.06279000,0.06357000,0.06073000,0.06155000,38264.33000000
1522069200,1522072799,0.06125000,0.06163000,0.05992000,0.06134000,22060.65000000
1522072800,1522076399,0.06088000,0.06211000,0.06035000,0.06132000,12889.97000000
1522076400,1522079999,0.06069000,0.06163000,0.06022000,0.06022000,13077.35000000
1522080000,1522083599,0.06079000,0.06094000,0.05997000,0.06076000,30932.64000000
1522083600,1522087199,0.06063000,0.06284000,0.05998000,0.06216000,18269.12000000
1522087200,1522090799,0.06262000,0.06309000,0.06147000,0.06167000,38470.95000000
1522090800,1522094399,0.06151000,0.06325000,0.06151000,0.06236000,39089.08000000
1522094400,1522097999,0.06277000,0.06324000,0.06234000,0.06321000,37178.32000000
1522098000,1522101599,0.06251000,0.06356000,0.06244000,0.06260000,11570.99000000
1522101600,1522105199,0.06321000,0.06365000,0.05940000,0.06007000,26604.40000000
1522105200,1522108799,0.06079000,0.06103000,0.05894000,0.06009000,22755.58000000
1522108800,1522112399,0.05950000,0.06091000,0.05897000,0.06091000,11503.13000000
1522112400,1522115999,0.05958000,0.06095000,0.05942000,0.05977000,19734.66000000
1522116000,1522119599,0.06037000,0.06257000,0.06036000,0.06257000,7440.28000000
1522119600,1522123199,0.06212000,0.06251000,0.06132000,0.06132000,5996.71000000
1522123200,1522126799,0.06077000,0.06254000,0.06077000,0.06214000,18856.07000000
1522126800,1522130399,0.06204000,0.06253000,0.06123000,0.06186000,10894.84000000
1522130400,1522133999,0.06129000,0.06229000,0.06129000,0.06147000,6228.07000000
1522134000,1522137599,0.06198000,0.06227000,0.06133000,0.06222000,14189.63000000
1522137600,1522141199,0.06225000,0.06226000,0.06143000,0.06202000,39261.34000000
1522141200,1522144799,0.06202000,0.06204000,0.06059000,0.06199000,35038.59000000
1522144800,1522148399,0.06142000,0.06202000,0.06109000,0.06189000,21029.84000000
1522148400,1522151999,0.06051000,0.06148000,0.06027000,0.06097000,25795.00000000
1522152000,1522155599,0.06117000,0.06204000,0.06054000,0.06203000,54583.55000000
1522155600,1522159199,0.06171000,0.06364000,0.06157000,0.06219000,20013.11000000
1522159200,1522162799,0.06239000,0.06380000,0.06223000,0.06223000,21013.48000000
1522162800,1522166399,0.06268000,0.06389000,0.06049000,0.06049000,20805.56000000
1522166400,1522169999,0.06146000,0.06269000,0.05983000,0.06121000,29158.97000000
1522170000,1522173599,0.06119000,0.06279000,0.06079000,0.06150000,11636.85000000
1522173600,1522177199,0.06151000,0.06206000,0.06150000,0.06165000,8580.39000000
1522177200,1522180799,0.06151000,0.06183000,0.06019000,0.06109000,17899.65000000
1522180800,1522184399,0.06131000,0.06147000,0.06018000,0.06088000,34359.46000000
1522184400,1522187999,0.06120000,0.06131000,0.06040000,0.06077000,26786.95000000
1522188000,1522191599,0.06166000,0.06207000,0.06102000,0.06127000,20105.98000000
1522191600,1522195199,0.06125000,0.06180000,0.06051000,0.06051000,9793.98000000
1522195200,1522198799,0.06037000,0.06127000,0.06036000,0.06095000,17308.14000000
1522198800,1522202399,0.06095000,0.06179000,0.06051000,0.06127000,49236.40000000
1522202400,1522205999,0.06127000,0.06150000,0.06039000,0.06092000,57170.71000000
1522206000,1522209599,0.06119000,0.06119000,0.06021000,0.06021000,20900.46000000
1522209600,1522213199,0.06043000,0.06066000,0.06004000,0.06028000,18027.46000000
1522213200,1522216799,0.06072000,0.06180000,0.05963000,0.06013000,15279.75000000
1522216800,1522220399,0.06013000,0.06077000,0.05882000,0.05912000,34538.55000000
1522220400,1522223999,0.05959000,0.05959000,0.05851000,0.05906000,18607.25000000
1522224000,1522227599,0.05945000,0.06030000,0.05919000,0.05976000,11167.50000000
1522227600,1522231199,0.05934000,0.06005000,0.05808000,0.05879000,22603.86000000
1522231200,1522234799,0.05879000,0.06082000,0.05870000,0.06037000,20818.43000000
1522234800,1522238399,0.06073000,0.06203000,0.06053000,0.06127000,19806.33000000
1522238400,1522241999,0.06129000,0.06204000,0.06061000,0.06133000,25724.66000000
1522242000,1522245599,0.06109000,0.06273000,0.06020000,0.06238000,16756.21000000
1522245600,1522249199,0.06294000,0.06450000,0.06227000,0.06418000,28530.73000000
1522249200,1522252799,0.06374000,0.06452000,0.06332000,0.06450000,47073.89000000
1522252800,1522256399,0.06449000,0.06450000,0.06264000,0.06312000,40009.90000000
1522256400,1522259999,0.06306000,0.06314000,0.06213000,0.06213000,20261.66000000
1522260000,1522263599,0.06262000,0.06358000,0.06244000,0.06261000,18204.84000000
1522263600,1522267199,0.06302000,0.06447000,0.06268000,0.06321000,20588.32000000
1522267200,1522270799,0.06322000,0.06432000,0.06322000,0.06402000,28016.49000000
1522270800,1522274399,0.06384000,0.06458000,0.06384000,0.06420000,28350.95000000
1522274400,1522277999,0.06417000,0.06494000,0.06394000,0.06395000,33355.02000000
1522278000,1522281599,0.06392000,0.06471000,0.06332000,0.06359000,18166.98000000
1522281600,1522285199,0.06352000,0.06494000,0.06327000,0.06353000,4980.85000000
1522285200,1522288799,0.06432000,0.06432000,0.06303000,0.06306000,7499.03000000
1522288800,1522292399,0.06306000,0.06326000,0.06304000,0.06304000,12123.37000000
1522292400,1522295999,0.06308000,0.06350000,0.06304000,0.06304000,1896.93000000
1522296000,1522299599,0.06304000,0.06484000,0.06278000,0.06365000,25383.72000000
1522299600,1522303199,0.06333000,0.06350000,0.06308000,0.06325000,19230.40000000
1522303200,1522306799,0.06335000,0.06437000,0.06332000,0.06414000,11370.36000000
1522306800,1522310399,0.06462000,0.06535000,0.06452000,0.06503000,23055.70000000
1522310400,1522313999,0.06519000,0.06519000,0.06346000,0.06444000,24196.11000000
1522314000,1522317599,0.06461000,0.06520000,0.06372000,0.06379000,28619.41000000
1522317600,1522321199,0.06342000,0.06537000,0.06121000,0.06212000,36730.15000000
1522321200,1522324799,0.06207000,0.06210000,0.05982000,0.06063000,31817.20000000
1522324800,1522328399,0.06043000,0.06198000,0.06003000,0.06159000,41731.32000000
1522328400,1522331999,0.06129000,0.06158000,0.06025000,0.06078000,12703.71000000
1522332000,1522335599,0.06044000,0.06190000,0.06044000,0.06115000,16466.15000000
1522335600,1522339199,0.06059000,0.06107000,0.06046000,0.06083000,8006.62000000
1522339200,1522342799,0.06082000,0.06122000,0.06029000,0.06059000,13926.88000000
1522342800,1522346399,0.06097000,0.06150000,0.06033000,0.06033000,6827.59000000
1522346400,1522349999,0.06074000,0.06118000,0.06021000,0.06042000,21069.66000000
1522350000,1522353599,0.06089000,0.06115000,0.06030000,0.06079000,27980.27000000
1522353600,1522357199,0.06040000,0.06097000,0.05994000,0.06097000,33382.57000000
1522357200,1522360799,0.06099000,0.06099000,0.05937000,0.05937000,31556.11000000
1522360800,1522364399,0.06017000,0.06099000,0.05964000,0.06015000,41540.37000000
1522364400,1522367999,0.06017000,0.06132000,0.06010000,0.06029000,24539.61000000
1522368000,1522371599,0.06056000,0.06146000,0.05907000,0.05909000,46374.66000000
1522371600,1522375199,0.05921000,0.05956000,0.05831000,0.05846000,11649.44000000
1522375200,1522378799,0.05894000,0.05977000,0.05868000,0.05878000,23510.12000000
1522378800,1522382399,0.05897000,0.05926000,0.05851000,0.05851000,5582.42000000
1522382400,1522385999,0.05883000,0.05915000,0.05713000,0.05740000,40462.05000000
1522386000,1522389599,0.05744000,0.05745000,0.05676000,0.05739000,37272.52000000
1522389600,1522393199,0.05713000,0.05838000,0.05710000,0.05759000,26942.22000000
1522393200,1522396799,0.05769000,0.05823000,0.05742000,0.05797000,37112.27000000
1522396800,1522400399,0.05797000,0.06096000,0.05796000,0.06042000,25878.37000000
1522400400,1522403999,0.06091000,0.06100000,0.05936000,0.05976000,22886.42000000
1522404000,1522407599,0.05983000,0.06028000,0.05904000,0.05959000,21211.60000000
1522407600,1522411199,0.05973000,0.06054000,0.05953000,0.06002000,22760.64000000
1522411200,1522414799,0.06003000,0.06067000,0.05986000,0.05986000,45043.24000000
1522414800,1522418399,0.05992000,0.06032000,0.05940000,0.05971000,18430.23000000
1522418400,1522421999,0.05967000,0.06016000,0.05871000,0.05928000,26352.91000000
1522422000,1522425599,0.05903000,0.05988000,0.05896000,0.05922000,49928.85000000
1522425600,1522429199,0.05992000,0.06049000,0.05846000,0.05846000,26041.96000000
1522429200,1522432799,0.05866000,0.05927000,0.05852000,0.05858000,43778.13000000
1522432800,1522436399,0.05884000,0.05914000,0.05858000,0.05860000,73320.07000000
1522436400,1522439999,0.05859000,0.05953000,0.05859000,0.05878000,54059.50000000
1522440000,1522443599,0.05878000,0.05925000,0.05837000,0.05837000,62496.71000000
1522443600,1522447199,0.05863000,0.05973000,0.05782000,0.05782000,22593.72000000
1522447200,1522450799,0.05782000,0.05795000,0.05703000,0.05741000,32052.41000000
1522450800,1522454399,0.05768000,0.05790000,0.05701000,0.05731000,28310.82000000
1522454400,1522457999,0.05730000,0.05753000,0.05670000,0.05701000,13559.59000000
1522458000,1522461599,0.05702000,0.05798000,0.05670000,0.05748000,17151.93000000
1522461600,1522465199,0.05755000,0.05820000,0.05755000,0.05820000,5612.26000000
1522465200,1522468799,0.05781000,0.05890000,0.05781000,0.05814000,10678.53000000
1522468800,1522472399,0.05819000,0.05839000,0.05809000,0.05810000,11754.90000000
1522472400,1522475999,0.05810000,0.05840000,0.05757000,0.05813000,19277.99000000
1522476000,1522479599,0.05839000,0.05844000,0.05755000,0.05758000,36888.38000000
1522479600,1522483199,0.05760000,0.05811000,0.05755000,0.05763000,25910.76000000
1522483200,1522486799,0.05813000,0.05813000,0.05757000,0.05791000,15830.20000000
1522486800,1522490399,0.05799000,0.06041000,0.05799000,0.05975000,20809.35000000
1522490400,1522493999,0.05965000,0.06008000,0.05893000,0.05910000,10906.63000000
1522494000,1522497599,0.05947000,0.06007000,0.05915000,0.05934000,12253.54000000
1522497600,1522501199,0.05915000,0.05984000,0.05865000,0.05868000,19487.78000000
1522501200,1522504799,0.05868000,0.05891000,0.05750000,0.05831000,29281.19000000
1522504800,1522508399,0.05845000,0.05907000,0.05792000,0.05807000,42726.38000000
1522508400,1522511999,0.05811000,0.05811000,0.05601000,0.05602000,59722.22000000
1522512000,1522515599,0.05652000,0.05761000,0.05606000,0.05699000,19738.03000000
1522515600,1522519199,0.05688000,0.05688000,0.05623000,0.05639000,5592.22000000
1522519200,1522522799,0.05639000,0.05719000,0.05612000,0.05644000,40681.14000000
1522522800,1522526399,0.05648000,0.05700000,0.05600000,0.05605000,39390.24000000
1522526400,1522529999,0.05630000,0.05726000,0.05601000,0.05678000,24996.92000000
1522530000,1522533599,0.05671000,0.05714000,0.05617000,0.05646000,28615.03000000
1522533600,1522537199,0.05626000,0.05635000,0.05519000,0.05575000,21960.85000000
1522537200,1522540799,0.05580000,0.05660000,0.05566000,0.05610000,7228.81000000
1522540800,1522544399,0.05594000,0.05646000,0.05551000,0.05617000,16355.83000000
1522544400,1522547999,0.05661000,0.05662000,0.05609000,0.05628000,12728.07000000
1522548000,1522551599,0.05624000,0.05678000,0.05623000,0.05676000,24316.91000000
1522551600,1522555199,0.05659000,0.05689000,0.05639000,0.05639000,24515.55000000
1522555200,1522558799,0.05651000,0.05659000,0.05573000,0.05581000,45037.02000000
1522558800,1522562399,0.05603000,0.05637000,0.05490000,0.05531000,69323.01000000
1522562400,1522565999,0.05517000,0.05556000,0.05461000,0.05542000,19198.59000000
1522566000,1522569599,0.05558000,0.05625000,0.05430000,0.05436000,20717.68000000
1522569600,1522573199,0.05434000,0.05515000,0.05430000,0.05441000,15607.37000000
1522573200,1522576799,0.05433000,0.05487000,0.05373000,0.05412000,18659.22000000
1522576800,1522580399,0.05361000,0.05409000,0.05272000,0.05337000,24549.09000000
1522580400,1522583999,0.05336000,0.05361000,0.05280000,0.05337000,16324.87000000
1522584000,1522587599,0.05359000,0.05447000,0.05259000,0.05278000,37351.80000000
1522587600,1522591199,0.05278000,0.05325000,0.05171000,0.05171000,17389.74000000
1522591200,1522594799,0.05223000,0.05307000,0.05148000,0.05148000,19957.02000000
1522594800,1522598399,0.05147000,0.05177000,0.05079000,0.05160000,10342.75000000
1522598400,1522601999,0.05124000,0.05325000,0.05105000,0.05325000,35743.99000000
1522602000,1522605599,0.05294000,0.05330000,0.05212000,0.05330000,24678.09000000
1522605600,1522609199,0.05364000,0.05461000,0.05213000,0.05214000,12508.34000000
1522609200,1522612799,0.05212000,0.05292000,0.05173000,0.05216000,11534.16000000
1522612800,1522616399,0.05227000,0.05333000,0.05176000,0.05220000,26132.37000000
1522616400,1522619999,0.05181000,0.05255000,0.05164000,0.05164000,34956.09000000
1522620000,1522623599,0.05220000,0.05285000,0.05166000,0.05223000,24877.50000000
1522623600,1522627199,0.05259000,0.05259000,0.05134000,0.05218000,14332.69000000
1522627200,1522630799,0.05133000,0.05171000,0.05089000,0.05124000,12743.99000000
1522630800,1522634399,0.05116000,0.05142000,0.05048000,0.05127000,29587.08000000
1522634400,1522637999,0.05127000,0.05179000,0.05093000,0.05141000,28893.81000000
1522638000,1522641599,0.05141000,0.05188000,0.05121000,0.05147000,39468.71000000
1522641600,1522645199,0.05148000,0.05219000,0.05085000,0.05120000,31451.62000000
1522645200,1522648799,0.05136000,0.05168000,0.05101000,0.05139000,20914.67000000
1522648800,1522652399,0.05163000,0.05182000,0.05105000,0.05108000,10841.93000000
1522652400,1522655999,0.05132000,0.05235000,0.05078000,0.05188000,10248.74000000
1522656000,1522659599,0.05244000,0.05284000,0.05214000,0.05253000,29853.92000000
1522659600,1522663199,0.05290000,0.05290000,0.05170000,0.05218000,12468.65000000
1522663200,1522666799,0.05200000,0.05209000,0.05111000,0.05111000,22485.26000000
1522666800,1522670399,0.05111000,0.05171000,0.05052000,0.05148000,25353.17000000
1522670400,1522673999,0.05142000,0.05170000,0.05085000,0.05118000,18522.87000000
1522674000,1522677599,0.05118000,0.05159000,0.05042000,0.05086000,32389.47000000
1522677600,1522681199,0.05051000,0.05112000,0.04954000,0.04968000,42342.84000000
1522681200,1522684799,0.04974000,0.04974000,0.04861000,0.04917000,29690.88000000
1522684800,1522688399,0.04929000,0.04959000,0.04826000,0.04827000,51120.94000000
1522688400,1522691999,0.04851000,0.04861000,0.04661000,0.04696000,45030.84000000
1522692000,1522695599,0.04696000,0.04804000,0.04661000,0.04723000,17851.05000000
1522695600,1522699199,0.04658000,0.04685000,0.04601000,0.04603000,8797.24000000
1522699200,1522702799,0.04619000,0.04727000,0.04600000,0.04698000,25258.90000000
1522702800,1522706399,0.04700000,0.04707000,0.04616000,0.04635000,57188.90000000
1522706400,1522709999,0.04635000,0.04707000,0.04631000,0.04659000,46009.22000000
1522710000,1522713599,0.04658000,0.04707000,0.04601000,0.04681000,25487.37000000
1522713600,1522717199,0.04648000,0.04688000,0.04600000,0.04688000,11297.89000000
1522717200,1522720799,0.04639000,0.04745000,0.04609000,0.04717000,27889.58000000
1522720800,1522724399,0.04685000,0.04730000,0.04671000,0.04702000,10016.35000000
1522724400,1522727999,0.04751000,0.04793000,0.04689000,0.04788000,27098.70000000
1522728000,1522731599,0.04750000,0.04913000,0.04749000,0.04872000,20538.37000000
1522731600,1522735199,0.04862000,0.05046000,0.04816000,0.04963000,35912.98000000
1522735200,1522738799,0.04912000,0.04957000,0.04815000,0.04828000,34399.50000000
1522738800,1522742399,0.04889000,0.04933000,0.04741000,0.04800000,26119.57000000
1522742400,1522745999,0.04800000,0.04803000,0.04599000,0.04700000,21527.23000000
1522746000,1522749599,0.04732000,0.04863000,0.04644000,0.04761000,33103.97000000
1522749600,1522753199,0.04761000,0.04872000,0.04705000,0.04804000,15275.18000000
1522753200,1522756799,0.04804000,0.04804000,0.04697000,0.04749000,10183.71000000
1522756800,1522760399,0.04802000,0.04802000,0.04720000,0.04720000,18113.34000000
1522760400,1522763999,0.04729000,0.04729000,0.04657000,0.04657000,29909.22000000
1522764000,1522767599,0.04617000,0.04670000,0.04589000,0.04609000,25291.57000000
1522767600,1522771199,0.04585000,0.04589000,0.04547000,0.04547000,14539.91000000
1522771200,1522774799,0.04497000,0.04561000,0.04461000,0.04536000,24941.72000000
1522774800,1522778399,0.04537000,0.04563000,0.04461000,0.04543000,45759.37000000
1522778400,1522781999,0.04541000,0.04608000,0.04517000,0.04569000,21213.69000000
1522782000,1522785599,0.04561000,0.04672000,0.04561000,0.04670000,28012.58000000
1522785600,1522789199,0.04671000,0.04693000,0.04566000,0.04693000,32957.32000000
1522789200,1522792799,0.04672000,0.04730000,0.04604000,0.04708000,15671.46000000
1522792800,1522796399,0.04709000,0.04715000,0.04662000,0.04706000,49751.55000000
1522796400,1522799999,0.04686000,0.04827000,0.04668000,0.04699000,36395.62000000
1522800000,1522803599,0.04768000,0.04947000,0.04768000,0.04900000,25127.88000000
1522803600,1522807199,0.04928000,0.04943000,0.04802000,0.04903000,17141.16000000
1522807200,1522810799,0.04901000,0.04977000,0.04876000,0.04895000,33890.53000000
1522810800,1522814399,0.04896000,0.04947000,0.04809000,0.04902000,21923.87000000
1522814400,1522817999,0.04892000,0.05100000,0.04862000,0.04990000,25056.18000000
1522818000,1522821599,0.04985000,0.05048000,0.04829000,0.04829000,29993.09000000
1522821600,1522825199,0.04855000,0.04972000,0.04697000,0.04897000,47514.82000000
1522825200,1522828799,0.04897000,0.05145000,0.04843000,0.05066000,23788.06000000
1522828800,1522832399,0.05067000,0.05131000,0.04862000,0.05062000,36926.38000000
1522832400,1522835999,0.05064000,0.05126000,0.04984000,0.05021000,28751.13000000
1522836000,1522839599,0.05012000,0.05012000,0.04825000,0.04869000,33425.46000000
1522839600,1522843199,0.04933000,0.04947000,0.04871000,0.04920000,17382.49000000
1522843200,1522846799,0.04919000,0.05018000,0.04874000,0.04874000,17541.64000000
1522846800,1522850399,0.04892000,0.04951000,0.04835000,0.04878000,24782.06000000
1522850400,1522853999,0.04911000,0.04931000,0.04800000,0.04862000,19631.66000000
1522854000,1522857599,0.04821000,0.04844000,0.04743000,0.04747000,46986.88000000
1522857600,1522861199,0.04750000,0.04945000,0.04730000,0.04869000,29883.07000000
1522861200,1522864799,0.04942000,0.05012000,0.04435000,0.04686000,43525.24000000
1522864800,1522868399,0.04740000,0.04765000,0.04679000,0.04747000,21090.89000000
1522868400,1522871999,0.04800000,0.04925000,0.04736000,0.04764000,46712.86000000
1522872000,1522875599,0.04751000,0.04802000,0.04702000,0.04747000,31191.83000000
1522875600,1522879199,0.04767000,0.04855000,0.04745000,0.04763000,29181.95000000
1522879200,1522882799,0.04791000,0.04808000,0.04744000,0.04773000,32284.59000000
1522882800,1522886399,0.04752000,0.04762000,0.04709000,0.04744000,23107.28000000
1522886400,1522889999,0.04728000,0.04743000,0.04628000,0.04683000,12349.49000000
1522890000,1522893599,0.04656000,0.04679000,0.04570000,0.04621000,16378.65000000
1522893600,1522897199,0.04603000,0.04634000,0.04570000,0.04618000,4680.01000000
1522897200,1522900799,0.04604000,0.04626000,0.04553000,0.04609000,23064.46000000
1522900800,1522904399,0.04589000,0.04667000,0.04589000,0.04619000,17547.31000000
1522904400,1522907999,0.04627000,0.04714000,0.04614000,0.04671000,47136.85000000
1522908000,1522911599,0.04671000,0.04693000,0.04622000,0.04662000,19827.86000000
1522911600,1522915199,0.04692000,0.04742000,0.04669000,0.04708000,18127.50000000
1522915200,1522918799,0.04708000,0.04724000,0.04621000,0.04623000,46381.51000000
1522918800,1522922399,0.04631000,0.04657000,0.04545000,0.04566000,27989.71000000
1522922400,1522925999,0.04555000,0.04620000,0.04532000,0.04618000,9302.29000000
1522926000,1522929599,0.04575000,0.04575000,0.04513000,0.04523000,15151.03000000
1522929600,1522933199,0.04568000,0.04575000,0.04470000,0.04492000,21505.12000000
1522933200,1522936799,0.04493000,0.04552000,0.04493000,0.04545000,1409.46000000
1522936800,1522940399,0.04543000,0.04588000,0.04509000,0.04511000,11334.38000000
1522940400,1522943999,0.04504000,0.04559000,0.04472000,0.04519000,30066.71000000
1522944000,1522947599,0.04528000,0.04552000,0.04478000,0.04487000,24561.33000000
1522947600,1522951199,0.04490000,0.04564000,0.04457000,0.04507000,33852.48000000
1522951200,1522954799,0.04489000,0.04508000,0.04463000,0.04464000,41510.52000000
1522954800,1522958399,0.04463000,0.04579000,0.04462000,0.04529000,23289.14000000
1522958400,1522961999,0.04560000,0.04583000,0.04482000,0.04482000,15935.35000000
1522962000,1522965599,0.04484000,0.04537000,0.04465000,0.04490000,22462.04000000
1522965600,1522969199,0.04479000,0.04512000,0.04477000,0.04480000,17812.91000000
1522969200,1522972799,0.04576000,0.04576000,0.04481000,0.04548000,11886.15000000
1522972800,1522976399,0.04539000,0.04539000,0.04460000,0.04532000,33776.01000000
1522976400,1522979999,0.04517000,0.04537000,0.04461000,0.04462000,43119.62000000
1522980000,1522983599,0.04462000,0.04521000,0.04398000,0.04492000,16061.01000000
1522983600,1522987199,0.04513000,0.04532000,0.04475000,0.04520000,19314.60000000
1522987200,1522990799,0.04502000,0.04526000,0.04477000,0.04521000,30836.66000000
1522990800,1522994399,0.04466000,0.04519000,0.04466000,0.04481000,12896.32000000
1522994400,1522997999,0.04504000,0.04527000,0.04372000,0.04415000,17025.23000000
1522998000,1523001599,0.04413000,0.04453000,0.04388000,0.04427000,7195.39000000
1523001600,1523005199,0.04373000,0.04523000,0.04373000,0.04468000,12470.07000000
1523005200,1523008799,0.04483000,0.04491000,0.04414000,0.04428000,24911.61000000
1523008800,1523012399,0.04450000,0.04480000,0.04421000,0.04459000,4158.69000000
1523012400,1523015999,0.04419000,0.04480000,0.04415000,0.04457000,16766.22000000
1523016000,1523019599,0.04464000,0.04545000,0.04455000,0.04545000,52496.72000000
1523019600,1523023199,0.04538000,0.04549000,0.04465000,0.04465000,21509.53000000
1523023200,1523026799,0.04431000,0.04458000,0.04359000,0.04418000,24673.34000000
1523026800,1523030399,0.04428000,0.04452000,0.04355000,0.04377000,39561.04000000
1523030400,1523033999,0.04378000,0.04419000,0.04378000,0.04414000,35484.85000000
1523034000,1523037599,0.04397000,0.04417000,0.04376000,0.04405000,23937.37000000
1523037600,1523041199,0.04392000,0.04417000,0.04391000,0.04417000,15001.20000000
1523041200,1523044799,0.04405000,0.04444000,0.04393000,0.04444000,15773.40000000
1523044800,1523048399,0.04445000,0.04471000,0.04422000,0.04455000,43743.58000000
1523048400,1523051999,0.04453000,0.04496000,0.04385000,0.04447000,35211.99000000
1523052000,1523055599,0.04485000,0.04485000,0.04418000,0.04418000,2971.82000000
1523055600,1523059199,0.04388000,0.04423000,0.04369000,0.04413000,5841.83000000
1523059200,1523062799,0.04408000,0.04416000,0.04378000,0.04398000,6803.04000000
1523062800,1523066399,0.04448000,0.04471000,0.04378000,0.04431000,2585.21000000
1523066400,1523069999,0.04456000,0.04482000,0.04391000,0.04419000,18876.26000000
1523070000,1523073599,0.04429000,0.04485000,0.04418000,0.04469000,1570.72000000
1523073600,1523077199,0.04485000,0.04518000,0.04446000,0.04446000,372.72000000
1523077200,1523080799,0.04450000,0.04507000,0.04449000,0.04485000,6175.86000000
1523080800,1523084399,0.04485000,0.04534000,0.04485000,0.04487000,6764.20000000
1523084400,1523087999,0.04493000,0.04557000,0.04493000,0.04551000,2965.39000000
1523088000,1523091599,0.04552000,0.04554000,0.04451000,0.04484000,29073.93000000
1523091600,1523095199,0.04477000,0.04512000,0.04450000,0.04482000,17891.13000000
1523095200,1523098799,0.04490000,0.04540000,0.04474000,0.04494000,8642.24000000
1523098800,1523102399,0.04494000,0.04535000,0.04445000,0.04473000,14174.84000000
1523102400,1523105999,0.04531000,0.04531000,0.04451000,0.04458000,31418.65000000
1523106000,1523109599,0.04478000,0.04558000,0.04454000,0.04484000,27148.19000000
1523109600,1523113199,0.04500000,0.04560000,0.04500000,0.04526000,15826.74000000
1523113200,1523116799,0.04529000,0.04591000,0.04521000,0.04530000,15278.35000000
1523116800,1523120399,0.04563000,0.04647000,0.04540000,0.04588000,14675.91000000
1523120400,1523123999,0.04574000,0.04660000,0.04574000,0.04601000,11631.81000000
1523124000,1523127599,0.04660000,0.05399000,0.04503000,0.04601000,65155.96000000
1523127600,1523131199,0.04617000,0.04636000,0.04546000,0.04569000,67953.53000000
1523131200,1523134799,0.04567000,0.04642000,0.04567000,0.04592000,42647.76000000
1523134800,1523138399,0.04615000,0.04699000,0.04576000,0.04673000,21114.07000000
1523138400,1523141999,0.04700000,0.04737000,0.04630000,0.04700000,26546.43000000
1523142000,1523145599,0.04695000,0.04716000,0.04694000,0.04695000,58629.20000000
1523145600,1523149199,0.04691000,0.04691000,0.04567000,0.04650000,15327.47000000
1523149200,1523152799,0.04651000,0.04713000,0.04648000,0.04652000,28051.08000000
1523152800,1523156399,0.04684000,0.04732000,0.04650000,0.04692000,39613.41000000
1523156400,1523159999,0.04704000,0.04710000,0.04587000,0.04622000,51651.92000000
1523160000,1523163599,0.04634000,0.04874000,0.04628000,0.04761000,30998.53000000
1523163600,1523167199,0.04762000,0.04811000,0.04713000,0.04713000,26492.93000000
1523167200,1523170799,0.04714000,0.04856000,0.04714000,0.04807000,42452.22000000
1523170800,1523174399,0.04808000,0.04857000,0.04774000,0.04824000,26586.34000000
1523174400,1523177999,0.04806000,0.04856000,0.04804000,0.04825000,33394.26000000
1523178000,1523181599,0.04776000,0.04855000,0.04753000,0.04763000,9992.56000000
1523181600,1523185199,0.04788000,0.04881000,0.04763000,0.04865000,27379.92000000
1523185200,1523188799,0.04848000,0.04882000,0.04829000,0.04881000,18531.19000000
1523188800,1523192399,0.04868000,0.04935000,0.04842000,0.04931000,21004.33000000
1523192400,1523195999,0.04935000,0.04935000,0.04884000,0.04920000,16185.29000000
1523196000,1523199599,0.04921000,0.04931000,0.04885000,0.04904000,56213.11000000
1523199600,1523203199,0.04908000,0.04953000,0.04895000,0.04936000,21402.03000000
1523203200,1523206799,0.04944000,0.04946000,0.04892000,0.04900000,44970.04000000
1523206800,1523210399,0.04899000,0.04965000,0.04896000,0.04923000,38940.21000000
1523210400,1523213999,0.04925000,0.05004000,0.04925000,0.04925000,18471.49000000
1523214000,1523217599,0.04977000,0.05029000,0.04943000,0.05015000,29472.68000000
1523217600,1523221199,0.05022000,0.05044000,0.04984000,0.04989000,29208.65000000
1523221200,1523224799,0.05018000,0.05129000,0.04988000,0.05031000,34566.15000000
1523224800,1523228399,0.05030000,0.05285000,0.04961000,0.04961000,42045.31000000
1523228400,1523231999,0.04980000,0.05012000,0.04930000,0.04939000,17749.86000000
1523232000,1523235599,0.04958000,0.05207000,0.04954000,0.05086000,26830.55000000
1523235600,1523239199,0.05110000,0.05164000,0.05061000,0.05160000,12817.14000000
1523239200,1523242799,0.05065000,0.05142000,0.05061000,0.05064000,12518.14000000
1523242800,1523246399,0.05086000,0.05129000,0.05043000,0.05048000,5274.05000000
1523246400,1523249999,0.05068000,0.05083000,0.05008000,0.05044000,34004.37000000
1523250000,1523253599,0.05051000,0.05055000,0.05006000,0.05008000,7679.37000000
1523253600,1523257199,0.05005000,0.05037000,0.04903000,0.04918000,42950.57000000
1523257200,1523260799,0.04947000,0.04986000,0.04910000,0.04931000,44592.59000000
1523260800,1523264399,0.04940000,0.05024000,0.04940000,0.04999000,11994.22000000
1523264400,1523267999,0.05001000,0.05084000,0.04995000,0.05063000,30445.15000000
1523268000,1523271599,0.05060000,0.05072000,0.04879000,0.04898000,20830.88000000
1523271600,1523275199,0.04893000,0.04893000,0.04797000,0.04830000,34880.18000000
1523275200,1523278799,0.04795000,0.04838000,0.04775000,0.04809000,14131.20000000
1523278800,1523282399,0.04837000,0.04890000,0.04787000,0.04875000,45695.85000000
1523282400,1523285999,0.04832000,0.04872000,0.04677000,0.04742000,21938.63000000
1523286000,1523289599,0.04729000,0.05435000,0.04729000,0.05229000,70643.61000000
1523289600,1523293199,0.05230000,0.05351000,0.04807000,0.04969000,75111.33000000
1523293200,1523296799,0.04969000,0.04990000,0.04880000,0.04930000,45183.72000000
1523296800,1523300399,0.04918000,0.05015000,0.04892000,0.04937000,25849.16000000
1523300400,1523303999,0.04945000,0.04982000,0.04891000,0.04959000,19639.27000000
1523304000,1523307599,0.04943000,0.04961000,0.04879000,0.04940000,12955.61000000
1523307600,1523311199,0.04905000,0.04972000,0.04905000,0.04963000,8904.68000000
1523311200,1523314799,0.04960000,0.04973000,0.04906000,0.04962000,11749.24000000
1523314800,1523318399,0.04936000,0.04977000,0.04907000,0.04920000,35757.10000000
1523318400,1523321999,0.04946000,0.04952000,0.04866000,0.04952000,12423.01000000
1523322000,1523325599,0.04957000,0.04958000,0.04899000,0.04934000,33786.94000000
1523325600,1523329199,0.04920000,0.04936000,0.04788000,0.04905000,25412.43000000
1523329200,1523332799,0.04902000,0.04908000,0.04765000,0.04778000,6856.61000000
1523332800,1523336399,0.04777000,0.04857000,0.04777000,0.04832000,35700.74000000
1523336400,1523339999,0.04856000,0.04856000,0.04766000,0.04776000,21808.57000000
1523340000,1523343599,0.04798000,0.04836000,0.04780000,0.04831000,12515.28000000
1523343600,1523347199,0.04832000,0.04871000,0.04823000,0.04836000,14551.65000000
1523347200,1523350799,0.04816000,0.04840000,0.04807000,0.04822000,44928.91000000
1523350800,1523354399,0.04822000,0.04882000,0.04820000,0.04836000,41454.08000000
1523354400,1523357999,0.04786000,0.04879000,0.04765000,0.04847000,51912.83000000
1523358000,1523361599,0.04870000,0.04883000,0.04847000,0.04847000,52049.49000000
1523361600,1523365199,0.04861000,0.04881000,0.04815000,0.04844000,76433.19000000
1523365200,1523368799,0.04858000,0.04910000,0.04848000,0.04881000,35289.20000000
1523368800,1523372399,0.04895000,0.05165000,0.04880000,0.05059000,48365.56000000
1523372400,1523375999,0.05059000,0.05112000,0.05013000,0.05021000,42672.87000000
1523376000,1523379599,0.05019000,0.05050000,0.05003000,0.05046000,60839.18000000
1523379600,1523383199,0.05005000,0.05046000,0.05002000,0.05002000,57314.41000000
1523383200,1523386799,0.05003000,0.05080000,0.05000000,0.05044000,39725.21000000
1523386800,1523390399,0.05051000,0.05076000,0.05004000,0.05032000,22865.76000000
1523390400,1523393999,0.05036000,0.05073000,0.05032000,0.05065000,42457.44000000
1523394000,1523397599,0.05060000,0.05100000,0.05051000,0.05073000,26651.34000000
1523397600,1523401199,0.05082000,0.05126000,0.05063000,0.05063000,53566.06000000
1523401200,1523404799,0.05064000,0.05100000,0.05051000,0.05075000,15977.68000000
1523404800,1523408399,0.05051000,0.05139000,0.05009000,0.05095000,18481.73000000
1523408400,1523411999,0.05098000,0.05100000,0.05016000,0.05063000,12200.12000000
1523412000,1523415599,0.05062000,0.05132000,0.05060000,0.05119000,10206.08000000
1523415600,1523419199,0.05112000,0.05150000,0.05068000,0.05070000,28986.70000000
1523419200,1523422799,0.05084000,0.05146000,0.05084000,0.05118000,43427.13000000
1523422800,1523426399,0.05123000,0.05152000,0.05092000,0.05128000,26912.99000000
1523426400,1523429999,0.05108000,0.05137000,0.05085000,0.05122000,26115.96000000
1523430000,1523433599,0.05139000,0.05153000,0.05072000,0.05083000,19016.87000000
1523433600,1523437199,0.05073000,0.05098000,0.05072000,0.05085000,5135.74000000
1523437200,1523440799,0.05091000,0.05132000,0.05085000,0.05113000,5669.85000000
1523440800,1523444399,0.05113000,0.05141000,0.05096000,0.05100000,34803.95000000
1523444400,1523447999,0.05104000,0.05155000,0.05092000,0.05093000,32814.88000000
1523448000,1523451599,0.05117000,0.05152000,0.05093000,0.05106000,10114.17000000
1523451600,1523455199,0.05108000,0.05214000,0.05108000,0.05200000,28920.85000000
1523455200,1523458799,0.05200000,0.05282000,0.05185000,0.05230000,30530.08000000
1523458800,1523462399,0.05235000,0.05243000,0.05197000,0.05221000,56186.36000000
1523462400,1523465999,0.05239000,0.05299000,0.05224000,0.05275000,8427.45000000
1523466000,1523469599,0.05263000,0.05301000,0.05223000,0.05301000,20443.94000000
1523469600,1523473199,0.05300000,0.05316000,0.05254000,0.05316000,23965.30000000
1523473200,1523476799,0.05324000,0.05361000,0.05299000,0.05312000,14400.01000000
1523476800,1523480399,0.05316000,0.05356000,0.05236000,0.05238000,19202.08000000
1523480400,1523483999,0.05238000,0.05298000,0.05225000,0.05264000,15040.51000000
1523484000,1523487599,0.05268000,0.05303000,0.05251000,0.05293000,34471.76000000
1523487600,1523491199,0.05292000,0.05390000,0.05185000,0.05198000,56375.75000000
1523491200,1523494799,0.05173000,0.05184000,0.05088000,0.05127000,15784.85000000
1523494800,1523498399,0.05114000,0.05168000,0.05101000,0.05131000,18553.83000000
1523498400,1523501999,0.05135000,0.05249000,0.05100000,0.05139000,49774.90000000
1523502000,1523505599,0.05162000,0.05230000,0.05141000,0.05188000,19672.73000000
1523505600,1523509199,0.05188000,0.05192000,0.05035000,0.05088000,5770.67000000
1523509200,1523512799,0.05109000,0.05178000,0.05109000,0.05155000,2288.34000000
1523512800,1523516399,0.05154000,0.05173000,0.05106000,0.05127000,13013.31000000
1523516400,1523519999,0.05106000,0.05133000,0.05068000,0.05105000,48714.38000000
1523520000,1523523599,0.05132000,0.05200000,0.05105000,0.05167000,47849.43000000
1523523600,1523527199,0.05167000,0.05196000,0.05141000,0.05153000,29940.90000000
1523527200,1523530799,0.05197000,0.05197000,0.05118000,0.05146000,32407.53000000
1523530800,1523534399,0.05146000,0.05400000,0.05035000,0.05278000,57732.62000000
1523534400,1523537999,0.05150000,0.05382000,0.05108000,0.05296000,26580.38000000
1523538000,1523541599,0.05309000,0.05328000,0.05130000,0.05303000,17321.09000000
1523541600,1523545199,0.05279000,0.05400000,0.05279000,0.05400000,34077.86000000
1523545200,1523548799,0.05362000,0.05388000,0.05299000,0.05318000,16177.03000000
1523548800,1523552399,0.05319000,0.05392000,0.05313000,0.05351000,26759.48000000
1523552400,1523555999,0.05393000,0.05432000,0.05338000,0.05349000,22215.65000000
1523556000,1523559599,0.05385000,0.05421000,0.05370000,0.05408000,55467.76000000
1523559600,1523563199,0.05409000,0.05429000,0.05321000,0.05364000,29808.23000000
1523563200,1523566799,0.05365000,0.05434000,0.05321000,0.05322000,17229.93000000
1523566800,1523570399,0.05324000,0.05500000,0.05324000,0.05500000,16831.24000000
1523570400,1523573999,0.05424000,0.05476000,0.05323000,0.05324000,18031.03000000
1523574000,1523577599,0.05407000,0.05450000,0.05366000,0.05380000,18818.46000000
1523577600,1523581199,0.05324000,0.05349000,0.05226000,0.05269000,19014.35000000
1523581200,1523584799,0.05271000,0.05279000,0.05154000,0.05233000,16465.25000000
1523584800,1523588399,0.05158000,0.05237000,0.05154000,0.05233000,7897.76000000
1523588400,1523591999,0.05230000,0.05296000,0.05199000,0.05234000,51849.08000000
1523592000,1523595599,0.05241000,0.05300000,0.05202000,0.05203000,17038.75000000
1523595600,1523599199,0.05203000,0.05282000,0.05203000,0.05268000,21017.50000000
1523599200,1523602799,0.05282000,0.05300000,0.05266000,0.05269000,26089.46000000
1523602800,1523606399,0.05280000,0.05608000,0.05270000,0.05541000,66646.15000000
1523606400,1523609999,0.05564000,0.05651000,0.05423000,0.05490000,35578.45000000
1523610000,1523613599,0.05499000,0.05550000,0.05432000,0.05451000,19133.30000000
1523613600,1523617199,0.05451000,0.05559000,0.05451000,0.05485000,32852.59000000
1523617200,1523620799,0.05522000,0.05598000,0.05508000,0.05568000,21154.77000000
1523620800,1523624399,0.05586000,0.05664000,0.05551000,0.05664000,35478.64000000
1523624400,1523627999,0.05673000,0.05696000,0.05592000,0.05609000,34764.53000000
1523628000,1523631599,0.05640000,0.05647000,0.05554000,0.05592000,35524.63000000
1523631600,1523635199,0.05569000,0.05667000,0.05501000,0.05503000,47962.05000000
1523635200,1523638799,0.05503000,0.05552000,0.05479000,0.05538000,20183.45000000
1523638800,1523642399,0.05499000,0.05604000,0.05429000,0.05443000,15366.77000000
1523642400,1523645999,0.05436000,0.05436000,0.05259000,0.05372000,40361.86000000
1523646000,1523649599,0.05398000,0.05521000,0.05398000,0.05482000,34656.84000000
1523649600,1523653199,0.05463000,0.05636000,0.05285000,0.05325000,39747.58000000
1523653200,1523656799,0.05304000,0.05391000,0.05198000,0.05278000,22655.38000000
1523656800,1523660399,0.05288000,0.05311000,0.04988000,0.05087000,23673.81000000
1523660400,1523663999,0.05087000,0.05200000,0.05087000,0.05123000,3840.35000000
1523664000,1523667599,0.05152000,0.05233000,0.05120000,0.05136000,17483.80000000
1523667600,1523671199,0.05186000,0.05357000,0.05166000,0.05357000,9542.91000000
1523671200,1523674799,0.05343000,0.05407000,0.05332000,0.05363000,42306.69000000
1523674800,1523678399,0.05374000,0.05386000,0.05254000,0.05264000,54105.85000000
1523678400,1523681999,0.05285000,0.05338000,0.05257000,0.05327000,29553.04000000
1523682000,1523685599,0.05326000,0.05351000,0.05283000,0.05301000,41292.44000000
1523685600,1523689199,0.05326000,0.05553000,0.05326000,0.05483000,42946.00000000
1523689200,1523692799,0.05501000,0.05613000,0.05458000,0.05514000,42803.45000000
1523692800,1523696399,0.05517000,0.05614000,0.05495000,0.05589000,47611.43000000
1523696400,1523699999,0.05577000,0.05577000,0.05450000,0.05557000,28731.63000000
1523700000,1523703599,0.05563000,0.05608000,0.05500000,0.05585000,55732.71000000
1523703600,1523707199,0.05570000,0.05628000,0.05529000,0.05529000,24921.29000000
1523707200,1523710799,0.05542000,0.05624000,0.05504000,0.05513000,53603.39000000
1523710800,1523714399,0.05535000,0.05628000,0.05487000,0.05519000,26729.75000000
1523714400,1523717999,0.05514000,0.05599000,0.05510000,0.05599000,49815.70000000
1523718000,1523721599,0.05615000,0.05692000,0.05585000,0.05585000,36556.46000000
1523721600,1523725199,0.05575000,0.05806000,0.05567000,0.05782000,50260.92000000
1523725200,1523728799,0.05785000,0.05785000,0.05644000,0.05645000,54433.78000000
1523728800,1523732399,0.05644000,0.05775000,0.05600000,0.05703000,73778.82000000
1523732400,1523735999,0.05776000,0.05776000,0.05702000,0.05718000,46830.59000000
1523736000,1523739599,0.05738000,0.05913000,0.05672000,0.05791000,26688.30000000
1523739600,1523743199,0.05806000,0.05806000,0.05628000,0.05651000,35026.22000000
1523743200,1523746799,0.05652000,0.05708000,0.05624000,0.05651000,38216.25000000
1523746800,1523750399,0.05651000,0.05742000,0.05651000,0.05684000,8463.11000000
1523750400,1523753999,0.05684000,0.05730000,0.05656000,0.05690000,8032.94000000
1523754000,1523757599,0.05729000,0.05767000,0.05704000,0.05730000,24092.52000000
1523757600,1523761199,0.05736000,0.05764000,0.05728000,0.05752000,34503.80000000
1523761200,1523764799,0.05754000,0.05808000,0.05699000,0.05778000,23944.21000000
1523764800,1523768399,0.05785000,0.05811000,0.05757000,0.05780000,20627.53000000
1523768400,1523771999,0.05793000,0.05810000,0.05724000,0.05724000,18050.81000000
1523772000,1523775599,0.05764000,0.05765000,0.05601000,0.05696000,19597.22000000
1523775600,1523779199,0.05679000,0.05687000,0.05600000,0.05610000,10680.34000000
1523779200,1523782799,0.05601000,0.05666000,0.05576000,0.05576000,19795.41000000
1523782800,1523786399,0.05580000,0.05669000,0.05572000,0.05599000,46882.24000000
1523786400,1523789999,0.05667000,0.05803000,0.05593000,0.05675000,39893.11000000
1523790000,1523793599,0.05677000,0.05839000,0.05672000,0.05809000,15085.55000000
1523793600,1523797199,0.05799000,0.05952000,0.05767000,0.05944000,7680.78000000
1523797200,1523800799,0.05905000,0.05937000,0.05840000,0.05873000,19520.90000000
1523800800,1523804399,0.05861000,0.05888000,0.05779000,0.05830000,19189.91000000
1523804400,1523807999,0.05835000,0.05947000,0.05798000,0.05947000,19735.69000000
1523808000,1523811599,0.05929000,0.05970000,0.05868000,0.05970000,15976.85000000
1523811600,1523815199,0.05937000,0.05975000,0.05879000,0.05881000,14245.58000000
1523815200,1523818799,0.05881000,0.05920000,0.05806000,0.05820000,28933.98000000
1523818800,1523822399,0.05840000,0.05904000,0.05821000,0.05904000,20734.31000000
1523822400,1523825999,0.05905000,0.05999000,0.05854000,0.05882000,50244.71000000
1523826000,1523829599,0.05889000,0.05941000,0.05862000,0.05872000,58794.27000000
1523829600,1523833199,0.05885000,0.05927000,0.05855000,0.05871000,51612.56000000
1523833200,1523836799,0.05924000,0.05951000,0.05866000,0.05949000,32438.80000000
1523836800,1523840399,0.05934000,0.06367000,0.05915000,0.06317000,92200.26000000
1523840400,1523843999,0.06317000,0.06375000,0.06128000,0.06157000,75162.51000000
1523844000,1523847599,0.06179000,0.06221000,0.05978000,0.06022000,47232.11000000
1523847600,1523851199,0.06022000,0.06154000,0.06015000,0.06154000,39838.50000000
1523851200,1523854799,0.06110000,0.06277000,0.06110000,0.06167000,50308.24000000
1523854800,1523858399,0.06160000,0.06201000,0.06115000,0.06117000,41569.83000000
1523858400,1523861999,0.06149000,0.06673000,0.05968000,0.05989000,64735.17000000
1523862000,1523865599,0.06003000,0.06039000,0.05962000,0.05995000,46322.07000000
1523865600,1523869199,0.05995000,0.06149000,0.05988000,0.06113000,53214.33000000
1523869200,1523872799,0.06147000,0.06169000,0.06033000,0.06035000,55262.80000000
1523872800,1523876399,0.06063000,0.06137000,0.06047000,0.06049000,38885.89000000
1523876400,1523879999,0.06073000,0.06106000,0.06049000,0.06052000,70656.01000000
1523880000,1523883599,0.06052000,0.06091000,0.05967000,0.05967000,43540.67000000
1523883600,1523887199,0.06002000,0.06040000,0.05967000,0.06013000,30729.49000000
1523887200,1523890799,0.05975000,0.06113000,0.05968000,0.06113000,44409.80000000
1523890800,1523894399,0.06111000,0.06221000,0.06099000,0.06177000,59343.89000000
1523894400,1523897999,0.06175000,0.06219000,0.06138000,0.06195000,18840.55000000
1523898000,1523901599,0.06193000,0.06257000,0.06186000,0.06214000,24332.54000000
1523901600,1523905199,0.06214000,0.06300000,0.06205000,0.06294000,31121.84000000
1523905200,1523908799,0.06292000,0.06405000,0.06218000,0.06242000,50314.74000000
1523908800,1523912399,0.06243000,0.06345000,0.06220000,0.06264000,35058.27000000
1523912400,1523915999,0.06289000,0.06326000,0.06186000,0.06186000,28087.61000000
1523916000,1523919599,0.06187000,0.06254000,0.06187000,0.06196000,24021.27000000
1523919600,1523923199,0.06195000,0.06238000,0.06168000,0.06233000,35390.85000000
1523923200,1523926799,0.06235000,0.06246000,0.06138000,0.06139000,26314.96000000
1523926800,1523930399,0.06149000,0.06159000,0.06059000,0.06115000,22107.42000000
1523930400,1523933999,0.06115000,0.06145000,0.06078000,0.06117000,14966.26000000
1523934000,1523937599,0.06144000,0.06180000,0.06120000,0.06169000,8639.76000000
1523937600,1523941199,0.06168000,0.06232000,0.06127000,0.06149000,15251.33000000
1523941200,1523944799,0.06171000,0.06198000,0.06101000,0.06130000,17861.28000000
1523944800,1523948399,0.06113000,0.06148000,0.06101000,0.06118000,46934.66000000
1523948400,1523951999,0.06134000,0.06199000,0.06118000,0.06161000,31973.04000000
1523952000,1523955599,0.06179000,0.06196000,0.06114000,0.06175000,39381.03000000
1523955600,1523959199,0.06170000,0.06278000,0.06151000,0.06252000,34815.85000000
1523959200,1523962799,0.06266000,0.06267000,0.06200000,0.06234000,42722.63000000
1523962800,1523966399,0.06234000,0.06265000,0.06216000,0.06225000,34716.85000000
1523966400,1523969999,0.06254000,0.06275000,0.06230000,0.06240000,32206.73000000
1523970000,1523973599,0.06264000,0.06294000,0.06239000,0.06278000,28933.14000000
1523973600,1523977199,0.06278000,0.06346000,0.06256000,0.06344000,41631.00000000
1523977200,1523980799,0.06321000,0.06346000,0.06275000,0.06282000,19267.32000000
1523980800,1523984399,0.06285000,0.06400000,0.06285000,0.06337000,29905.16000000
1523984400,1523987999,0.06369000,0.06373000,0.06330000,0.06353000,20327.58000000
1523988000,1523991599,0.06325000,0.06351000,0.06242000,0.06242000,18523.24000000
1523991600,1523995199,0.06244000,0.06389000,0.06236000,0.06350000,19560.10000000
1523995200,1523998799,0.06348000,0.06381000,0.06291000,0.06380000,31200.83000000
1523998800,1524002399,0.06374000,0.06395000,0.06345000,0.06394000,33925.66000000
1524002400,1524005999,0.06395000,0.06428000,0.06363000,0.06365000,18504.52000000
1524006000,1524009599,0.06364000,0.06426000,0.06301000,0.06301000,37023.87000000
1524009600,1524013199,0.06302000,0.06383000,0.06302000,0.06333000,10480.83000000
1524013200,1524016799,0.06330000,0.06418000,0.06310000,0.06417000,21020.20000000
1524016800,1524020399,0.06374000,0.06416000,0.06368000,0.06368000,18767.31000000
1524020400,1524023999,0.06371000,0.06429000,0.06340000,0.06391000,47680.92000000
1524024000,1524027599,0.06404000,0.06436000,0.06375000,0.06395000,48631.45000000
1524027600,1524031199,0.06379000,0.06475000,0.06379000,0.06406000,21505.69000000
1524031200,1524034799,0.06408000,0.06481000,0.06396000,0.06424000,24284.59000000
1524034800,1524038399,0.06417000,0.06519000,0.06397000,0.06504000,8967.23000000
1524038400,1524041999,0.06505000,0.06826000,0.06492000,0.06754000,43707.35000000
1524042000,1524045599,0.06766000,0.06999000,0.06687000,0.06958000,33165.44000000
1524045600,1524049199,0.06999000,0.07175000,0.06861000,0.07000000,45717.30000000
1524049200,1524052799,0.06970000,0.07021000,0.06941000,0.07021000,28169.65000000
1524052800,1524056399,0.07012000,0.07080000,0.06870000,0.06959000,30969.94000000
1524056400,1524059999,0.06972000,0.07024000,0.06965000,0.06984000,7579.91000000
1524060000,1524063599,0.07008000,0.07062000,0.06984000,0.07050000,32487.81000000
1524063600,1524067199,0.07023000,0.07061000,0.06921000,0.07006000,17608.66000000
1524067200,1524070799,0.07000000,0.07125000,0.06993000,0.07087000,55211.92000000
1524070800,1524074399,0.07103000,0.07214000,0.07083000,0.07185000,31958.60000000
1524074400,1524077999,0.07148000,0.07397000,0.07126000,0.07303000,40262.96000000
1524078000,1524081599,0.07299000,0.07299000,0.07101000,0.07215000,43877.01000000
1524081600,1524085199,0.07171000,0.07367000,0.07171000,0.07334000,48987.53000000
1524085200,1524088799,0.07340000,0.07367000,0.07192000,0.07274000,43172.19000000
1524088800,1524092399,0.07245000,0.07265000,0.07065000,0.07065000,32181.32000000
1524092400,1524095999,0.07064000,0.07262000,0.06988000,0.07119000,28403.77000000
1524096000,1524099599,0.07099000,0.07161000,0.07073000,0.07073000,32414.11000000
1524099600,1524103199,0.07073000,0.07136000,0.07030000,0.07136000,14419.87000000
1524103200,1524106799,0.07122000,0.07262000,0.07081000,0.07135000,28591.79000000
1524106800,1524110399,0.07129000,0.07223000,0.07082000,0.07139000,36063.60000000
1524110400,1524113999,0.07139000,0.07139000,0.06895000,0.06986000,34578.98000000
1524114000,1524117599,0.06988000,0.07091000,0.06720000,0.06801000,11722.87000000
1524117600,1524121199,0.06799000,0.06926000,0.06786000,0.06926000,35052.68000000
1524121200,1524124799,0.06931000,0.07038000,0.06916000,0.06960000,15252.40000000
1524124800,1524128399,0.06918000,0.07063000,0.06918000,0.06959000,16721.37000000
1524128400,1524131999,0.06962000,0.07002000,0.06869000,0.06869000,34994.44000000
1524132000,1524135599,0.06901000,0.06939000,0.06860000,0.06939000,33431.40000000
1524135600,1524139199,0.06938000,0.06971000,0.06912000,0.06920000,16764.15000000
1524139200,1524142799,0.06931000,0.07062000,0.06931000,0.07001000,37624.07000000
1524142800,1524146399,0.06993000,0.07068000,0.06981000,0.07064000,31425.28000000
1524146400,1524149999,0.07050000,0.07090000,0.06970000,0.07067000,31945.50000000
1524150000,1524153599,0.07067000,0.07077000,0.07011000,0.07076000,10458.89000000
1524153600,1524157199,0.07059000,0.07123000,0.07032000,0.07081000,20272.52000000
1524157200,1524160799,0.07105000,0.07106000,0.07002000,0.07088000,21127.19000000
1524160800,1524164399,0.07098000,0.07162000,0.07087000,0.07151000,49649.68000000
1524164400,1524167999,0.07153000,0.07161000,0.07067000,0.07101000,32286.95000000
1524168000,1524171599,0.07101000,0.07152000,0.07070000,0.07083000,9114.39000000
1524171600,1524175199,0.07088000,0.07201000,0.07084000,0.07179000,44255.66000000
1524175200,1524178799,0.07179000,0.07197000,0.07150000,0.07158000,9646.47000000
1524178800,1524182399,0.07190000,0.07209000,0.07128000,0.07208000,19393.39000000
1524182400,1524185999,0.07195000,0.07338000,0.07181000,0.07288000,23876.33000000
1524186000,1524189599,0.07297000,0.07331000,0.07216000,0.07267000,30700.52000000
1524189600,1524193199,0.07259000,0.07359000,0.07247000,0.07295000,33323.79000000
1524193200,1524196799,0.07303000,0.07330000,0.07248000,0.07272000,12876.39000000
1524196800,1524200399,0.07272000,0.07333000,0.07040000,0.07103000,54829.83000000
1524200400,1524203999,0.07040000,0.07189000,0.07030000,0.07079000,27706.64000000
1524204000,1524207599,0.07106000,0.07175000,0.07103000,0.07136000,7020.06000000
1524207600,1524211199,0.07143000,0.07204000,0.07101000,0.07160000,8628.63000000
1524211200,1524214799,0.07201000,0.07249000,0.07144000,0.07205000,38621.21000000
1524214800,1524218399,0.07180000,0.07180000,0.07088000,0.07142000,29301.06000000
1524218400,1524221999,0.07146000,0.07170000,0.07082000,0.07099000,43993.60000000
1524222000,1524225599,0.07097000,0.07128000,0.07083000,0.07123000,36544.66000000
1524225600,1524229199,0.07125000,0.07209000,0.07122000,0.07190000,54516.74000000
1524229200,1524232799,0.07209000,0.07300000,0.07188000,0.07248000,46540.09000000
1524232800,1524236399,0.07227000,0.07238000,0.07190000,0.07196000,30026.52000000
1524236400,1524239999,0.07211000,0.07249000,0.07153000,0.07218000,70762.90000000
1524240000,1524243599,0.07211000,0.07211000,0.07102000,0.07162000,22086.67000000
1524243600,1524247199,0.07154000,0.07224000,0.07123000,0.07195000,40249.84000000
1524247200,1524250799,0.07208000,0.07250000,0.07148000,0.07218000,43613.71000000
1524250800,1524254399,0.07237000,0.07281000,0.07200000,0.07228000,22578.85000000
1524254400,1524257999,0.07200000,0.07295000,0.07173000,0.07261000,39036.33000000
1524258000,1524261599,0.07260000,0.07300000,0.07223000,0.07227000,54424.69000000
1524261600,1524265199,0.07235000,0.07327000,0.07082000,0.07097000,56120.84000000
1524265200,1524268799,0.07085000,0.07227000,0.06941000,0.07191000,24975.43000000
1524268800,1524272399,0.07198000,0.07327000,0.07119000,0.07221000,24424.48000000
1524272400,1524275999,0.07218000,0.07326000,0.07190000,0.07262000,26357.33000000
1524276000,1524279599,0.07260000,0.07288000,0.06995000,0.07059000,31290.88000000
1524279600,1524283199,0.07067000,0.07097000,0.06960000,0.07019000,42259.66000000
1524283200,1524286799,0.07021000,0.07235000,0.06982000,0.07175000,38479.90000000
1524286800,1524290399,0.07175000,0.07219000,0.07132000,0.07152000,30696.14000000
1524290400,1524293999,0.07124000,0.07142000,0.07026000,0.07028000,48436.50000000
1524294000,1524297599,0.07042000,0.07042000,0.06826000,0.06867000,35460.95000000
1524297600,1524301199,0.06837000,0.06881000,0.06668000,0.06672000,11949.41000000
1524301200,1524304799,0.06738000,0.06800000,0.06189000,0.06189000,43152.53000000
1524304800,1524308399,0.06177000,0.06300000,0.06101000,0.06221000,48453.13000000
1524308400,1524311999,0.06258000,0.06386000,0.06043000,0.06108000,47311.90000000
1524312000,1524315599,0.06108000,0.06297000,0.06106000,0.06243000,9396.33000000
1524315600,1524319199,0.06281000,0.06341000,0.06165000,0.06165000,15291.54000000
1524319200,1524322799,0.06185000,0.06332000,0.06148000,0.06270000,22603.78000000
1524322800,1524326399,0.06272000,0.06667000,0.06267000,0.06667000,29603.46000000
1524326400,1524329999,0.06732000,0.07898000,0.06707000,0.07019000,127681.77000000
1524330000,1524333599,0.07081000,0.07875000,0.07009000,0.07265000,68801.93000000
1524333600,1524337199,0.07277000,0.07544000,0.07227000,0.07266000,37579.19000000
1524337200,1524340799,0.07250000,0.07315000,0.07101000,0.07257000,12938.58000000
1524340800,1524344399,0.07267000,0.07399000,0.07183000,0.07316000,28412.81000000
1524344400,1524347999,0.07286000,0.07452000,0.07286000,0.07408000,24626.95000000
1524348000,1524351599,0.07372000,0.07440000,0.07199000,0.07224000,35966.19000000
1524351600,1524355199,0.07199000,0.16000000,0.07059000,0.11399000,172635.04000000
1524355200,1524358799,0.11394000,0.12374000,0.09654000,0.10450000,205511.12000000
1524358800,1524362399,0.10741000,0.13500000,0.10018000,0.10609000,151920.75000000
1524362400,1524365999,0.10609000,0.10700000,0.08327000,0.08924000,160430.05000000
1524366000,1524369599,0.09031000,0.09157000,0.08450000,0.08775000,53969.65000000
1524369600,1524373199,0.08811000,0.08918000,0.08339000,0.08393000,37205.37000000
1524373200,1524376799,0.08467000,0.08856000,0.08383000,0.08626000,22238.65000000
1524376800,1524380399,0.08612000,0.08782000,0.08530000,0.08620000,8091.61000000
1524380400,1524383999,0.08623000,0.08657000,0.08460000,0.08522000,18955.02000000
1524384000,1524387599,0.08530000,0.08615000,0.08096000,0.08234000,40000.04000000
1524387600,1524391199,0.08232000,0.08372000,0.08091000,0.08102000,18886.91000000
1524391200,1524394799,0.08253000,0.08589000,0.08202000,0.08458000,22593.18000000
1524394800,1524398399,0.08557000,0.08670000,0.08352000,0.08352000,30888.18000000
1524398400,1524401999,0.08355000,0.08513000,0.08166000,0.08437000,19355.58000000
1524402000,1524405599,0.08497000,0.08668000,0.08433000,0.08511000,21466.56000000
1524405600,1524409199,0.08513000,0.08589000,0.08278000,0.08435000,30045.41000000
1524409200,1524412799,0.08420000,0.08514000,0.08408000,0.08444000,8517.47000000
1524412800,1524416399,0.08450000,0.08598000,0.08344000,0.08518000,8431.08000000
1524416400,1524419999,0.08597000,0.08720000,0.08450000,0.08720000,9923.61000000
1524420000,1524423599,0.08794000,0.08800000,0.08501000,0.08576000,32255.55000000
1524423600,1524427199,0.08534000,0.08534000,0.08322000,0.08322000,5403.64000000
1524427200,1524430799,0.08327000,0.08390000,0.08180000,0.08252000,10541.82000000
1524430800,1524434399,0.08253000,0.08452000,0.08180000,0.08212000,14783.57000000
1524434400,1524437999,0.08212000,0.08226000,0.07981000,0.08140000,30032.91000000
1524438000,1524441599,0.08141000,0.08254000,0.08040000,0.08194000,9976.21000000
1524441600,1524445199,0.08247000,0.08542000,0.08044000,0.08283000,40309.46000000
1524445200,1524448799,0.08224000,0.08400000,0.08193000,0.08230000,18346.69000000
1524448800,1524452399,0.08203000,0.08245000,0.08108000,0.08155000,18623.55000000
1524452400,1524455999,0.08110000,0.08172000,0.08066000,0.08171000,7530.08000000
1524456000,1524459599,0.08116000,0.08169000,0.08075000,0.08078000,9839.83000000
1524459600,1524463199,0.08078000,0.08078000,0.07998000,0.08055000,7639.50000000
1524463200,1524466799,0.08058000,0.08098000,0.08000000,0.08015000,4399.74000000
1524466800,1524470399,0.08015000,0.08062000,0.07973000,0.08045000,1971.43000000
1524470400,1524473999,0.08045000,0.08099000,0.07621000,0.07706000,34996.40000000
1524474000,1524477599,0.07767000,0.07800000,0.07612000,0.07633000,10252.07000000
1524477600,1524481199,0.07711000,0.07711000,0.07568000,0.07600000,8936.05000000
1524481200,1524484799,0.07600000,0.07606000,0.07507000,0.07507000,6495.23000000
1524484800,1524488399,0.07592000,0.07669000,0.07507000,0.07556000,8184.98000000
1524488400,1524491999,0.07603000,0.07830000,0.07603000,0.07801000,6883.97000000
1524492000,1524495599,0.07801000,0.07863000,0.07702000,0.07702000,3155.48000000
1524495600,1524499199,0.07702000,0.07702000,0.07430000,0.07622000,10734.79000000
1524499200,1524502799,0.07683000,0.07695000,0.07559000,0.07605000,4070.90000000
1524502800,1524506399,0.07605000,0.07665000,0.07562000,0.07585000,3508.97000000
1524506400,1524509999,0.07586000,0.07665000,0.07501000,0.07501000,5894.31000000
1524510000,1524513599,0.07501000,0.07562000,0.07452000,0.07561000,2908.51000000
1524513600,1524517199,0.07504000,0.07504000,0.07442000,0.07504000,660.20000000
1524517200,1524520799,0.07520000,0.07558000,0.07420000,0.07497000,2431.89000000
1524520800,1524524399,0.07472000,0.07554000,0.07418000,0.07432000,793.25000000
1524524400,1524527999,0.07538000,0.07602000,0.07445000,0.07490000,2979.33000000
1524528000,1524531599,0.07518000,0.07518000,0.07280000,0.07282000,9571.73000000
1524531600,1524535199,0.07355000,0.07500000,0.07351000,0.07425000,7579.19000000
1524535200,1524538799,0.07425000,0.07477000,0.07309000,0.07367000,16899.57000000
1524538800,1524542399,0.07316000,0.07487000,0.07316000,0.07370000,3742.91000000
1524542400,1524545999,0.07367000,0.07367000,0.07167000,0.07199000,4277.66000000
1524546000,1524549599,0.07202000,0.07279000,0.07130000,0.07237000,4109.10000000
1524549600,1524553199,0.07172000,0.07241000,0.07129000,0.07216000,3264.46000000
1524553200,1524556799,0.07226000,0.07337000,0.07226000,0.07312000,937.66000000
1524556800,1524560399,0.07269000,0.07446000,0.07269000,0.07446000,3773.93000000
1524560400,1524563999,0.07442000,0.07468000,0.07373000,0.07373000,648.59000000
1524564000,1524567599,0.07315000,0.07366000,0.07249000,0.07249000,1457.06000000
1524567600,1524571199,0.07297000,0.07389000,0.07085000,0.07085000,8196.20000000
1524571200,1524574799,0.07099000,0.07240000,0.06985000,0.07107000,9394.60000000
1524574800,1524578399,0.07179000,0.07179000,0.07051000,0.07088000,2814.02000000
1524578400,1524581999,0.07118000,0.07118000,0.06988000,0.07033000,2835.97000000
1524582000,1524585599,0.07088000,0.07088000,0.07003000,0.07026000,11799.18000000
1524585600,1524589199,0.07038000,0.07086000,0.06902000,0.07019000,6475.55000000
1524589200,1524592799,0.06940000,0.07236000,0.06921000,0.07175000,7354.26000000
1524592800,1524596399,0.07160000,0.07319000,0.07071000,0.07300000,10018.72000000
1524596400,1524599999,0.07341000,0.07455000,0.07303000,0.07318000,11106.11000000
1524600000,1524603599,0.07322000,0.07373000,0.07208000,0.07287000,8490.09000000
1524603600,1524607199,0.07297000,0.07368000,0.07187000,0.07187000,5126.43000000
1524607200,1524610799,0.07192000,0.07280000,0.07078000,0.07087000,1684.70000000
1524610800,1524614399,0.07087000,0.07385000,0.07072000,0.07250000,3833.52000000
1524614400,1524617999,0.07291000,0.07429000,0.07084000,0.07154000,2803.80000000
1524618000,1524621599,0.07158000,0.07311000,0.07133000,0.07227000,2220.15000000
1524621600,1524625199,0.07171000,0.07192000,0.06873000,0.07038000,6163.04000000
1524625200,1524628799,0.06990000,0.07195000,0.06897000,0.07047000,14548.11000000
1524628800,1524632399,0.06947000,0.07014000,0.06701000,0.06701000,18467.70000000
1524632400,1524635999,0.06694000,0.06895000,0.06600000,0.06784000,10183.27000000
1524636000,1524639599,0.06749000,0.06974000,0.06749000,0.06912000,3897.91000000
1524639600,1524643199,0.06978000,0.07463000,0.06944000,0.07315000,10272.27000000
1524643200,1524646799,0.07316000,0.07443000,0.07243000,0.07286000,4388.01000000
1524646800,1524650399,0.07222000,0.07222000,0.07000000,0.07050000,6619.40000000
1524650400,1524653999,0.07010000,0.07073000,0.06479000,0.06677000,25927.93000000
1524654000,1524657599,0.06746000,0.06914000,0.06698000,0.06851000,11403.98000000
1524657600,1524661199,0.06850000,0.06877000,0.06790000,0.06877000,1835.50000000
1524661200,1524664799,0.06878000,0.06916000,0.06821000,0.06914000,3497.05000000
1524664800,1524668399,0.06831000,0.06932000,0.06734000,0.06734000,8605.13000000
1524668400,1524671999,0.06726000,0.06932000,0.06726000,0.06876000,6344.50000000
1524672000,1524675599,0.06920000,0.06920000,0.06853000,0.06853000,1723.93000000
1524675600,1524679199,0.06889000,0.06971000,0.06852000,0.06971000,2899.60000000
1524679200,1524682799,0.06971000,0.06995000,0.06790000,0.06847000,2476.64000000
1524682800,1524686399,0.06906000,0.06906000,0.06735000,0.06812000,426.66000000
1524686400,1524689999,0.06819000,0.06906000,0.06817000,0.06822000,1573.29000000
1524690000,1524693599,0.06831000,0.06897000,0.06761000,0.06870000,4400.47000000
1524693600,1524697199,0.06855000,0.06951000,0.06828000,0.06903000,1701.46000000
1524697200,1524700799,0.06941000,0.06941000,0.06741000,0.06741000,1517.85000000
1524700800,1524704399,0.06754000,0.06794000,0.06555000,0.06634000,1955.81000000
1524704400,1524707999,0.06626000,0.06772000,0.06626000,0.06772000,134.53000000
1524708000,1524711599,0.06772000,0.06867000,0.06768000,0.06820000,2247.07000000
1524711600,1524715199,0.06847000,0.06879000,0.06820000,0.06820000,3362.36000000
1524715200,1524718799,0.06821000,0.06846000,0.06636000,0.06690000,4994.54000000
1524718800,1524722399,0.06693000,0.06885000,0.06681000,0.06849000,4119.78000000
1524722400,1524725999,0.06851000,0.06864000,0.06628000,0.06765000,15958.84000000
1524726000,1524729599,0.06729000,0.06730000,0.06575000,0.06633000,2805.32000000
1524729600,1524733199,0.06648000,0.06769000,0.06562000,0.06562000,6354.18000000
1524733200,1524736799,0.06562000,0.06773000,0.06489000,0.06725000,6848.25000000
1524736800,1524740399,0.06811000,0.06914000,0.06774000,0.06825000,6047.85000000
1524740400,1524743999,0.06838000,0.06885000,0.06747000,0.06835000,5810.01000000
1524744000,1524747599,0.06865000,0.06951000,0.06822000,0.06917000,3694.18000000
1524747600,1524751199,0.06924000,0.06924000,0.06825000,0.06825000,1441.66000000
1524751200,1524754799,0.06876000,0.06917000,0.06837000,0.06884000,1520.50000000
1524754800,1524758399,0.06905000,0.06993000,0.06751000,0.06814000,2289.16000000
1524758400,1524761999,0.06813000,0.06843000,0.06813000,0.06843000,105.67000000
1524762000,1524765599,0.06815000,0.06877000,0.06815000,0.06858000,795.90000000
1524765600,1524769199,0.06857000,0.06862000,0.06833000,0.06848000,3959.26000000
1524769200,1524772799,0.06837000,0.06911000,0.06763000,0.06763000,612.35000000
1524772800,1524776399,0.06800000,0.06937000,0.06725000,0.06725000,2516.49000000
1524776400,1524779999,0.06728000,0.06886000,0.06728000,0.06817000,1163.39000000
1524780000,1524783599,0.06858000,0.06870000,0.06722000,0.06844000,808.41000000
1524783600,1524787199,0.06909000,0.06909000,0.06634000,0.06722000,2488.17000000
1524787200,1524790799,0.06735000,0.06993000,0.06728000,0.06915000,11620.15000000
1524790800,1524794399,0.06869000,0.06871000,0.06715000,0.06727000,1807.36000000
1524794400,1524797999,0.06715000,0.06809000,0.06632000,0.06770000,5112.43000000
1524798000,1524801599,0.06780000,0.06944000,0.06777000,0.06917000,2391.84000000
1524801600,1524805199,0.06879000,0.07072000,0.06879000,0.06976000,4402.07000000
1524805200,1524808799,0.06988000,0.07157000,0.06967000,0.07070000,3378.37000000
1524808800,1524812399,0.07021000,0.07141000,0.07000000,0.07096000,2289.21000000
1524812400,1524815999,0.07095000,0.07147000,0.07054000,0.07147000,4221.35000000
1524816000,1524819599,0.07068000,0.07220000,0.06968000,0.07059000,6441.51000000
1524819600,1524823199,0.07018000,0.07021000,0.06846000,0.06856000,3245.26000000
1524823200,1524826799,0.06901000,0.06981000,0.06830000,0.06888000,7039.80000000
1524826800,1524830399,0.06912000,0.07062000,0.06869000,0.06976000,6127.87000000
1524830400,1524833999,0.06977000,0.06991000,0.06880000,0.06991000,2168.60000000
1524834000,1524837599,0.06897000,0.06985000,0.06835000,0.06861000,2067.48000000
1524837600,1524841199,0.06861000,0.06884000,0.06734000,0.06812000,9582.83000000
1524841200,1524844799,0.06825000,0.06830000,0.06767000,0.06776000,1931.53000000
1524844800,1524848399,0.06776000,0.06825000,0.06767000,0.06825000,918.21000000
1524848400,1524851999,0.06800000,0.06870000,0.06741000,0.06870000,802.64000000
1524852000,1524855599,0.06806000,0.06811000,0.06700000,0.06710000,5821.49000000
1524855600,1524859199,0.06745000,0.06765000,0.06625000,0.06667000,4548.30000000
1524859200,1524862799,0.06667000,0.06697000,0.06582000,0.06582000,3826.08000000
1524862800,1524866399,0.06645000,0.06666000,0.06580000,0.06625000,1043.49000000
1524866400,1524869999,0.06603000,0.06689000,0.06603000,0.06652000,1448.52000000
1524870000,1524873599,0.06674000,0.06680000,0.06604000,0.06627000,1451.01000000
1524873600,1524877199,0.06612000,0.06612000,0.06479000,0.06479000,1804.70000000
1524877200,1524880799,0.06434000,0.06641000,0.06434000,0.06583000,2183.43000000
1524880800,1524884399,0.06645000,0.06700000,0.06600000,0.06668000,1206.96000000
1524884400,1524887999,0.06682000,0.06682000,0.06630000,0.06630000,316.21000000
1524888000,1524891599,0.06636000,0.06653000,0.06594000,0.06619000,2299.09000000
1524891600,1524895199,0.06619000,0.06679000,0.06530000,0.06530000,2707.08000000
1524895200,1524898799,0.06530000,0.06573000,0.06480000,0.06573000,806.86000000
1524898800,1524902399,0.06536000,0.06629000,0.06506000,0.06622000,1638.25000000
1524902400,1524905999,0.06692000,0.06765000,0.06651000,0.06685000,3279.98000000
1524906000,1524909599,0.06681000,0.06700000,0.06619000,0.06628000,3241.38000000
1524909600,1524913199,0.06597000,0.06660000,0.06579000,0.06660000,512.39000000
1524913200,1524916799,0.06641000,0.06693000,0.06582000,0.06626000,2808.95000000
1524916800,1524920399,0.06658000,0.06681000,0.06573000,0.06604000,928.85000000
1524920400,1524923999,0.06663000,0.06864000,0.06663000,0.06807000,4858.42000000
1524924000,1524927599,0.06851000,0.06926000,0.06734000,0.06805000,5120.99000000
1524927600,1524931199,0.06805000,0.07088000,0.06805000,0.07067000,10133.99000000
1524931200,1524934799,0.07079000,0.07090000,0.06910000,0.07024000,4719.14000000
1524934800,1524938399,0.07035000,0.07308000,0.07027000,0.07308000,7330.77000000
1524938400,1524941999,0.07219000,0.07399000,0.07117000,0.07237000,9560.79000000
1524942000,1524945599,0.07234000,0.07234000,0.07061000,0.07136000,3031.14000000
1524945600,1524949199,0.07150000,0.07179000,0.06972000,0.07069000,4915.24000000
1524949200,1524952799,0.07053000,0.07083000,0.06982000,0.07046000,1687.76000000
1524952800,1524956399,0.07038000,0.07520000,0.07022000,0.07146000,38887.27000000
1524956400,1524959999,0.07107000,0.07141000,0.06981000,0.07061000,10077.69000000
1524960000,1524963599,0.07081000,0.07226000,0.07057000,0.07057000,5447.50000000
1524963600,1524967199,0.07018000,0.07081000,0.07004000,0.07049000,8338.93000000
1524967200,1524970799,0.07050000,0.07139000,0.07050000,0.07095000,1630.00000000
1524970800,1524974399,0.07128000,0.07153000,0.07045000,0.07081000,3851.44000000
1524974400,1524977999,0.07130000,0.07412000,0.07106000,0.07412000,7276.10000000
1524978000,1524981599,0.07371000,0.07491000,0.07187000,0.07317000,11497.72000000
1524981600,1524985199,0.07269000,0.07365000,0.07216000,0.07278000,2405.32000000
1524985200,1524988799,0.07237000,0.07352000,0.07225000,0.07253000,1690.54000000
1524988800,1524992399,0.07251000,0.07356000,0.07201000,0.07304000,2815.18000000
1524992400,1524995999,0.07296000,0.07296000,0.07040000,0.07247000,5641.82000000
1524996000,1524999599,0.07199000,0.07291000,0.07075000,0.07119000,4764.47000000
1524999600,1525003199,0.07124000,0.07164000,0.07050000,0.07111000,1382.34000000
1525003200,1525006799,0.07104000,0.07261000,0.07104000,0.07140000,2469.69000000
1525006800,1525010399,0.07160000,0.07299000,0.07139000,0.07254000,2365.19000000
1525010400,1525013999,0.07256000,0.07314000,0.07254000,0.07276000,1119.05000000
1525014000,1525017599,0.07314000,0.07334000,0.07289000,0.07305000,840.00000000
1525017600,1525021199,0.07322000,0.07330000,0.07196000,0.07251000,4351.68000000
1525021200,1525024799,0.07180000,0.07226000,0.07160000,0.07193000,3777.78000000
1525024800,1525028399,0.07177000,0.07219000,0.07166000,0.07218000,1936.79000000
1525028400,1525031999,0.07166000,0.07298000,0.07147000,0.07260000,2396.82000000
1525032000,1525035599,0.07220000,0.07255000,0.07143000,0.07195000,1391.47000000
1525035600,1525039199,0.07159000,0.07210000,0.07027000,0.07027000,3248.82000000
1525039200,1525042799,0.07044000,0.07139000,0.07027000,0.07136000,2189.29000000
1525042800,1525046399,0.07140000,0.07149000,0.07077000,0.07124000,808.73000000
1525046400,1525049999,0.07124000,0.07141000,0.07062000,0.07124000,2888.40000000
1525050000,1525053599,0.07144000,0.07242000,0.07124000,0.07191000,1223.18000000
1525053600,1525057199,0.07234000,0.07234000,0.07160000,0.07200000,1264.13000000
1525057200,1525060799,0.07210000,0.07214000,0.07029000,0.07044000,7392.51000000
1525060800,1525064399,0.07044000,0.07077000,0.06963000,0.06969000,3453.30000000
1525064400,1525067999,0.06969000,0.07298000,0.06966000,0.07258000,8653.57000000
1525068000,1525071599,0.07211000,0.07295000,0.07190000,0.07240000,4189.38000000
1525071600,1525075199,0.07289000,0.07387000,0.07218000,0.07268000,18785.02000000
1525075200,1525078799,0.07303000,0.07325000,0.07201000,0.07201000,2794.82000000
1525078800,1525082399,0.07233000,0.07268000,0.07166000,0.07247000,7162.04000000
1525082400,1525085999,0.07237000,0.07237000,0.07137000,0.07214000,176.72000000
1525086000,1525089599,0.07220000,0.07318000,0.07207000,0.07259000,1022.40000000
1525089600,1525093199,0.07306000,0.07400000,0.07244000,0.07390000,1601.28000000
1525093200,1525096799,0.07390000,0.07446000,0.07351000,0.07446000,11588.82000000
1525096800,1525100399,0.07421000,0.07594000,0.07421000,0.07515000,8746.92000000
1525100400,1525103999,0.07510000,0.07510000,0.07378000,0.07508000,3105.00000000
1525104000,1525107599,0.07465000,0.07590000,0.07451000,0.07477000,4299.54000000
1525107600,1525111199,0.07436000,0.07568000,0.07436000,0.07568000,3596.40000000
1525111200,1525114799,0.07558000,0.07562000,0.07455000,0.07487000,1391.17000000
1525114800,1525118399,0.07477000,0.07477000,0.07352000,0.07396000,1286.66000000
1525118400,1525121999,0.07433000,0.07451000,0.07351000,0.07434000,11365.66000000
1525122000,1525125599,0.07393000,0.07427000,0.07300000,0.07326000,2368.37000000
1525125600,1525129199,0.07301000,0.07421000,0.07214000,0.07339000,4515.11000000
1525129200,1525132799,0.07339000,0.07499000,0.07318000,0.07411000,3087.24000000
1525132800,1525136399,0.07376000,0.07430000,0.07229000,0.07268000,5901.07000000
1525136400,1525139999,0.07236000,0.07266000,0.07166000,0.07217000,1316.92000000
1525140000,1525143599,0.07217000,0.07258000,0.07110000,0.07229000,3487.48000000
1525143600,1525147199,0.07187000,0.07214000,0.07072000,0.07096000,4878.52000000
1525147200,1525150799,0.07096000,0.07264000,0.07067000,0.07209000,5128.47000000
1525150800,1525154399,0.07258000,0.07258000,0.07143000,0.07210000,469.11000000
1525154400,1525157999,0.07152000,0.07214000,0.07133000,0.07186000,1106.79000000
1525158000,1525161599,0.07190000,0.07299000,0.07127000,0.07272000,3744.83000000
1525161600,1525165199,0.07279000,0.07279000,0.07118000,0.07125000,1964.20000000
1525165200,1525168799,0.07219000,0.07390000,0.07205000,0.07374000,4005.37000000
1525168800,1525172399,0.07374000,0.07434000,0.07302000,0.07351000,4924.10000000
1525172400,1525175999,0.07351000,0.07401000,0.07319000,0.07382000,2390.84000000
1525176000,1525179599,0.07352000,0.07371000,0.07232000,0.07257000,2578.95000000
1525179600,1525183199,0.07257000,0.07290000,0.07200000,0.07232000,1779.82000000
1525183200,1525186799,0.07232000,0.07280000,0.07174000,0.07280000,3921.92000000
1525186800,1525190399,0.07254000,0.07290000,0.07180000,0.07184000,3837.04000000
1525190400,1525193999,0.07181000,0.07234000,0.07181000,0.07215000,827.66000000
1525194000,1525197599,0.07212000,0.07376000,0.07195000,0.07360000,4350.29000000
1525197600,1525201199,0.07356000,0.07557000,0.07356000,0.07516000,13738.15000000
1525201200,1525204799,0.07483000,0.07511000,0.07365000,0.07390000,1109.47000000
1525204800,1525208399,0.07430000,0.07488000,0.07376000,0.07488000,2153.86000000
1525208400,1525211999,0.07435000,0.07500000,0.07380000,0.07418000,2597.48000000
1525212000,1525215599,0.07482000,0.07559000,0.07412000,0.07524000,1200.06000000
1525215600,1525219199,0.07500000,0.07521000,0.07417000,0.07442000,2453.50000000
1525219200,1525222799,0.07442000,0.07484000,0.07442000,0.07484000,1825.26000000
1525222800,1525226399,0.07484000,0.08167000,0.06829000,0.07385000,39657.58000000
1525226400,1525229999,0.07405000,0.08200000,0.06929000,0.07391000,49679.19000000
1525230000,1525233599,0.07380000,0.07478000,0.07380000,0.07442000,1810.40000000
1525233600,1525237199,0.07422000,0.07471000,0.07421000,0.07421000,810.27000000
1525237200,1525240799,0.07422000,0.07462000,0.07391000,0.07435000,1481.24000000
1525240800,1525244399,0.07461000,0.07499000,0.07406000,0.07450000,2013.63000000
1525244400,1525247999,0.07454000,0.07500000,0.07445000,0.07500000,984.04000000
1525248000,1525251599,0.07467000,0.07557000,0.07465000,0.07482000,1494.69000000
1525251600,1525255199,0.07476000,0.07554000,0.07476000,0.07551000,2044.21000000
1525255200,1525258799,0.07524000,0.07642000,0.07498000,0.07641000,7093.76000000
1525258800,1525262399,0.07620000,0.07688000,0.07544000,0.07578000,3131.40000000
1525262400,1525265999,0.07550000,0.07624000,0.07550000,0.07615000,2530.04000000
1525266000,1525269599,0.07592000,0.07615000,0.07546000,0.07583000,1811.88000000
1525269600,1525273199,0.07583000,0.07615000,0.07520000,0.07530000,1980.17000000
1525273200,1525276799,0.07529000,0.07545000,0.07493000,0.07507000,2057.80000000
1525276800,1525280399,0.07508000,0.07529000,0.07478000,0.07527000,2141.70000000
1525280400,1525283999,0.07482000,0.07583000,0.07477000,0.07534000,1862.46000000
1525284000,1525287599,0.07552000,0.07601000,0.07549000,0.07571000,1255.63000000
1525287600,1525291199,0.07571000,0.07571000,0.07513000,0.07517000,5269.75000000
1525291200,1525294799,0.07517000,0.07592000,0.07491000,0.07548000,608.13000000
1525294800,1525298399,0.07526000,0.07560000,0.07469000,0.07477000,1504.70000000
1525298400,1525301999,0.07506000,0.07506000,0.07400000,0.07466000,1793.44000000
1525302000,1525305599,0.07466000,0.07466000,0.07379000,0.07431000,944.19000000
1525305600,1525309199,0.07391000,0.07490000,0.07381000,0.07404000,2486.25000000
1525309200,1525312799,0.07404000,0.07407000,0.07343000,0.07390000,5723.66000000
1525312800,1525316399,0.07369000,0.07489000,0.07350000,0.07473000,4661.25000000
1525316400,1525319999,0.07453000,0.07453000,0.07370000,0.07370000,15665.92000000
1525320000,1525323599,0.07369000,0.07426000,0.07331000,0.07421000,2930.67000000
1525323600,1525327199,0.07442000,0.07490000,0.07338000,0.07369000,2171.52000000
1525327200,1525330799,0.07373000,0.07408000,0.07245000,0.07347000,7415.47000000
1525330800,1525334399,0.07326000,0.07396000,0.07281000,0.07392000,539.27000000
1525334400,1525337999,0.07391000,0.07442000,0.07372000,0.07429000,4659.82000000
1525338000,1525341599,0.07427000,0.07442000,0.07353000,0.07432000,1878.13000000
1525341600,1525345199,0.07451000,0.07488000,0.07440000,0.07441000,283.07000000
1525345200,1525348799,0.07465000,0.07514000,0.07411000,0.07481000,5179.31000000
1525348800,1525352399,0.07493000,0.07554000,0.07468000,0.07500000,2091.10000000
1525352400,1525355999,0.07502000,0.07599000,0.07442000,0.07469000,3301.67000000
1525356000,1525359599,0.07491000,0.07711000,0.07491000,0.07568000,10821.49000000
1525359600,1525363199,0.07538000,0.07942000,0.07538000,0.07893000,14569.83000000
1525363200,1525366799,0.07893000,0.08062000,0.07850000,0.08016000,19138.57000000
1525366800,1525370399,0.07950000,0.07998000,0.07687000,0.07902000,9462.31000000
1525370400,1525373999,0.07902000,0.07919000,0.07585000,0.07841000,4565.40000000
1525374000,1525377599,0.07831000,0.07888000,0.07717000,0.07888000,22100.69000000
1525377600,1525381199,0.07888000,0.08079000,0.07888000,0.08037000,4948.37000000
1525381200,1525384799,0.08041000,0.08097000,0.07832000,0.07871000,4889.51000000
1525384800,1525388399,0.07862000,0.07922000,0.07803000,0.07830000,215.05000000
1525388400,1525391999,0.07830000,0.07830000,0.07645000,0.07668000,3938.21000000
1525392000,1525395599,0.07668000,0.07731000,0.07595000,0.07651000,2821.01000000
1525395600,1525399199,0.07671000,0.07876000,0.07671000,0.07765000,5533.55000000
1525399200,1525402799,0.07822000,0.07851000,0.07753000,0.07791000,3531.48000000
1525402800,1525406399,0.07818000,0.07868000,0.07745000,0.07782000,4290.87000000
1525406400,1525409999,0.07787000,0.07788000,0.07722000,0.07740000,883.49000000
1525410000,1525413599,0.07702000,0.07876000,0.07673000,0.07833000,3600.15000000
1525413600,1525417199,0.07892000,0.07892000,0.07731000,0.07752000,2848.05000000
1525417200,1525420799,0.07751000,0.07785000,0.07673000,0.07674000,1428.65000000
1525420800,1525424399,0.07740000,0.07761000,0.07612000,0.07612000,476.27000000
1525424400,1525427999,0.07612000,0.07774000,0.07567000,0.07774000,5627.24000000
1525428000,1525431599,0.07736000,0.07798000,0.07681000,0.07681000,2925.76000000
1525431600,1525435199,0.07667000,0.07716000,0.07631000,0.07707000,599.50000000
1525435200,1525438799,0.07670000,0.07709000,0.07561000,0.07561000,1430.43000000
1525438800,1525442399,0.07568000,0.07568000,0.07454000,0.07462000,2643.84000000
1525442400,1525445999,0.07462000,0.07463000,0.07231000,0.07287000,6042.71000000
1525446000,1525449599,0.07257000,0.07389000,0.07257000,0.07389000,1592.57000000
1525449600,1525453199,0.07371000,0.07531000,0.07369000,0.07443000,2869.05000000
1525453200,1525456799,0.07443000,0.07492000,0.07421000,0.07456000,1687.78000000
1525456800,1525460399,0.07443000,0.07530000,0.07433000,0.07478000,1812.97000000
1525460400,1525463999,0.07478000,0.07561000,0.07409000,0.07488000,4934.69000000
1525464000,1525467599,0.07505000,0.07505000,0.07411000,0.07435000,10777.97000000
1525467600,1525471199,0.07463000,0.07518000,0.07441000,0.07467000,1463.97000000
1525471200,1525474799,0.07509000,0.07566000,0.07500000,0.07566000,1494.24000000
1525474800,1525478399,0.07566000,0.07635000,0.07519000,0.07550000,2730.79000000
1525478400,1525481999,0.07549000,0.07622000,0.07520000,0.07599000,1537.50000000
1525482000,1525485599,0.07603000,0.07655000,0.07573000,0.07654000,1642.92000000
1525485600,1525489199,0.07601000,0.07688000,0.07597000,0.07598000,2683.69000000
1525489200,1525492799,0.07645000,0.07661000,0.07594000,0.07661000,1465.78000000
1525492800,1525496399,0.07663000,0.07680000,0.07585000,0.07590000,1849.67000000
1525496400,1525499999,0.07598000,0.07626000,0.07534000,0.07593000,1870.27000000
1525500000,1525503599,0.07570000,0.07604000,0.07542000,0.07558000,88.84000000
1525503600,1525507199,0.07589000,0.07624000,0.07588000,0.07588000,142.14000000
1525507200,1525510799,0.07551000,0.07605000,0.07549000,0.07600000,1775.47000000
1525510800,1525514399,0.07616000,0.07638000,0.07352000,0.07493000,11101.83000000
1525514400,1525517999,0.07432000,0.07487000,0.07326000,0.07364000,1836.07000000
1525518000,1525521599,0.07364000,0.07440000,0.07300000,0.07362000,1073.75000000
1525521600,1525525199,0.07408000,0.07464000,0.07300000,0.07300000,565.49000000
1525525200,1525528799,0.07320000,0.07337000,0.07173000,0.07201000,3747.37000000
1525528800,1525532399,0.07199000,0.07237000,0.07043000,0.07093000,4233.83000000
1525532400,1525535999,0.07089000,0.07236000,0.07089000,0.07137000,3869.07000000
1525536000,1525539599,0.07171000,0.07236000,0.07065000,0.07097000,2817.68000000
1525539600,1525543199,0.07105000,0.07154000,0.07070000,0.07070000,2749.57000000
1525543200,1525546799,0.07112000,0.07458000,0.07112000,0.07351000,4265.28000000
1525546800,1525550399,0.07306000,0.07318000,0.07238000,0.07258000,468.43000000
1525550400,1525553999,0.07289000,0.07301000,0.07225000,0.07253000,172.92000000
1525554000,1525557599,0.07225000,0.07225000,0.07130000,0.07189000,278.95000000
1525557600,1525561199,0.07139000,0.07189000,0.07111000,0.07189000,1568.01000000
1525561200,1525564799,0.07225000,0.07270000,0.07224000,0.07270000,141.60000000
1525564800,1525568399,0.07191000,0.07193000,0.07067000,0.07139000,3996.78000000
1525568400,1525571999,0.07166000,0.07170000,0.07020000,0.07020000,1061.62000000
1525572000,1525575599,0.07061000,0.07089000,0.06977000,0.07013000,3338.39000000
1525575600,1525579199,0.06987000,0.07064000,0.06927000,0.06951000,714.63000000
1525579200,1525582799,0.06986000,0.07001000,0.06843000,0.06978000,1312.12000000
1525582800,1525586399,0.06958000,0.06958000,0.06839000,0.06839000,1453.46000000
1525586400,1525589999,0.06831000,0.06863000,0.06692000,0.06692000,1927.29000000
1525590000,1525593599,0.06688000,0.06729000,0.06618000,0.06657000,1001.53000000
1525593600,1525597199,0.06687000,0.06757000,0.06687000,0.06749000,993.63000000
1525597200,1525600799,0.06760000,0.06800000,0.06702000,0.06791000,2772.94000000
1525600800,1525604399,0.06816000,0.06893000,0.06758000,0.06893000,651.29000000
1525604400,1525607999,0.06863000,0.06893000,0.06797000,0.06816000,513.73000000
1525608000,1525611599,0.06864000,0.07016000,0.06808000,0.06981000,1860.83000000
1525611600,1525615199,0.07009000,0.07039000,0.06969000,0.07026000,2021.48000000
1525615200,1525618799,0.07022000,0.07118000,0.07022000,0.07116000,2472.96000000
1525618800,1525622399,0.07117000,0.07145000,0.07035000,0.07035000,1154.13000000
1525622400,1525625999,0.07034000,0.07190000,0.07034000,0.07154000,2513.65000000
1525626000,1525629599,0.07194000,0.07254000,0.07050000,0.07081000,2023.08000000
1525629600,1525633199,0.07088000,0.07190000,0.07088000,0.07169000,2716.96000000
1525633200,1525636799,0.07158000,0.07159000,0.07080000,0.07131000,74.49000000
1525636800,1525640399,0.07110000,0.07202000,0.07050000,0.07155000,3600.18000000
1525640400,1525643999,0.07202000,0.07274000,0.07166000,0.07200000,658.10000000
1525644000,1525647599,0.07148000,0.07513000,0.07127000,0.07312000,8706.55000000
1525647600,1525651199,0.07302000,0.07314000,0.07067000,0.07172000,7993.22000000
1525651200,1525654799,0.07174000,0.07200000,0.07111000,0.07141000,1879.65000000
1525654800,1525658399,0.07141000,0.07165000,0.07010000,0.07125000,4045.60000000
1525658400,1525661999,0.07078000,0.07094000,0.07053000,0.07062000,990.62000000
1525662000,1525665599,0.07059000,0.07086000,0.06970000,0.06985000,3923.33000000
1525665600,1525669199,0.06974000,0.07001000,0.06926000,0.06970000,1972.98000000
1525669200,1525672799,0.06973000,0.07056000,0.06972000,0.07048000,36.32000000
1525672800,1525676399,0.07092000,0.07092000,0.06958000,0.07009000,1406.98000000
1525676400,1525679999,0.07003000,0.07103000,0.06934000,0.06934000,4630.83000000
1525680000,1525683599,0.06988000,0.06988000,0.06930000,0.06943000,728.28000000
1525683600,1525687199,0.06951000,0.07027000,0.06930000,0.06939000,1281.81000000
1525687200,1525690799,0.06930000,0.06994000,0.06927000,0.06968000,2798.46000000
1525690800,1525694399,0.06934000,0.06947000,0.06898000,0.06947000,5134.19000000
1525694400,1525697999,0.06974000,0.07045000,0.06951000,0.07037000,2110.94000000
1525698000,1525701599,0.07037000,0.07082000,0.06945000,0.07046000,1731.16000000
1525701600,1525705199,0.07074000,0.07100000,0.06957000,0.06977000,2040.78000000
1525705200,1525708799,0.07044000,0.07059000,0.07035000,0.07049000,224.89000000
1525708800,1525712399,0.07010000,0.07035000,0.06933000,0.06962000,2959.92000000
1525712400,1525715999,0.07000000,0.07104000,0.06956000,0.07104000,1618.73000000
1525716000,1525719599,0.07137000,0.07187000,0.07090000,0.07126000,1276.89000000
1525719600,1525723199,0.07217000,0.07217000,0.06991000,0.07042000,1458.32000000
1525723200,1525726799,0.06980000,0.07151000,0.06980000,0.07075000,1306.90000000
1525726800,1525730399,0.07122000,0.07140000,0.07068000,0.07110000,326.21000000
1525730400,1525733999,0.07110000,0.07110000,0.07028000,0.07055000,662.49000000
1525734000,1525737599,0.07096000,0.07096000,0.07008000,0.07009000,529.25000000
1525737600,1525741199,0.07028000,0.07081000,0.07013000,0.07081000,651.98000000
1525741200,1525744799,0.07020000,0.07088000,0.07016000,0.07088000,132.49000000
1525744800,1525748399,0.07075000,0.07133000,0.07019000,0.07060000,756.18000000
1525748400,1525751999,0.07059000,0.07133000,0.07032000,0.07098000,1505.93000000
1525752000,1525755599,0.07098000,0.07098000,0.07020000,0.07020000,812.53000000
1525755600,1525759199,0.07020000,0.07020000,0.06966000,0.07002000,823.14000000
1525759200,1525762799,0.07002000,0.07063000,0.06966000,0.07063000,4220.65000000
1525762800,1525766399,0.07040000,0.07088000,0.07036000,0.07036000,1292.39000000
1525766400,1525769999,0.07036000,0.07075000,0.07020000,0.07020000,325.41000000
1525770000,1525773599,0.07066000,0.07093000,0.06938000,0.06979000,3004.61000000
1525773600,1525777199,0.06946000,0.06995000,0.06900000,0.06951000,2353.98000000
1525777200,1525780799,0.06964000,0.07035000,0.06880000,0.06996000,990.02000000
1525780800,1525784399,0.06960000,0.07019000,0.06906000,0.06997000,373.20000000
1525784400,1525787999,0.06986000,0.06986000,0.06800000,0.06851000,3812.76000000
1525788000,1525791599,0.06863000,0.06890000,0.06804000,0.06831000,1709.90000000
1525791600,1525795199,0.06831000,0.06891000,0.06831000,0.06867000,375.21000000
1525795200,1525798799,0.06854000,0.06894000,0.06832000,0.06847000,308.23000000
1525798800,1525802399,0.06886000,0.06899000,0.06806000,0.06852000,2721.89000000
1525802400,1525805999,0.06855000,0.06895000,0.06827000,0.06869000,1692.82000000
1525806000,1525809599,0.06887000,0.06899000,0.06806000,0.06899000,1332.65000000
1525809600,1525813199,0.06900000,0.06920000,0.06900000,0.06920000,1380.95000000
1525813200,1525816799,0.06920000,0.07037000,0.06909000,0.06929000,1312.76000000
1525816800,1525820399,0.06959000,0.06959000,0.06909000,0.06909000,532.66000000
1525820400,1525823999,0.06921000,0.06948000,0.06813000,0.06882000,1002.94000000
1525824000,1525827599,0.06879000,0.06879000,0.06761000,0.06761000,1048.59000000
1525827600,1525831199,0.06811000,0.06811000,0.06642000,0.06642000,1688.55000000
1525831200,1525834799,0.06706000,0.06733000,0.06679000,0.06733000,367.17000000
1525834800,1525838399,0.06736000,0.06736000,0.06486000,0.06520000,2723.02000000
1525838400,1525841999,0.06533000,0.06601000,0.06520000,0.06601000,682.09000000
1525842000,1525845599,0.06552000,0.06614000,0.06520000,0.06614000,1762.46000000
1525845600,1525849199,0.06600000,0.08137000,0.06544000,0.07509000,77160.16000000
1525849200,1525852799,0.07506000,0.07791000,0.07367000,0.07544000,18090.19000000
1525852800,1525856399,0.07544000,0.07612000,0.07065000,0.07225000,11396.71000000
1525856400,1525859999,0.07242000,0.07285000,0.07116000,0.07122000,8073.54000000
1525860000,1525863599,0.07118000,0.07118000,0.06837000,0.06837000,5173.68000000
1525863600,1525867199,0.06861000,0.06989000,0.06782000,0.06931000,5159.03000000
1525867200,1525870799,0.06899000,0.07104000,0.06882000,0.07034000,1887.70000000
1525870800,1525874399,0.07049000,0.07502000,0.06967000,0.07200000,12970.15000000
1525874400,1525877999,0.07199000,0.07237000,0.07060000,0.07237000,5234.02000000
1525878000,1525881599,0.07236000,0.07236000,0.07057000,0.07092000,4443.14000000
1525881600,1525885199,0.07076000,0.07166000,0.06927000,0.06933000,5344.42000000
1525885200,1525888799,0.06966000,0.07024000,0.06883000,0.06905000,2667.17000000
1525888800,1525892399,0.06964000,0.06973000,0.06851000,0.06928000,2159.19000000
1525892400,1525895999,0.06862000,0.06872000,0.06687000,0.06767000,3560.56000000
1525896000,1525899599,0.06755000,0.06773000,0.06632000,0.06761000,4303.72000000
1525899600,1525903199,0.06672000,0.06872000,0.06672000,0.06823000,963.11000000
1525903200,1525906799,0.06796000,0.06865000,0.06650000,0.06650000,3347.26000000
1525906800,1525910399,0.06626000,0.06730000,0.06561000,0.06653000,1798.53000000
1525910400,1525913999,0.06638000,0.06638000,0.06543000,0.06630000,1805.70000000
1525914000,1525917599,0.06590000,0.06597000,0.06430000,0.06455000,4129.95000000
1525917600,1525921199,0.06408000,0.06408000,0.06258000,0.06261000,1108.30000000
1525921200,1525924799,0.06313000,0.06482000,0.06288000,0.06482000,1988.90000000
1525924800,1525928399,0.06482000,0.06769000,0.06461000,0.06769000,7145.64000000
1525928400,1525931999,0.06694000,0.06865000,0.06694000,0.06740000,3595.83000000
1525932000,1525935599,0.06770000,0.06890000,0.06697000,0.06697000,4194.40000000
1525935600,1525939199,0.06692000,0.06692000,0.06592000,0.06646000,2225.30000000
1525939200,1525942799,0.06618000,0.06703000,0.06604000,0.06608000,463.98000000
1525942800,1525946399,0.06611000,0.06783000,0.06611000,0.06757000,1341.77000000
1525946400,1525949999,0.06757000,0.06803000,0.06726000,0.06794000,374.12000000
1525950000,1525953599,0.06718000,0.06786000,0.06710000,0.06730000,484.13000000
1525953600,1525957199,0.06772000,0.06797000,0.06696000,0.06698000,1049.65000000
1525957200,1525960799,0.06696000,0.06737000,0.06657000,0.06687000,633.19000000
1525960800,1525964399,0.06669000,0.06669000,0.06589000,0.06602000,4210.21000000
1525964400,1525967999,0.06608000,0.06654000,0.06561000,0.06600000,987.56000000
1525968000,1525971599,0.06601000,0.06673000,0.06601000,0.06605000,661.49000000
1525971600,1525975199,0.06548000,0.06596000,0.06507000,0.06579000,3166.00000000
1525975200,1525978799,0.06529000,0.06578000,0.06510000,0.06533000,121.41000000
1525978800,1525982399,0.06579000,0.06600000,0.06550000,0.06579000,301.63000000
1525982400,1525985999,0.06550000,0.06648000,0.06536000,0.06536000,855.81000000
1525986000,1525989599,0.06536000,0.06610000,0.06535000,0.06558000,93.57000000
1525989600,1525993199,0.06536000,0.06558000,0.06432000,0.06432000,1148.32000000
1525993200,1525996799,0.06428000,0.06493000,0.06347000,0.06350000,2016.05000000
1525996800,1526000399,0.06347000,0.06347000,0.06265000,0.06347000,2168.54000000
1526000400,1526003999,0.06348000,0.06512000,0.06330000,0.06512000,3677.02000000
1526004000,1526007599,0.06446000,0.06492000,0.06365000,0.06386000,352.85000000
1526007600,1526011199,0.06386000,0.06386000,0.06313000,0.06313000,770.44000000
1526011200,1526014799,0.06313000,0.06317000,0.06178000,0.06228000,837.91000000
1526014800,1526018399,0.06228000,0.06316000,0.06199000,0.06249000,902.48000000
1526018400,1526021999,0.06245000,0.06245000,0.06176000,0.06191000,505.55000000
1526022000,1526025599,0.06159000,0.06171000,0.05841000,0.05933000,2281.22000000
1526025600,1526029199,0.05963000,0.06064000,0.05897000,0.06060000,2546.46000000
1526029200,1526032799,0.06032000,0.06084000,0.05925000,0.05925000,5081.75000000
1526032800,1526036399,0.05968000,0.06066000,0.05923000,0.06066000,1721.47000000
1526036400,1526039999,0.06066000,0.06104000,0.05900000,0.05900000,1615.97000000
1526040000,1526043599,0.05864000,0.05920000,0.05799000,0.05846000,2376.04000000
1526043600,1526047199,0.05797000,0.05830000,0.05791000,0.05830000,812.81000000
1526047200,1526050799,0.05866000,0.05948000,0.05849000,0.05948000,302.41000000
1526050800,1526054399,0.05945000,0.06136000,0.05908000,0.06036000,2561.76000000
1526054400,1526057999,0.05976000,0.06140000,0.05976000,0.06140000,328.92000000
1526058000,1526061599,0.06047000,0.06110000,0.06011000,0.06053000,208.20000000
1526061600,1526065199,0.06092000,0.06187000,0.06091000,0.06091000,1939.64000000
1526065200,1526068799,0.06053000,0.06053000,0.05985000,0.06031000,1156.20000000
1526068800,1526072399,0.06031000,0.06031000,0.05792000,0.05905000,2737.88000000
1526072400,1526075999,0.05953000,0.08426000,0.05880000,0.05880000,23177.53000000
1526076000,1526079599,0.05880000,0.05942000,0.05754000,0.05847000,6190.95000000
1526079600,1526083199,0.05793000,0.05942000,0.05787000,0.05802000,1441.23000000
1526083200,1526086799,0.05772000,0.05941000,0.05759000,0.05873000,4747.64000000
1526086800,1526090399,0.05895000,0.05999000,0.05880000,0.05993000,6111.56000000
1526090400,1526093999,0.05970000,0.06006000,0.05942000,0.05942000,535.50000000
1526094000,1526097599,0.05998000,0.06130000,0.05998000,0.06092000,909.72000000
1526097600,1526101199,0.06088000,0.06092000,0.06033000,0.06033000,283.94000000
1526101200,1526104799,0.06021000,0.06051000,0.05942000,0.05983000,3060.61000000
1526104800,1526108399,0.06040000,0.06047000,0.05873000,0.05909000,7872.55000000
1526108400,1526111999,0.05898000,0.05981000,0.05898000,0.05949000,1565.13000000
1526112000,1526115599,0.05956000,0.06208000,0.05956000,0.06114000,3411.12000000
1526115600,1526119199,0.06199000,0.06267000,0.06130000,0.06144000,5998.39000000
1526119200,1526122799,0.06135000,0.06267000,0.06131000,0.06210000,5414.42000000
1526122800,1526126399,0.06210000,0.06268000,0.06163000,0.06185000,1670.87000000
1526126400,1526129999,0.06181000,0.06204000,0.06120000,0.06193000,4864.15000000
1526130000,1526133599,0.06146000,0.06206000,0.06139000,0.06139000,844.18000000
1526133600,1526137199,0.06172000,0.06175000,0.06053000,0.06098000,4739.64000000
1526137200,1526140799,0.06128000,0.06169000,0.06057000,0.06090000,1007.74000000
1526140800,1526144399,0.06107000,0.06107000,0.06052000,0.06090000,957.38000000
1526144400,1526147999,0.06084000,0.06148000,0.06052000,0.06148000,427.58000000
1526148000,1526151599,0.06133000,0.06133000,0.05873000,0.05999000,6196.81000000
1526151600,1526155199,0.06003000,0.06014000,0.05961000,0.06013000,1692.63000000
1526155200,1526158799,0.06007000,0.06051000,0.05999000,0.05999000,205.36000000
1526158800,1526162399,0.05965000,0.06018000,0.05952000,0.05979000,76.91000000
1526162400,1526165999,0.05979000,0.05979000,0.05979000,0.05979000,0.00000000
1526166000,1526169599,0.05985000,0.06052000,0.05956000,0.05989000,50.95000000
1526169600,1526173199,0.05981000,0.05981000,0.05922000,0.05953000,1928.78000000
1526173200,1526176799,0.05952000,0.05952000,0.05908000,0.05945000,154.96000000
1526176800,1526180399,0.05929000,0.05976000,0.05929000,0.05976000,397.71000000
1526180400,1526183999,0.05910000,0.05972000,0.05906000,0.05942000,216.35000000
1526184000,1526187599,0.05942000,0.06061000,0.05942000,0.06061000,1117.56000000
1526187600,1526191199,0.06029000,0.06030000,0.05968000,0.05968000,1380.10000000
1526191200,1526194799,0.05965000,0.05965000,0.05925000,0.05925000,315.16000000
1526194800,1526198399,0.05925000,0.05925000,0.05925000,0.05925000,1.97000000
1526198400,1526201999,0.05999000,0.06105000,0.05952000,0.06101000,1447.14000000
1526202000,1526205599,0.06101000,0.06134000,0.06041000,0.06051000,3117.12000000
1526205600,1526209199,0.06051000,0.06135000,0.06032000,0.06135000,1435.84000000
1526209200,1526212799,0.06066000,0.06103000,0.06011000,0.06053000,1974.98000000
1526212800,1526216399,0.06057000,0.06196000,0.06032000,0.06044000,489.96000000
1526216400,1526219999,0.06024000,0.06040000,0.06007000,0.06008000,532.82000000
1526220000,1526223599,0.06031000,0.06069000,0.06007000,0.06069000,702.11000000
1526223600,1526227199,0.06027000,0.06093000,0.06027000,0.06038000,217.39000000
1526227200,1526230799,0.06061000,0.06329000,0.06003000,0.06153000,10811.82000000
1526230800,1526234399,0.06164000,0.06352000,0.06164000,0.06212000,5021.12000000
1526234400,1526237999,0.06185000,0.06278000,0.06168000,0.06168000,1399.84000000
1526238000,1526241599,0.06199000,0.06351000,0.06199000,0.06343000,620.77000000
1526241600,1526245199,0.06274000,0.06358000,0.06264000,0.06334000,332.84000000
1526245200,1526248799,0.06367000,0.06492000,0.06276000,0.06361000,5852.81000000
1526248800,1526252399,0.06377000,0.06459000,0.06360000,0.06387000,524.10000000
1526252400,1526255999,0.06379000,0.06474000,0.06294000,0.06294000,1216.91000000
1526256000,1526259599,0.06262000,0.06340000,0.06262000,0.06321000,73.47000000
1526259600,1526263199,0.06322000,0.06492000,0.06248000,0.06492000,5305.09000000
1526263200,1526266799,0.06492000,0.06496000,0.06321000,0.06390000,4661.82000000
1526266800,1526270399,0.06458000,0.06500000,0.06210000,0.06248000,3089.05000000
1526270400,1526273999,0.06261000,0.06320000,0.06221000,0.06272000,293.58000000
1526274000,1526277599,0.06349000,0.06458000,0.06201000,0.06265000,6904.20000000
1526277600,1526281199,0.06231000,0.06335000,0.06231000,0.06335000,654.10000000
1526281200,1526284799,0.06335000,0.06454000,0.06335000,0.06390000,46.50000000
1526284800,1526288399,0.06384000,0.06442000,0.06337000,0.06400000,2703.10000000
1526288400,1526291999,0.06394000,0.06611000,0.06388000,0.06507000,46405.54000000
1526292000,1526295599,0.06480000,0.06480000,0.06286000,0.06290000,8342.17000000
1526295600,1526299199,0.06311000,0.06403000,0.06170000,0.06218000,10168.46000000
1526299200,1526302799,0.06246000,0.06295000,0.06234000,0.06290000,2334.14000000
1526302800,1526306399,0.06225000,0.06326000,0.06225000,0.06297000,5493.82000000
1526306400,1526309999,0.06297000,0.06420000,0.06297000,0.06382000,1322.21000000
1526310000,1526313599,0.06382000,0.06723000,0.06372000,0.06714000,12532.32000000
1526313600,1526317199,0.06722000,0.06981000,0.06662000,0.06866000,9864.37000000
1526317200,1526320799,0.06911000,0.06911000,0.06631000,0.06799000,8511.73000000
1526320800,1526324399,0.06799000,0.06831000,0.06661000,0.06693000,5539.98000000
1526324400,1526327999,0.06694000,0.06735000,0.06678000,0.06717000,2213.08000000
1526328000,1526331599,0.06739000,0.06825000,0.06739000,0.06778000,1510.53000000
1526331600,1526335199,0.06768000,0.06809000,0.06568000,0.06619000,4395.51000000
1526335200,1526338799,0.06581000,0.06822000,0.06581000,0.06669000,3894.40000000
1526338800,1526342399,0.06708000,0.06780000,0.06679000,0.06780000,3576.68000000
1526342400,1526345999,0.06762000,0.06945000,0.06679000,0.06862000,3247.23000000
1526346000,1526349599,0.06946000,0.06961000,0.06745000,0.06782000,10205.73000000
1526349600,1526353199,0.06770000,0.06892000,0.06766000,0.06841000,4303.29000000
1526353200,1526356799,0.06843000,0.06937000,0.06841000,0.06937000,4247.10000000
1526356800,1526360399,0.06937000,0.06937000,0.06800000,0.06837000,1882.02000000
1526360400,1526363999,0.06853000,0.06853000,0.06707000,0.06769000,4571.39000000
1526364000,1526367599,0.06803000,0.06893000,0.06779000,0.06852000,4485.24000000
1526367600,1526371199,0.06882000,0.06882000,0.06680000,0.06824000,8178.08000000
1526371200,1526374799,0.06799000,0.07133000,0.06759000,0.07047000,15854.57000000
1526374800,1526378399,0.07037000,0.07056000,0.06933000,0.06996000,744.56000000
1526378400,1526381999,0.06992000,0.07037000,0.06926000,0.06926000,2115.41000000
1526382000,1526385599,0.06948000,0.07003000,0.06899000,0.07003000,2155.37000000
1526385600,1526389199,0.06973000,0.07102000,0.06893000,0.06927000,5280.63000000
1526389200,1526392799,0.06990000,0.07018000,0.06881000,0.07018000,1648.16000000
1526392800,1526396399,0.07033000,0.07050000,0.06622000,0.06803000,6023.52000000
1526396400,1526399999,0.06782000,0.06861000,0.06712000,0.06723000,3372.45000000
1526400000,1526403599,0.06723000,0.06762000,0.06698000,0.06754000,733.86000000
1526403600,1526407199,0.06754000,0.06779000,0.06658000,0.06660000,5189.63000000
1526407200,1526410799,0.06660000,0.06796000,0.06619000,0.06731000,3700.33000000
1526410800,1526414399,0.06731000,0.06740000,0.06600000,0.06698000,2679.36000000
1526414400,1526417999,0.06623000,0.06699000,0.06609000,0.06628000,522.23000000
1526418000,1526421599,0.06662000,0.06667000,0.06600000,0.06667000,945.80000000
1526421600,1526425199,0.06592000,0.06730000,0.06572000,0.06610000,5633.66000000
1526425200,1526428799,0.06591000,0.06769000,0.06591000,0.06685000,715.67000000
1526428800,1526432399,0.06681000,0.06681000,0.06600000,0.06634000,509.48000000
1526432400,1526435999,0.06646000,0.06646000,0.06469000,0.06524000,1037.90000000
1526436000,1526439599,0.06524000,0.06547000,0.06454000,0.06454000,430.51000000
1526439600,1526443199,0.06494000,0.06570000,0.06476000,0.06570000,674.00000000
1526443200,1526446799,0.06567000,0.06567000,0.06470000,0.06470000,241.54000000
1526446800,1526450399,0.06555000,0.06555000,0.06457000,0.06473000,1917.85000000
1526450400,1526453999,0.06474000,0.06495000,0.06405000,0.06495000,143.50000000
1526454000,1526457599,0.06460000,0.06507000,0.06387000,0.06412000,2681.50000000
1526457600,1526461199,0.06407000,0.06424000,0.06348000,0.06403000,264.78000000
1526461200,1526464799,0.06367000,0.06421000,0.06367000,0.06398000,51.99000000
1526464800,1526468399,0.06477000,0.06595000,0.06390000,0.06547000,4327.09000000
1526468400,1526471999,0.06602000,0.06932000,0.06602000,0.06850000,8334.69000000
1526472000,1526475599,0.06941000,0.06942000,0.06703000,0.06817000,6855.04000000
1526475600,1526479199,0.06817000,0.06817000,0.06648000,0.06739000,3539.87000000
1526479200,1526482799,0.06736000,0.06736000,0.06600000,0.06706000,1061.70000000
1526482800,1526486399,0.06706000,0.06755000,0.06693000,0.06711000,932.37000000
1526486400,1526489999,0.06693000,0.06755000,0.06501000,0.06629000,2980.30000000
1526490000,1526493599,0.06624000,0.06644000,0.06601000,0.06627000,355.86000000
1526493600,1526497199,0.06620000,0.06652000,0.06620000,0.06646000,1145.81000000
1526497200,1526500799,0.06642000,0.06730000,0.06633000,0.06658000,2310.31000000
1526500800,1526504399,0.06660000,0.06801000,0.06660000,0.06755000,245.88000000
1526504400,1526507999,0.06747000,0.06836000,0.06744000,0.06823000,96.65000000
1526508000,1526511599,0.06816000,0.06838000,0.06685000,0.06701000,1844.84000000
1526511600,1526515199,0.06685000,0.06763000,0.06651000,0.06738000,443.48000000
1526515200,1526518799,0.06713000,0.06851000,0.06628000,0.06771000,1555.20000000
1526518800,1526522399,0.06682000,0.06742000,0.06600000,0.06674000,1630.81000000
1526522400,1526525999,0.06674000,0.06733000,0.06644000,0.06699000,1887.38000000
1526526000,1526529599,0.06720000,0.06783000,0.06638000,0.06647000,3741.70000000
1526529600,1526533199,0.06628000,0.06705000,0.06628000,0.06671000,47.31000000
1526533200,1526536799,0.06656000,0.06708000,0.06622000,0.06645000,1253.90000000
1526536800,1526540399,0.06642000,0.06704000,0.06600000,0.06657000,772.47000000
1526540400,1526543999,0.06634000,0.06664000,0.06549000,0.06641000,410.79000000
1526544000,1526547599,0.06627000,0.06641000,0.06549000,0.06608000,507.91000000
1526547600,1526551199,0.06587000,0.06758000,0.06505000,0.06691000,5167.34000000
1526551200,1526554799,0.06791000,0.07026000,0.06731000,0.06849000,12715.89000000
1526554800,1526558399,0.06856000,0.06905000,0.06710000,0.06784000,2157.02000000
1526558400,1526561999,0.06718000,0.06793000,0.06705000,0.06736000,821.89000000
1526562000,1526565599,0.06689000,0.06804000,0.06689000,0.06736000,272.69000000
1526565600,1526569199,0.06758000,0.06847000,0.06758000,0.06819000,2003.20000000
1526569200,1526572799,0.06900000,0.06936000,0.06713000,0.06735000,2175.13000000
1526572800,1526576399,0.06785000,0.06785000,0.06629000,0.06718000,1603.10000000
1526576400,1526579999,0.06703000,0.06707000,0.06582000,0.06664000,1020.42000000
1526580000,1526583599,0.06581000,0.06646000,0.06437000,0.06462000,870.94000000
1526583600,1526587199,0.06455000,0.06534000,0.06174000,0.06321000,1626.06000000
1526587200,1526590799,0.06338000,0.06367000,0.06225000,0.06265000,2177.58000000
1526590800,1526594399,0.06359000,0.06359000,0.06139000,0.06217000,386.98000000
1526594400,1526597999,0.06207000,0.06244000,0.06115000,0.06143000,220.38000000
1526598000,1526601599,0.06293000,0.06321000,0.06218000,0.06218000,251.22000000
1526601600,1526605199,0.06313000,0.06375000,0.06304000,0.06375000,465.64000000
1526605200,1526608799,0.06347000,0.06377000,0.06347000,0.06377000,300.00000000
1526608800,1526612399,0.06437000,0.06441000,0.06437000,0.06441000,27.83000000
1526612400,1526615999,0.06343000,0.06382000,0.06343000,0.06382000,184.64000000
1526616000,1526619599,0.06444000,0.06444000,0.06300000,0.06300000,434.62000000
1526619600,1526623199,0.06413000,0.06413000,0.06385000,0.06385000,107.46000000
1526623200,1526626799,0.06385000,0.06385000,0.06278000,0.06278000,534.14000000
1526626800,1526630399,0.06278000,0.06350000,0.06278000,0.06344000,671.94000000
1526630400,1526633999,0.06273000,0.06342000,0.06250000,0.06310000,108.61000000
1526634000,1526637599,0.06279000,0.06290000,0.06193000,0.06205000,7199.93000000
1526637600,1526641199,0.06213000,0.06213000,0.05381000,0.05828000,7378.00000000
1526641200,1526644799,0.05804000,0.05846000,0.05267000,0.05425000,5867.54000000
1526644800,1526648399,0.05422000,0.05488000,0.04811000,0.05293000,3353.89000000
1526648400,1526651999,0.05138000,0.05360000,0.04979000,0.05360000,2894.97000000
1526652000,1526655599,0.05401000,0.05565000,0.05190000,0.05281000,5288.15000000
1526655600,1526659199,0.05316000,0.05353000,0.05316000,0.05353000,1345.28000000
1526659200,1526662799,0.05396000,0.05412000,0.05346000,0.05346000,401.74000000
1526662800,1526666399,0.05346000,0.05468000,0.05333000,0.05468000,1276.82000000
1526666400,1526669999,0.05321000,0.05324000,0.05232000,0.05285000,1184.76000000
1526670000,1526673599,0.05266000,0.05379000,0.05266000,0.05324000,772.67000000
1526673600,1526677199,0.05367000,0.05379000,0.05319000,0.05341000,903.67000000
1526677200,1526680799,0.05341000,0.05412000,0.05341000,0.05388000,2559.42000000
1526680800,1526684399,0.05348000,0.05362000,0.05288000,0.05322000,1053.41000000
1526684400,1526687999,0.05307000,0.05307000,0.05203000,0.05234000,821.34000000
1526688000,1526691599,0.05301000,0.05375000,0.05301000,0.05334000,3029.86000000
1526691600,1526695199,0.05379000,0.05379000,0.05379000,0.05379000,825.33000000
1526695200,1526698799,0.05331000,0.05379000,0.05203000,0.05224000,3381.14000000
1526698800,1526702399,0.05185000,0.05209000,0.05060000,0.05068000,2837.74000000
1526702400,1526705999,0.05132000,0.05199000,0.05082000,0.05137000,1395.25000000
1526706000,1526709599,0.05063000,0.05159000,0.05063000,0.05159000,1429.52000000
1526709600,1526713199,0.05153000,0.05171000,0.05080000,0.05085000,2155.49000000
1526713200,1526716799,0.05080000,0.05129000,0.05000000,0.05111000,1863.51000000
1526716800,1526720399,0.05112000,0.05170000,0.05099000,0.05150000,992.99000000
1526720400,1526723999,0.05129000,0.05129000,0.05099000,0.05099000,11.01000000
1526724000,1526727599,0.05171000,0.05293000,0.05171000,0.05220000,1447.97000000
1526727600,1526731199,0.05220000,0.05220000,0.05151000,0.05220000,2126.39000000
1526731200,1526734799,0.05243000,0.05995000,0.05203000,0.05338000,2670.68000000
1526734800,1526738399,0.05390000,0.05507000,0.05344000,0.05476000,4057.34000000
1526738400,1526741999,0.05489000,0.05529000,0.05467000,0.05468000,3814.16000000
1526742000,1526745599,0.05490000,0.05532000,0.05483000,0.05487000,2866.89000000
1526745600,1526749199,0.05528000,0.05623000,0.05528000,0.05601000,3410.35000000
1526749200,1526752799,0.05638000,0.05638000,0.05568000,0.05568000,931.33000000
1526752800,1526756399,0.05568000,0.05637000,0.05565000,0.05637000,1418.30000000
1526756400,1526759999,0.05565000,0.05597000,0.05514000,0.05514000,7093.18000000
1526760000,1526763599,0.05569000,0.05569000,0.05511000,0.05511000,28.65000000
1526763600,1526767199,0.05492000,0.05513000,0.05468000,0.05513000,2508.48000000
1526767200,1526770799,0.05521000,0.05521000,0.05435000,0.05508000,319.05000000
1526770800,1526774399,0.05497000,0.06500000,0.05452000,0.05500000,24399.41000000
1526774400,1526777999,0.05500000,0.06000000,0.05374000,0.05515000,92422.29000000
1526778000,1526781599,0.05459000,0.05557000,0.05459000,0.05535000,2483.68000000
1526781600,1526785199,0.05587000,0.05715000,0.05587000,0.05651000,952.25000000
1526785200,1526788799,0.05700000,0.05700000,0.05650000,0.05650000,2321.59000000
1526788800,1526792399,0.05644000,0.05650000,0.05597000,0.05650000,1268.17000000
1526792400,1526795999,0.05630000,0.05630000,0.05630000,0.05630000,0.12000000
1526796000,1526799599,0.05638000,0.05645000,0.05597000,0.05597000,2323.36000000
1526799600,1526803199,0.05597000,0.05638000,0.05534000,0.05638000,313.30000000
1526803200,1526806799,0.05570000,0.05580000,0.05509000,0.05556000,3051.17000000
1526806800,1526810399,0.05561000,0.05573000,0.05520000,0.05573000,870.09000000
1526810400,1526813999,0.05575000,0.05650000,0.05554000,0.05612000,7885.55000000
1526814000,1526817599,0.05644000,0.05653000,0.05594000,0.05606000,129.34000000
1526817600,1526821199,0.05628000,0.05628000,0.05594000,0.05594000,258.43000000
1526821200,1526824799,0.05550000,0.05618000,0.05550000,0.05618000,270.69000000
1526824800,1526828399,0.05582000,0.05622000,0.05582000,0.05622000,1010.15000000
1526828400,1526831999,0.05622000,0.05724000,0.05622000,0.05724000,309.09000000
1526832000,1526835599,0.05720000,0.06198000,0.05693000,0.05969000,4002.34000000
1526835600,1526839199,0.05901000,0.05960000,0.05845000,0.05845000,6916.15000000
1526839200,1526842799,0.05823000,0.05839000,0.05763000,0.05764000,2859.37000000
1526842800,1526846399,0.05764000,0.05829000,0.05763000,0.05808000,236.91000000
1526846400,1526849999,0.05779000,0.05806000,0.05777000,0.05786000,165.76000000
1526850000,1526853599,0.05778000,0.05796000,0.05723000,0.05796000,522.13000000
1526853600,1526857199,0.05756000,0.05793000,0.05743000,0.05743000,496.11000000
1526857200,1526860799,0.05805000,0.05805000,0.05723000,0.05747000,739.97000000
1526860800,1526864399,0.05747000,0.05773000,0.05685000,0.05734000,283.12000000
1526864400,1526867999,0.05685000,0.05726000,0.05609000,0.05632000,702.88000000
1526868000,1526871599,0.05601000,0.05622000,0.05514000,0.05608000,10834.54000000
1526871600,1526875199,0.05534000,0.05585000,0.05498000,0.05523000,143.18000000
1526875200,1526878799,0.05523000,0.05577000,0.05523000,0.05577000,356.80000000
1526878800,1526882399,0.05567000,0.05642000,0.05567000,0.05628000,1083.87000000
1526882400,1526885999,0.05587000,0.05587000,0.05587000,0.05587000,85.00000000
1526886000,1526889599,0.05613000,0.05654000,0.05608000,0.05642000,808.00000000
1526889600,1526893199,0.05616000,0.05632000,0.05616000,0.05620000,480.91000000
1526893200,1526896799,0.05667000,0.05667000,0.05667000,0.05667000,0.03000000
1526896800,1526900399,0.05655000,0.05655000,0.05610000,0.05653000,861.61000000
1526900400,1526903999,0.05610000,0.05664000,0.05549000,0.05571000,2730.79000000
1526904000,1526907599,0.05541000,0.05645000,0.05541000,0.05597000,361.74000000
1526907600,1526911199,0.05578000,0.05656000,0.05543000,0.05655000,1871.96000000
1526911200,1526914799,0.05655000,0.05667000,0.05581000,0.05581000,1231.14000000
1526914800,1526918399,0.05581000,0.05581000,0.05476000,0.05558000,929.62000000
1526918400,1526921999,0.05552000,0.05552000,0.05470000,0.05470000,2726.78000000
1526922000,1526925599,0.05469000,0.05530000,0.05337000,0.05344000,4170.60000000
1526925600,1526929199,0.05295000,0.05341000,0.05232000,0.05232000,945.56000000
1526929200,1526932799,0.05360000,0.05360000,0.05257000,0.05357000,7527.39000000
1526932800,1526936399,0.05302000,0.05302000,0.05276000,0.05276000,2553.83000000
1526936400,1526939999,0.05336000,0.05336000,0.05336000,0.05336000,81.05000000
1526940000,1526943599,0.05291000,0.05341000,0.05285000,0.05285000,3188.02000000
1526943600,1526947199,0.05338000,0.05338000,0.05180000,0.05180000,6451.26000000
1526947200,1526950799,0.05302000,0.05324000,0.05298000,0.05324000,26.42000000
1526950800,1526954399,0.05285000,0.05285000,0.05239000,0.05239000,839.31000000
1526954400,1526957999,0.05239000,0.05338000,0.05217000,0.05298000,1937.59000000
1526958000,1526961599,0.05298000,0.05298000,0.05227000,0.05227000,1712.40000000
1526961600,1526965199,0.05280000,0.05314000,0.05259000,0.05314000,938.02000000
1526965200,1526968799,0.05320000,0.05320000,0.05320000,0.05320000,34.00000000
1526968800,1526972399,0.05245000,0.05319000,0.05245000,0.05319000,77.82000000
1526972400,1526975999,0.05338000,0.05373000,0.05267000,0.05267000,2897.88000000
1526976000,1526979599,0.05267000,0.05267000,0.05151000,0.05220000,1348.07000000
1526979600,1526983199,0.05220000,0.05241000,0.05101000,0.05167000,1801.46000000
1526983200,1526986799,0.05084000,0.05168000,0.05078000,0.05151000,109.80000000
1526986800,1526990399,0.05078000,0.05198000,0.05053000,0.05149000,673.34000000
1526990400,1526993999,0.05186000,0.05232000,0.05150000,0.05150000,77.73000000
1526994000,1526997599,0.05150000,0.05150000,0.05126000,0.05126000,2373.01000000
1526997600,1527001199,0.05228000,0.05228000,0.05142000,0.05222000,1092.84000000
1527001200,1527004799,0.05163000,0.05186000,0.05160000,0.05160000,762.57000000
1527004800,1527008399,0.05126000,0.05164000,0.05097000,0.05097000,82.04000000
1527008400,1527011999,0.05223000,0.05264000,0.05223000,0.05255000,2772.14000000
1527012000,1527015599,0.05220000,0.05674000,0.05142000,0.05210000,7051.86000000
1527015600,1527019199,0.05126000,0.05220000,0.05126000,0.05220000,574.48000000
1527019200,1527022799,0.05150000,0.05265000,0.05150000,0.05206000,611.25000000
1527022800,1527026399,0.05195000,0.05195000,0.05195000,0.05195000,444.08000000
1527026400,1527029999,0.05195000,0.05212000,0.05165000,0.05212000,257.12000000
1527030000,1527033599,0.05161000,0.05161000,0.05125000,0.05125000,1049.92000000
1527033600,1527037199,0.05108000,0.05146000,0.05061000,0.05062000,866.28000000
1527037200,1527040799,0.05152000,0.05205000,0.05096000,0.05144000,2360.82000000
1527040800,1527044399,0.05135000,0.05180000,0.05076000,0.05127000,2442.76000000
1527044400,1527047999,0.05127000,0.05127000,0.05127000,0.05127000,0.00000000
1527048000,1527051599,0.05084000,0.05134000,0.05084000,0.05088000,177.05000000
1527051600,1527055199,0.05107000,0.05184000,0.05107000,0.05150000,40.89000000
1527055200,1527058799,0.05184000,0.05222000,0.05116000,0.05116000,245.24000000
1527058800,1527062399,0.05108000,0.05213000,0.05095000,0.05138000,296.80000000
1527062400,1527065999,0.05138000,0.05218000,0.05092000,0.05092000,2505.51000000
1527066000,1527069599,0.05180000,0.05180000,0.05077000,0.05077000,506.47000000
1527069600,1527073199,0.05072000,0.05090000,0.05051000,0.05070000,202.73000000
1527073200,1527076799,0.05155000,0.05155000,0.05077000,0.05077000,206.00000000
1527076800,1527080399,0.05222000,0.05223000,0.05222000,0.05223000,546.22000000
1527080400,1527083999,0.05095000,0.05095000,0.05095000,0.05095000,258.20000000
1527084000,1527087599,0.05144000,0.05191000,0.05093000,0.05154000,2453.84000000
1527087600,1527091199,0.05130000,0.05145000,0.05084000,0.05084000,2140.40000000
1527091200,1527094799,0.05156000,0.05194000,0.05052000,0.05052000,1437.65000000
1527094800,1527098399,0.05127000,0.05127000,0.05011000,0.05084000,1275.18000000
1527098400,1527101999,0.05065000,0.05069000,0.04961000,0.05022000,789.90000000
1527102000,1527105599,0.05022000,0.05053000,0.04925000,0.05053000,857.12000000
1527105600,1527109199,0.05046000,0.05083000,0.04963000,0.05083000,1516.05000000
1527109200,1527112799,0.05071000,0.05084000,0.04994000,0.05084000,398.09000000
1527112800,1527116399,0.05124000,0.05152000,0.05062000,0.05062000,841.36000000
1527116400,1527119999,0.05107000,0.05107000,0.04979000,0.04979000,1089.18000000
1527120000,1527123599,0.04979000,0.04979000,0.04979000,0.04979000,0.00000000
1527123600,1527127199,0.05007000,0.05007000,0.05007000,0.05007000,233.00000000
1527127200,1527130799,0.04979000,0.04979000,0.04974000,0.04979000,564.11000000
1527130800,1527134399,0.04979000,0.05045000,0.04969000,0.05007000,37.76000000
1527134400,1527137999,0.04992000,0.05054000,0.04947000,0.04947000,1275.07000000
1527138000,1527141599,0.04918000,0.05000000,0.04918000,0.05000000,33.66000000
1527141600,1527145199,0.04941000,0.04980000,0.04910000,0.04980000,251.71000000
1527145200,1527148799,0.04959000,0.04959000,0.04959000,0.04959000,465.00000000
1527148800,1527152399,0.04959000,0.04959000,0.04895000,0.04895000,3380.23000000
1527152400,1527155999,0.04880000,0.05090000,0.04853000,0.04983000,5332.73000000
1527156000,1527159599,0.04983000,0.04983000,0.04911000,0.04944000,58.63000000
1527159600,1527163199,0.05014000,0.05014000,0.04933000,0.04933000,1659.67000000
1527163200,1527166799,0.04936000,0.04967000,0.04927000,0.04967000,1409.40000000
1527166800,1527170399,0.04893000,0.05005000,0.04893000,0.05004000,71.87000000
1527170400,1527173999,0.04941000,0.04967000,0.04926000,0.04926000,299.16000000
1527174000,1527177599,0.05000000,0.05084000,0.04950000,0.04968000,1407.79000000
1527177600,1527181199,0.05062000,0.05062000,0.05016000,0.05016000,56.91000000
1527181200,1527184799,0.05014000,0.05074000,0.04925000,0.05068000,1715.53000000
1527184800,1527188399,0.05013000,0.05068000,0.05007000,0.05030000,7450.52000000
1527188400,1527191999,0.05000000,0.05000000,0.05000000,0.05000000,20.00000000
1527192000,1527195599,0.04983000,0.04983000,0.04976000,0.04976000,89.06000000
1527195600,1527199199,0.05038000,0.05038000,0.04850000,0.04987000,2423.20000000
1527199200,1527202799,0.05045000,0.05045000,0.05045000,0.05045000,55.00000000
1527202800,1527206399,0.05049000,0.05050000,0.05000000,0.05000000,140.32000000
1527206400,1527209999,0.04995000,0.04995000,0.04913000,0.04913000,1999.41000000
1527210000,1527213599,0.04940000,0.04940000,0.04835000,0.04880000,371.03000000
1527213600,1527217199,0.04885000,0.04931000,0.04850000,0.04931000,1195.13000000
1527217200,1527220799,0.04929000,0.04929000,0.04805000,0.04862000,549.67000000
1527220800,1527224399,0.04844000,0.05028000,0.04844000,0.05028000,901.83000000
1527224400,1527227999,0.04945000,0.04977000,0.04891000,0.04911000,1560.61000000
1527228000,1527231599,0.05004000,0.05092000,0.04940000,0.05026000,7852.84000000
1527231600,1527235199,0.04939000,0.04939000,0.04893000,0.04893000,1683.61000000
1527235200,1527238799,0.05008000,0.05008000,0.04916000,0.04916000,88.51000000
1527238800,1527242399,0.04874000,0.04944000,0.04870000,0.04944000,221.14000000
1527242400,1527245999,0.04931000,0.04931000,0.04856000,0.04918000,2593.66000000
1527246000,1527249599,0.04962000,0.04963000,0.04915000,0.04915000,230.02000000
1527249600,1527253199,0.05019000,0.05092000,0.04959000,0.05037000,4414.94000000
1527253200,1527256799,0.05089000,0.05172000,0.05046000,0.05049000,6786.79000000
1527256800,1527260399,0.05062000,0.05124000,0.05031000,0.05048000,2060.23000000
1527260400,1527263999,0.05032000,0.05115000,0.05032000,0.05070000,1884.59000000
1527264000,1527267599,0.05070000,0.05115000,0.05037000,0.05059000,1666.99000000
1527267600,1527271199,0.05048000,0.05084000,0.04992000,0.04992000,477.28000000
1527271200,1527274799,0.05039000,0.05061000,0.05014000,0.05047000,2466.12000000
1527274800,1527278399,0.05017000,0.05038000,0.04995000,0.04995000,2916.83000000
1527278400,1527281999,0.05000000,0.05078000,0.05000000,0.05050000,3395.02000000
1527282000,1527285599,0.05034000,0.05067000,0.05023000,0.05067000,292.27000000
1527285600,1527289199,0.05061000,0.05079000,0.05045000,0.05045000,587.63000000
1527289200,1527292799,0.05045000,0.05045000,0.04957000,0.04957000,462.00000000
1527292800,1527296399,0.05029000,0.05058000,0.05025000,0.05025000,632.97000000
1527296400,1527299999,0.05014000,0.05014000,0.04981000,0.04981000,159.28000000
1527300000,1527303599,0.05008000,0.05008000,0.04941000,0.04946000,358.28000000
1527303600,1527307199,0.04990000,0.04990000,0.04936000,0.04956000,273.01000000
1527307200,1527310799,0.04937000,0.04980000,0.04937000,0.04939000,167.41000000
1527310800,1527314399,0.04936000,0.04958000,0.04925000,0.04957000,224.01000000
1527314400,1527317999,0.04977000,0.04977000,0.04977000,0.04977000,0.60000000
1527318000,1527321599,0.05002000,0.05064000,0.04968000,0.05031000,1162.68000000
1527321600,1527325199,0.05031000,0.05064000,0.05020000,0.05064000,239.57000000
1527325200,1527328799,0.05064000,0.05110000,0.05043000,0.05043000,661.80000000
1527328800,1527332399,0.05043000,0.05043000,0.05043000,0.05043000,30.68000000
1527332400,1527335999,0.05058000,0.05058000,0.05058000,0.05058000,98.00000000
1527336000,1527339599,0.05058000,0.05058000,0.04995000,0.04995000,855.05000000
1527339600,1527343199,0.05044000,0.05044000,0.04958000,0.04962000,308.23000000
1527343200,1527346799,0.05027000,0.05027000,0.04958000,0.04958000,114.34000000
1527346800,1527350399,0.04958000,0.04958000,0.04930000,0.04930000,214.00000000
1527350400,1527353999,0.04941000,0.04941000,0.04940000,0.04940000,4.67000000
1527354000,1527357599,0.04908000,0.04969000,0.04901000,0.04969000,141.53000000
1527357600,1527361199,0.04950000,0.05009000,0.04927000,0.04938000,135.36000000
1527361200,1527364799,0.04967000,0.04967000,0.04967000,0.04967000,0.06000000
1527364800,1527368399,0.04967000,0.04967000,0.04967000,0.04967000,0.00000000
1527368400,1527371999,0.04967000,0.04967000,0.04967000,0.04967000,0.00000000
1527372000,1527375599,0.04933000,0.04939000,0.04920000,0.04920000,398.64000000
1527375600,1527379199,0.04946000,0.04946000,0.04877000,0.04901000,98.90000000
1527379200,1527382799,0.04861000,0.04884000,0.04859000,0.04859000,206.01000000
1527382800,1527386399,0.04874000,0.04874000,0.04871000,0.04871000,1107.00000000
1527386400,1527389999,0.04862000,0.04900000,0.04832000,0.04887000,205.13000000
1527390000,1527393599,0.04851000,0.04866000,0.04845000,0.04866000,235.64000000
1527393600,1527397199,0.04811000,0.04872000,0.04766000,0.04823000,200.73000000
1527397200,1527400799,0.04789000,0.04789000,0.04787000,0.04787000,73.91000000
1527400800,1527404399,0.04788000,0.04788000,0.04788000,0.04788000,70.00000000
1527404400,1527407999,0.04805000,0.04805000,0.04805000,0.04805000,14.22000000
1527408000,1527411599,0.04796000,0.04796000,0.04793000,0.04793000,270.68000000
1527411600,1527415199,0.04811000,0.04811000,0.04811000,0.04811000,53.27000000
1527415200,1527418799,0.04811000,0.04853000,0.04811000,0.04853000,357.00000000
1527418800,1527422399,0.04855000,0.04893000,0.04855000,0.04855000,810.17000000
1527422400,1527425999,0.04892000,0.04892000,0.04857000,0.04857000,1623.69000000
1527426000,1527429599,0.04857000,0.04857000,0.04857000,0.04857000,0.00000000
1527429600,1527433199,0.04795000,0.04897000,0.04795000,0.04860000,196.56000000
1527433200,1527436799,0.04900000,0.04900000,0.04803000,0.04862000,224.29000000
1527436800,1527440399,0.04868000,0.04900000,0.04868000,0.04900000,396.83000000
1527440400,1527443999,0.04891000,0.04891000,0.04891000,0.04891000,22.39000000
1527444000,1527447599,0.04891000,0.04891000,0.04891000,0.04891000,77.00000000
1527447600,1527451199,0.04923000,0.04923000,0.04905000,0.04905000,32.06000000
1527451200,1527454799,0.04876000,0.04933000,0.04869000,0.04881000,143.73000000
1527454800,1527458399,0.04883000,0.04883000,0.04883000,0.04883000,40.72000000
1527458400,1527461999,0.04883000,0.04883000,0.04883000,0.04883000,0.00000000
1527462000,1527465599,0.04897000,0.04897000,0.04857000,0.04857000,25.23000000
1527465600,1527469199,0.04891000,0.04891000,0.04891000,0.04891000,3.36000000
1527469200,1527472799,0.04922000,0.04922000,0.04880000,0.04910000,38.61000000
1527472800,1527476399,0.04944000,0.04944000,0.04921000,0.04921000,93.89000000
1527476400,1527479999,0.04946000,0.04946000,0.04827000,0.04844000,489.41000000
1527480000,1527483599,0.04844000,0.04932000,0.04841000,0.04932000,677.93000000
1527483600,1527487199,0.04946000,0.05051000,0.04946000,0.04955000,4552.04000000
1527487200,1527490799,0.04955000,0.04999000,0.04922000,0.04922000,242.66000000
1527490800,1527494399,0.04982000,0.04984000,0.04911000,0.04923000,3564.14000000
1527494400,1527497999,0.04946000,0.05097000,0.04946000,0.04981000,4046.21000000
1527498000,1527501599,0.04970000,0.04980000,0.04959000,0.04980000,297.24000000
1527501600,1527505199,0.04959000,0.05000000,0.04959000,0.04990000,750.98000000
1527505200,1527508799,0.05000000,0.05000000,0.04929000,0.04929000,663.66000000
1527508800,1527512399,0.04938000,0.05020000,0.04936000,0.05020000,1759.24000000
1527512400,1527515999,0.05008000,0.05035000,0.04980000,0.04980000,1347.41000000
1527516000,1527519599,0.05015000,0.05078000,0.05005000,0.05078000,2951.08000000
1527519600,1527523199,0.05078000,0.05240000,0.04974000,0.05043000,13366.37000000
1527523200,1527526799,0.05043000,0.05043000,0.04990000,0.05009000,64.42000000
1527526800,1527530399,0.04993000,0.05040000,0.04993000,0.04993000,214.25000000
1527530400,1527533999,0.05014000,0.05100000,0.04994000,0.05075000,3634.94000000
1527534000,1527537599,0.05058000,0.05058000,0.04969000,0.04982000,2378.48000000
1527537600,1527541199,0.04975000,0.05047000,0.04959000,0.05047000,263.59000000
1527541200,1527544799,0.04957000,0.04963000,0.04930000,0.04933000,2426.64000000
1527544800,1527548399,0.04963000,0.05021000,0.04907000,0.04907000,529.75000000
1527548400,1527551999,0.04882000,0.04913000,0.04860000,0.04860000,2615.19000000
1527552000,1527555599,0.04921000,0.04921000,0.04799000,0.04799000,2174.92000000
1527555600,1527559199,0.04858000,0.04896000,0.04858000,0.04888000,540.54000000
1527559200,1527562799,0.04854000,0.04876000,0.04854000,0.04872000,1294.06000000
1527562800,1527566399,0.04876000,0.04896000,0.04800000,0.04831000,1279.93000000
1527566400,1527569999,0.04779000,0.04779000,0.04779000,0.04779000,79.00000000
1527570000,1527573599,0.04779000,0.04829000,0.04731000,0.04829000,1876.31000000
1527573600,1527577199,0.04829000,0.04829000,0.04829000,0.04829000,0.00000000
1527577200,1527580799,0.04875000,0.04875000,0.04759000,0.04759000,130.48000000
1527580800,1527584399,0.04758000,0.04875000,0.04756000,0.04843000,2381.08000000
1527584400,1527587999,0.04793000,0.04843000,0.04793000,0.04800000,59.33000000
1527588000,1527591599,0.04841000,0.04898000,0.04814000,0.04854000,7173.36000000
1527591600,1527595199,0.04842000,0.04867000,0.04803000,0.04803000,472.60000000
1527595200,1527598799,0.04899000,0.04900000,0.04822000,0.04869000,1306.31000000
1527598800,1527602399,0.04913000,0.04969000,0.04892000,0.04932000,475.69000000
1527602400,1527605999,0.04929000,0.04980000,0.04924000,0.04967000,393.34000000
1527606000,1527609599,0.04956000,0.04981000,0.04956000,0.04981000,147.76000000
1527609600,1527613199,0.04994000,0.04994000,0.04976000,0.04983000,21.78000000
1527613200,1527616799,0.04930000,0.04980000,0.04930000,0.04980000,428.34000000
1527616800,1527620399,0.04998000,0.04998000,0.04958000,0.04987000,33.66000000
1527620400,1527623999,0.04952000,0.04994000,0.04952000,0.04994000,81.55000000
1527624000,1527627599,0.04954000,0.05028000,0.04954000,0.05028000,456.73000000
1527627600,1527631199,0.05019000,0.05019000,0.04991000,0.04991000,14.07000000
1527631200,1527634799,0.04991000,0.04991000,0.04991000,0.04991000,0.00000000
1527634800,1527638399,0.05033000,0.05034000,0.04984000,0.04984000,41.53000000
1527638400,1527641999,0.04978000,0.04978000,0.04969000,0.04969000,9.32000000
1527642000,1527645599,0.04963000,0.04963000,0.04914000,0.04934000,253.25000000
1527645600,1527649199,0.04931000,0.04969000,0.04931000,0.04969000,228.00000000
1527649200,1527652799,0.04974000,0.04977000,0.04926000,0.04926000,1633.05000000
1527652800,1527656399,0.04904000,0.04920000,0.04904000,0.04919000,33.05000000
1527656400,1527659999,0.04907000,0.04907000,0.04907000,0.04907000,0.94000000
1527660000,1527663599,0.04956000,0.04996000,0.04947000,0.04947000,1137.56000000
1527663600,1527667199,0.04947000,0.04947000,0.04752000,0.04906000,4911.42000000
1527667200,1527670799,0.04906000,0.04934000,0.04881000,0.04906000,179.74000000
1527670800,1527674399,0.04931000,0.04931000,0.04876000,0.04876000,1.18000000
1527674400,1527677999,0.04876000,0.04909000,0.04851000,0.04858000,213.70000000
1527678000,1527681599,0.04906000,0.04906000,0.04906000,0.04906000,121.94000000
1527681600,1527685199,0.04847000,0.04875000,0.04821000,0.04875000,301.25000000
1527685200,1527688799,0.04813000,0.04813000,0.04813000,0.04813000,575.91000000
1527688800,1527692399,0.04844000,0.04891000,0.04771000,0.04844000,1079.09000000
1527692400,1527695999,0.04835000,0.04835000,0.04731000,0.04731000,130.01000000
1527696000,1527699599,0.04731000,0.04772000,0.04707000,0.04707000,877.62000000
1527699600,1527703199,0.04707000,0.04744000,0.04707000,0.04733000,234.64000000
1527703200,1527706799,0.04800000,0.04800000,0.04759000,0.04759000,54.00000000
1527706800,1527710399,0.04800000,0.04846000,0.04800000,0.04846000,20.00000000
1527710400,1527713999,0.04755000,0.04825000,0.04754000,0.04756000,197.42000000
1527714000,1527717599,0.04745000,0.04745000,0.04745000,0.04745000,59.00000000
1527717600,1527721199,0.04745000,0.04745000,0.04745000,0.04745000,0.00000000
1527721200,1527724799,0.04865000,0.04865000,0.04767000,0.04848000,8.67000000
1527724800,1527728399,0.04848000,0.04848000,0.04848000,0.04848000,0.00000000
1527728400,1527731999,0.04826000,0.04826000,0.04822000,0.04822000,80.76000000
1527732000,1527735599,0.04808000,0.04822000,0.04808000,0.04822000,41.31000000
1527735600,1527739199,0.04850000,0.04850000,0.04817000,0.04817000,4.93000000
1527739200,1527742799,0.04803000,0.04813000,0.04662000,0.04714000,3754.71000000
1527742800,1527746399,0.04711000,0.04711000,0.04592000,0.04606000,2869.65000000
1527746400,1527749999,0.04616000,0.04617000,0.04529000,0.04574000,1193.01000000
1527750000,1527753599,0.04569000,0.04618000,0.04450000,0.04530000,1646.28000000
1527753600,1527757199,0.04450000,0.04489000,0.04326000,0.04439000,1395.11000000
1527757200,1527760799,0.04521000,0.04521000,0.04427000,0.04521000,687.35000000
1527760800,1527764399,0.04594000,0.04594000,0.04392000,0.04392000,363.67000000
1527764400,1527767999,0.04425000,0.04438000,0.04374000,0.04389000,2709.61000000
1527768000,1527771599,0.04452000,0.04459000,0.04452000,0.04459000,723.39000000
1527771600,1527775199,0.04497000,0.04500000,0.04400000,0.04423000,15.78000000
1527775200,1527778799,0.04469000,0.04469000,0.04444000,0.04444000,15.14000000
1527778800,1527782399,0.04370000,0.04462000,0.04370000,0.04462000,4.49000000
1527782400,1527785999,0.04413000,0.04413000,0.04361000,0.04394000,135.02000000
1527786000,1527789599,0.04371000,0.04451000,0.04366000,0.04451000,109.94000000
1527789600,1527793199,0.04453000,0.04453000,0.04442000,0.04442000,279.29000000
1527793200,1527796799,0.04455000,0.04469000,0.04455000,0.04469000,24.67000000
1527796800,1527800399,0.04561000,0.04561000,0.04494000,0.04494000,3.11000000
1527800400,1527803999,0.04484000,0.04484000,0.04447000,0.04447000,400.79000000
1527804000,1527807599,0.04451000,0.04479000,0.04406000,0.04416000,1558.38000000
1527807600,1527811199,0.04369000,0.04369000,0.04363000,0.04363000,1.60000000
1527811200,1527814799,0.04361000,0.04383000,0.04339000,0.04339000,204.17000000
1527814800,1527818399,0.04339000,0.04378000,0.04339000,0.04378000,971.07000000
1527818400,1527821999,0.04358000,0.04358000,0.04283000,0.04297000,625.88000000
1527822000,1527825599,0.04285000,0.04427000,0.04278000,0.04418000,240.89000000
1527825600,1527829199,0.04349000,0.04357000,0.04349000,0.04357000,41.99000000
1527829200,1527832799,0.04389000,0.04389000,0.04362000,0.04370000,92.91000000
1527832800,1527836399,0.04370000,0.04399000,0.04363000,0.04388000,1155.94000000
1527836400,1527839999,0.04441000,0.04478000,0.04441000,0.04478000,223.41000000
1527840000,1527843599,0.04399000,0.04483000,0.04399000,0.04483000,1.43000000
1527843600,1527847199,0.04483000,0.04483000,0.04483000,0.04483000,0.00000000
1527847200,1527850799,0.04483000,0.04483000,0.04483000,0.04483000,0.00000000
1527850800,1527854399,0.04431000,0.04469000,0.04396000,0.04396000,92.02000000
1527854400,1527857999,0.04369000,0.04376000,0.04369000,0.04369000,42.61000000
1527858000,1527861599,0.04417000,0.04429000,0.04344000,0.04344000,223.32000000
1527861600,1527865199,0.04431000,0.04431000,0.04431000,0.04431000,45.00000000
1527865200,1527868799,0.04346000,0.04346000,0.04346000,0.04346000,0.92000000
1527868800,1527872399,0.04361000,0.04361000,0.04349000,0.04360000,2384.22000000
1527872400,1527875999,0.04360000,0.04361000,0.04360000,0.04361000,231.59000000
1527876000,1527879599,0.04361000,0.04361000,0.04337000,0.04337000,373.96000000
1527879600,1527883199,0.04353000,0.04353000,0.04340000,0.04340000,614.00000000
1527883200,1527886799,0.04308000,0.04331000,0.04288000,0.04331000,127.09000000
1527886800,1527890399,0.04333000,0.04339000,0.04314000,0.04314000,480.68000000
1527890400,1527893999,0.04331000,0.04473000,0.04323000,0.04471000,3894.19000000
1527894000,1527897599,0.04396000,0.04412000,0.04381000,0.04381000,327.04000000
1527897600,1527901199,0.04379000,0.04379000,0.04311000,0.04334000,1211.90000000
1527901200,1527904799,0.04363000,0.04379000,0.04363000,0.04379000,676.41000000
1527904800,1527908399,0.04394000,0.04418000,0.04394000,0.04401000,557.29000000
1527908400,1527911999,0.04389000,0.04404000,0.04389000,0.04395000,887.15000000
1527912000,1527915599,0.04388000,0.04406000,0.04388000,0.04401000,55.01000000
1527915600,1527919199,0.04413000,0.04786000,0.04405000,0.04424000,9606.29000000
1527919200,1527922799,0.04426000,0.04426000,0.04400000,0.04400000,788.71000000
1527922800,1527926399,0.04424000,0.04434000,0.04424000,0.04434000,102.84000000
1527926400,1527929999,0.04458000,0.04497000,0.04441000,0.04467000,149.38000000
1527930000,1527933599,0.04472000,0.04483000,0.04389000,0.04389000,1544.18000000
1527933600,1527937199,0.04389000,0.04458000,0.04374000,0.04407000,1032.74000000
1527937200,1527940799,0.04415000,0.04420000,0.04406000,0.04406000,613.46000000
1527940800,1527944399,0.04390000,0.04431000,0.04389000,0.04431000,1398.82000000
1527944400,1527947999,0.04424000,0.04433000,0.04381000,0.04381000,659.29000000
1527948000,1527951599,0.04397000,0.04406000,0.04304000,0.04353000,6816.10000000
1527951600,1527955199,0.04344000,0.04366000,0.04344000,0.04346000,2400.96000000
1527955200,1527958799,0.04348000,0.04348000,0.04345000,0.04345000,117.44000000
1527958800,1527962399,0.04301000,0.04363000,0.04301000,0.04322000,1193.96000000
1527962400,1527965999,0.04322000,0.04421000,0.04322000,0.04375000,1476.85000000
1527966000,1527969599,0.04365000,0.04414000,0.04316000,0.04356000,6615.99000000
1527969600,1527973199,0.04356000,0.04356000,0.04356000,0.04356000,0.00000000
1527973200,1527976799,0.04391000,0.04398000,0.04367000,0.04374000,794.24000000
1527976800,1527980399,0.04421000,0.04421000,0.04391000,0.04391000,73.11000000
1527980400,1527983999,0.04396000,0.04396000,0.04379000,0.04379000,129.00000000
1527984000,1527987599,0.04384000,0.04384000,0.04383000,0.04384000,192.62000000
1527987600,1527991199,0.04400000,0.04413000,0.04395000,0.04397000,80.31000000
1527991200,1527994799,0.04427000,0.04446000,0.04427000,0.04427000,507.72000000
1527994800,1527998399,0.04427000,0.04441000,0.04421000,0.04424000,591.02000000
1527998400,1528001999,0.04383000,0.04383000,0.04383000,0.04383000,85.00000000
1528002000,1528005599,0.04365000,0.04365000,0.04318000,0.04318000,1336.23000000
1528005600,1528009199,0.04287000,0.04331000,0.04287000,0.04331000,814.10000000
1528009200,1528012799,0.04331000,0.04370000,0.04281000,0.04348000,6195.98000000
1528012800,1528016399,0.04330000,0.04365000,0.04274000,0.04274000,5950.12000000
1528016400,1528019999,0.04373000,0.04432000,0.04370000,0.04430000,1048.23000000
1528020000,1528023599,0.04421000,0.04421000,0.04395000,0.04405000,3283.82000000
1528023600,1528027199,0.04404000,0.04404000,0.04404000,0.04404000,61.14000000
1528027200,1528030799,0.04411000,0.04460000,0.04408000,0.04436000,649.31000000
1528030800,1528034399,0.04487000,0.04487000,0.04464000,0.04467000,441.67000000
1528034400,1528037999,0.04466000,0.04487000,0.04466000,0.04466000,1411.37000000
1528038000,1528041599,0.04482000,0.04482000,0.04382000,0.04427000,1134.03000000
1528041600,1528045199,0.04436000,0.04436000,0.04436000,0.04436000,254.50000000
1528045200,1528048799,0.04444000,0.04454000,0.04412000,0.04450000,1525.84000000
1528048800,1528052399,0.04441000,0.04475000,0.04430000,0.04448000,1266.92000000
1528052400,1528055999,0.04441000,0.04480000,0.04425000,0.04474000,597.54000000
1528056000,1528059599,0.04485000,0.04485000,0.04485000,0.04485000,170.80000000
1528059600,1528063199,0.04501000,0.04501000,0.04462000,0.04462000,152.77000000
1528063200,1528066799,0.04460000,0.04519000,0.04431000,0.04519000,415.25000000
1528066800,1528070399,0.04478000,0.04519000,0.04434000,0.04434000,257.34000000
1528070400,1528073999,0.04504000,0.04546000,0.04463000,0.04463000,912.46000000
1528074000,1528077599,0.04561000,0.04561000,0.04555000,0.04555000,1675.20000000
1528077600,1528081199,0.04510000,0.04597000,0.04477000,0.04477000,1500.77000000
1528081200,1528084799,0.04477000,0.04477000,0.04477000,0.04477000,0.00000000
1528084800,1528088399,0.04477000,0.04477000,0.04477000,0.04477000,0.00000000
1528088400,1528091999,0.04477000,0.04477000,0.04477000,0.04477000,0.00000000
1528092000,1528095599,0.04576000,0.04576000,0.04576000,0.04576000,134.66000000
1528095600,1528099199,0.04532000,0.04586000,0.04516000,0.04516000,3.92000000
1528099200,1528102799,0.04520000,0.04593000,0.04520000,0.04525000,326.66000000
1528102800,1528106399,0.04518000,0.04518000,0.04495000,0.04503000,478.00000000
1528106400,1528109999,0.04495000,0.04514000,0.04458000,0.04514000,668.84000000
1528110000,1528113599,0.04469000,0.04504000,0.04440000,0.04485000,135.40000000
1528113600,1528117199,0.04435000,0.04435000,0.04435000,0.04435000,185.21000000
1528117200,1528120799,0.04476000,0.04476000,0.04461000,0.04461000,6.24000000
1528120800,1528124399,0.04501000,0.04501000,0.04446000,0.04446000,33.50000000
1528124400,1528127999,0.04421000,0.04421000,0.04421000,0.04421000,287.33000000
1528128000,1528131599,0.04441000,0.04483000,0.04391000,0.04444000,498.16000000
1528131600,1528135199,0.04430000,0.04430000,0.04358000,0.04358000,101.19000000
1528135200,1528138799,0.04345000,0.04345000,0.04325000,0.04344000,438.10000000
1528138800,1528142399,0.04326000,0.04368000,0.04326000,0.04368000,400.00000000
1528142400,1528145999,0.04368000,0.04419000,0.04368000,0.04391000,166.14000000
1528146000,1528149599,0.04425000,0.04425000,0.04425000,0.04425000,1.35000000
1528149600,1528153199,0.04382000,0.04382000,0.04363000,0.04363000,9.86000000
1528153200,1528156799,0.04327000,0.04354000,0.04319000,0.04343000,96.10000000
1528156800,1528160399,0.04323000,0.04332000,0.04252000,0.04252000,407.86000000
1528160400,1528163999,0.04284000,0.04284000,0.04235000,0.04235000,241.99000000
1528164000,1528167599,0.04235000,0.04235000,0.04235000,0.04235000,0.01000000
1528167600,1528171199,0.04235000,0.04242000,0.04196000,0.04203000,1823.75000000
1528171200,1528174799,0.04216000,0.04216000,0.04216000,0.04216000,0.10000000
1528174800,1528178399,0.04216000,0.04216000,0.04165000,0.04180000,182.92000000
1528178400,1528181999,0.04176000,0.04188000,0.04148000,0.04168000,445.95000000
1528182000,1528185599,0.04163000,0.04182000,0.04092000,0.04122000,949.10000000
1528185600,1528189199,0.04104000,0.04165000,0.04079000,0.04165000,458.79000000
1528189200,1528192799,0.04171000,0.04185000,0.04155000,0.04161000,1190.49000000
1528192800,1528196399,0.04156000,0.04156000,0.04156000,0.04156000,559.50000000
1528196400,1528199999,0.04134000,0.04201000,0.04114000,0.04201000,2148.46000000
1528200000,1528203599,0.04234000,0.04236000,0.04232000,0.04232000,720.60000000
1528203600,1528207199,0.04232000,0.04232000,0.04232000,0.04232000,0.00000000
1528207200,1528210799,0.04189000,0.04189000,0.04189000,0.04189000,0.90000000
1528210800,1528214399,0.04160000,0.04160000,0.04160000,0.04160000,85.50000000
1528214400,1528217999,0.04181000,0.04194000,0.04180000,0.04194000,2325.03000000
1528218000,1528221599,0.04149000,0.04158000,0.04109000,0.04158000,262.02000000
1528221600,1528225199,0.04119000,0.04134000,0.04076000,0.04134000,371.44000000
1528225200,1528228799,0.04180000,0.04190000,0.04124000,0.04124000,15.91000000
1528228800,1528232399,0.04115000,0.04115000,0.04030000,0.04055000,789.24000000
1528232400,1528235999,0.04070000,0.04070000,0.04052000,0.04052000,49.16000000
1528236000,1528239599,0.04041000,0.04075000,0.03988000,0.03988000,2286.60000000
1528239600,1528243199,0.04074000,0.04074000,0.03962000,0.03990000,382.69000000
1528243200,1528246799,0.04067000,0.04096000,0.04024000,0.04024000,356.72000000
1528246800,1528250399,0.03974000,0.03974000,0.03959000,0.03959000,108.75000000
1528250400,1528253999,0.03950000,0.03950000,0.03899000,0.03918000,114.89000000
1528254000,1528257599,0.03911000,0.03911000,0.03894000,0.03911000,712.32000000
1528257600,1528261199,0.03906000,0.03984000,0.03906000,0.03911000,540.27000000
1528261200,1528264799,0.03911000,0.03911000,0.03871000,0.03871000,226.09000000
1528264800,1528268399,0.03881000,0.03919000,0.03823000,0.03823000,147.95000000
1528268400,1528271999,0.03823000,0.03847000,0.03795000,0.03838000,248.99000000
1528272000,1528275599,0.03802000,0.03802000,0.03785000,0.03795000,865.39000000
1528275600,1528279199,0.03741000,0.03775000,0.03668000,0.03693000,1167.33000000
1528279200,1528282799,0.03832000,0.03832000,0.03548000,0.03617000,168.48000000
1528282800,1528286399,0.03617000,0.03764000,0.03617000,0.03711000,1195.70000000
1528286400,1528289999,0.03730000,0.03879000,0.03730000,0.03879000,296.87000000
1528290000,1528293599,0.03805000,0.03937000,0.03708000,0.03708000,1592.58000000
1528293600,1528297199,0.03722000,0.03740000,0.03671000,0.03671000,144.98000000
1528297200,1528300799,0.03660000,0.03660000,0.02222000,0.03597000,10386.40000000
1528300800,1528304399,0.03591000,0.03636000,0.03572000,0.03609000,4962.20000000
1528304400,1528307999,0.03574000,0.03686000,0.03574000,0.03625000,720.05000000
1528308000,1528311599,0.03581000,0.03709000,0.03557000,0.03707000,1576.05000000
1528311600,1528315199,0.03707000,0.03707000,0.03707000,0.03707000,0.00000000
1528315200,1528318799,0.03557000,0.03598000,0.03522000,0.03549000,6936.29000000
1528318800,1528322399,0.03545000,0.03561000,0.03513000,0.03513000,380.86000000
1528322400,1528325999,0.03579000,0.03596000,0.03501000,0.03555000,696.09000000
1528326000,1528329599,0.03603000,0.03612000,0.03516000,0.03523000,157.57000000
1528329600,1528333199,0.03512000,0.03617000,0.03512000,0.03617000,82.21000000
1528333200,1528336799,0.03617000,0.03709000,0.03606000,0.03606000,2236.08000000
1528336800,1528340399,0.03635000,0.03751000,0.03635000,0.03751000,223.59000000
1528340400,1528343999,0.03670000,0.03687000,0.03662000,0.03662000,220.03000000
1528344000,1528347599,0.03668000,0.03668000,0.03668000,0.03668000,30.91000000
1528347600,1528351199,0.03686000,0.03693000,0.03647000,0.03647000,405.11000000
1528351200,1528354799,0.03653000,0.03653000,0.03653000,0.03653000,4.17000000
1528354800,1528358399,0.03682000,0.03762000,0.03682000,0.03695000,1971.40000000
1528358400,1528361999,0.03663000,0.03663000,0.03653000,0.03653000,219.61000000
1528362000,1528365599,0.03653000,0.03653000,0.03618000,0.03649000,99.55000000
1528365600,1528369199,0.03649000,0.03663000,0.03628000,0.03663000,103.22000000
1528369200,1528372799,0.03647000,0.03702000,0.03622000,0.03633000,205.25000000
1528372800,1528376399,0.03643000,0.03656000,0.03576000,0.03576000,1202.83000000
1528376400,1528379999,0.03576000,0.03589000,0.03550000,0.03589000,612.96000000
1528380000,1528383599,0.03566000,0.03566000,0.03516000,0.03546000,553.32000000
1528383600,1528387199,0.03547000,0.03547000,0.03516000,0.03516000,124.80000000
1528387200,1528390799,0.03508000,0.03508000,0.03453000,0.03462000,1195.16000000
1528390800,1528394399,0.03455000,0.03462000,0.03409000,0.03438000,325.07000000
1528394400,1528397999,0.03435000,0.03435000,0.03425000,0.03425000,48.24000000
1528398000,1528401599,0.03414000,0.03414000,0.03348000,0.03407000,2591.38000000
1528401600,1528405199,0.03383000,0.03473000,0.03075000,0.03441000,5985.44000000
1528405200,1528408799,0.03439000,0.03463000,0.03439000,0.03463000,227.63000000
1528408800,1528412399,0.03476000,0.03606000,0.03476000,0.03603000,185.07000000
1528412400,1528415999,0.03554000,0.03687000,0.03554000,0.03559000,710.95000000
1528416000,1528419599,0.03594000,0.03594000,0.03594000,0.03594000,6.64000000
1528419600,1528423199,0.03588000,0.03588000,0.03587000,0.03587000,7.06000000
1528423200,1528426799,0.03587000,0.03587000,0.03587000,0.03587000,0.00000000
1528426800,1528430399,0.03652000,0.03707000,0.03642000,0.03661000,906.54000000
1528430400,1528433999,0.03702000,0.03702000,0.03661000,0.03665000,1711.67000000
1528434000,1528437599,0.03669000,0.03669000,0.03608000,0.03624000,704.72000000
1528437600,1528441199,0.03638000,0.03638000,0.03546000,0.03571000,991.95000000
1528441200,1528444799,0.03566000,0.03566000,0.03508000,0.03536000,1069.16000000
1528444800,1528448399,0.03564000,0.03564000,0.03484000,0.03484000,64.33000000
1528448400,1528451999,0.03508000,0.03508000,0.03508000,0.03508000,6.95000000
1528452000,1528455599,0.03570000,0.03570000,0.03570000,0.03570000,3.33000000
1528455600,1528459199,0.03564000,0.03564000,0.03522000,0.03555000,7.47000000
1528459200,1528462799,0.03557000,0.03566000,0.03511000,0.03520000,743.37000000
1528462800,1528466399,0.03520000,0.03544000,0.03483000,0.03520000,1101.41000000
1528466400,1528469999,0.03507000,0.03507000,0.03457000,0.03490000,562.51000000
1528470000,1528473599,0.03490000,0.03605000,0.03475000,0.03475000,2645.14000000
1528473600,1528477199,0.03483000,0.03521000,0.03459000,0.03459000,8286.53000000
1528477200,1528480799,0.03529000,0.03587000,0.03514000,0.03514000,1229.13000000
1528480800,1528484399,0.03499000,0.03499000,0.03499000,0.03499000,156.78000000
1528484400,1528487999,0.03499000,0.03499000,0.03499000,0.03499000,0.00000000
1528488000,1528491599,0.03499000,0.03499000,0.03499000,0.03499000,10000.00000000
1528491600,1528495199,0.03499000,0.03499000,0.03479000,0.03479000,213.89000000
1528495200,1528498799,0.03462000,0.03477000,0.03444000,0.03469000,363.04000000
1528498800,1528502399,0.03469000,0.03476000,0.03444000,0.03444000,394.07000000
1528502400,1528505999,0.03475000,0.03475000,0.03475000,0.03475000,85.00000000
1528506000,1528509599,0.03475000,0.03475000,0.03475000,0.03475000,0.00000000
1528509600,1528513199,0.03452000,0.03452000,0.03452000,0.03452000,20.97000000
1528513200,1528516799,0.03439000,0.03450000,0.03420000,0.03420000,485.13000000
1528516800,1528520399,0.03445000,0.03445000,0.03411000,0.03434000,60.92000000
1528520400,1528523999,0.03434000,0.03435000,0.03395000,0.03432000,554.27000000
1528524000,1528527599,0.03384000,0.03400000,0.03374000,0.03399000,333.62000000
1528527600,1528531199,0.03436000,0.03436000,0.03378000,0.03410000,976.85000000
1528531200,1528534799,0.03410000,0.03466000,0.03381000,0.03466000,649.08000000
1528534800,1528538399,0.03466000,0.03466000,0.03466000,0.03466000,0.00000000
1528538400,1528541999,0.03412000,0.03412000,0.03412000,0.03412000,42.00000000
1528542000,1528545599,0.03412000,0.03412000,0.03412000,0.03412000,0.00000000
1528545600,1528549199,0.03422000,0.03433000,0.03422000,0.03433000,380.73000000
1528549200,1528552799,0.03420000,0.03454000,0.03393000,0.03454000,1809.42000000
1528552800,1528556399,0.03454000,0.03454000,0.03454000,0.03454000,0.00000000
1528556400,1528559999,0.03422000,0.03466000,0.03405000,0.03466000,4359.41000000
1528560000,1528563599,0.03485000,0.03497000,0.03485000,0.03497000,101.80000000
1528563600,1528567199,0.03482000,0.03482000,0.03478000,0.03478000,89.38000000
1528567200,1528570799,0.03486000,0.03537000,0.03486000,0.03525000,241.26000000
1528570800,1528574399,0.03548000,0.03548000,0.03479000,0.03479000,72.00000000
1528574400,1528577999,0.03479000,0.03479000,0.03479000,0.03479000,0.98000000
1528578000,1528581599,0.03479000,0.03479000,0.03479000,0.03479000,0.00000000
1528581600,1528585199,0.03498000,0.03498000,0.03498000,0.03498000,60.00000000
1528585200,1528588799,0.03481000,0.03481000,0.03479000,0.03479000,24.43000000
1528588800,1528592399,0.03479000,0.03479000,0.03383000,0.03444000,1455.87000000
1528592400,1528595999,0.03361000,0.03361000,0.03321000,0.03321000,412.12000000
1528596000,1528599599,0.03333000,0.03393000,0.03328000,0.03393000,213.65000000
1528599600,1528603199,0.03359000,0.03361000,0.03343000,0.03351000,3993.11000000
1528603200,1528606799,0.03367000,0.03367000,0.03367000,0.03367000,372.00000000
1528606800,1528610399,0.03367000,0.03367000,0.03367000,0.03367000,0.00000000
1528610400,1528613999,0.03364000,0.03389000,0.03347000,0.03389000,152.66000000
1528614000,1528617599,0.03420000,0.03449000,0.03420000,0.03449000,203.50000000
1528617600,1528621199,0.03442000,0.03442000,0.03357000,0.03357000,655.68000000
1528621200,1528624799,0.03308000,0.03378000,0.03302000,0.03378000,2583.62000000
1528624800,1528628399,0.03362000,0.03376000,0.03362000,0.03365000,1547.49000000
1528628400,1528631999,0.03329000,0.03366000,0.03329000,0.03366000,94.71000000
1528632000,1528635599,0.03374000,0.03386000,0.03318000,0.03323000,3143.71000000
1528635600,1528639199,0.03333000,0.03333000,0.03333000,0.03333000,1465.97000000
1528639200,1528642799,0.03377000,0.03422000,0.03356000,0.03422000,241.70000000
1528642800,1528646399,0.03422000,0.03422000,0.03408000,0.03408000,19.14000000
1528646400,1528649999,0.03416000,0.03416000,0.03416000,0.03416000,29.23000000
1528650000,1528653599,0.03417000,0.03417000,0.03141000,0.03280000,9297.38000000
1528653600,1528657199,0.03256000,0.03256000,0.03172000,0.03206000,1237.73000000
1528657200,1528660799,0.03192000,0.03225000,0.03177000,0.03225000,1430.38000000
1528660800,1528664399,0.03225000,0.03297000,0.03225000,0.03292000,2846.79000000
1528664400,1528667999,0.03294000,0.03310000,0.03249000,0.03249000,744.56000000
1528668000,1528671599,0.03264000,0.03309000,0.03264000,0.03309000,161.92000000
1528671600,1528675199,0.03309000,0.03323000,0.03225000,0.03225000,182.90000000
1528675200,1528678799,0.03242000,0.03288000,0.03242000,0.03256000,1225.93000000
1528678800,1528682399,0.03271000,0.03271000,0.03262000,0.03262000,1251.20000000
1528682400,1528685999,0.03219000,0.03219000,0.03207000,0.03207000,2091.99000000
1528686000,1528689599,0.03180000,0.03180000,0.03164000,0.03164000,199.48000000
1528689600,1528693199,0.03150000,0.03161000,0.03136000,0.03158000,551.26000000
1528693200,1528696799,0.03159000,0.03170000,0.03153000,0.03153000,1480.66000000
1528696800,1528700399,0.03148000,0.03180000,0.03145000,0.03180000,460.60000000
1528700400,1528703999,0.03180000,0.03192000,0.03180000,0.03192000,10.00000000
1528704000,1528707599,0.03136000,0.03147000,0.03111000,0.03124000,386.04000000
1528707600,1528711199,0.03111000,0.03111000,0.03052000,0.03052000,820.57000000
1528711200,1528714799,0.03074000,0.03074000,0.03032000,0.03032000,804.96000000
1528714800,1528718399,0.03033000,0.03033000,0.03033000,0.03033000,75.18000000
1528718400,1528721999,0.03065000,0.03112000,0.03028000,0.03112000,1157.53000000
1528722000,1528725599,0.03112000,0.03112000,0.03112000,0.03112000,0.00000000
1528725600,1528729199,0.03078000,0.03108000,0.03078000,0.03108000,177.00000000
1528729200,1528732799,0.03108000,0.03108000,0.03102000,0.03102000,502.56000000
1528732800,1528736399,0.03102000,0.03102000,0.03102000,0.03102000,0.00000000
1528736400,1528739999,0.03070000,0.03100000,0.03059000,0.03066000,782.21000000
1528740000,1528743599,0.03088000,0.03148000,0.03088000,0.03148000,1849.38000000
1528743600,1528747199,0.03148000,0.03148000,0.03148000,0.03148000,0.00000000
1528747200,1528750799,0.03062000,0.03076000,0.03006000,0.03006000,1014.24000000
1528750800,1528754399,0.03019000,0.03039000,0.02984000,0.03039000,344.82000000
1528754400,1528757999,0.03039000,0.03039000,0.03039000,0.03039000,0.00000000
1528758000,1528761599,0.03016000,0.03043000,0.02954000,0.03008000,848.72000000
1528761600,1528765199,0.03008000,0.03059000,0.02979000,0.03059000,491.81000000
1528765200,1528768799,0.03002000,0.03124000,0.03002000,0.03065000,835.11000000
1528768800,1528772399,0.03061000,0.03142000,0.02984000,0.03142000,2052.41000000
1528772400,1528775999,0.02988000,0.02991000,0.02913000,0.02913000,887.34000000
1528776000,1528779599,0.02947000,0.02947000,0.02885000,0.02893000,560.69000000
1528779600,1528783199,0.02895000,0.03188000,0.02858000,0.03045000,4157.63000000
1528783200,1528786799,0.03000000,0.03000000,0.02948000,0.02987000,1734.48000000
1528786800,1528790399,0.03052000,0.03052000,0.02959000,0.02959000,298.31000000
1528790400,1528793999,0.02952000,0.03001000,0.02952000,0.03001000,366.50000000
1528794000,1528797599,0.03009000,0.03052000,0.03009000,0.03052000,1063.84000000
1528797600,1528801199,0.03014000,0.03023000,0.03014000,0.03023000,149.83000000
1528801200,1528804799,0.03067000,0.03119000,0.03038000,0.03038000,1366.86000000
1528804800,1528808399,0.03022000,0.03099000,0.03022000,0.03099000,1092.79000000
1528808400,1528811999,0.03055000,0.03055000,0.03009000,0.03009000,112.01000000
1528812000,1528815599,0.03007000,0.03016000,0.03007000,0.03016000,515.57000000
1528815600,1528819199,0.03006000,0.03006000,0.02956000,0.02960000,500.32000000
1528819200,1528822799,0.02956000,0.02989000,0.02956000,0.02978000,495.37000000
1528822800,1528826399,0.02932000,0.02961000,0.02932000,0.02961000,377.13000000
1528826400,1528829999,0.02932000,0.02979000,0.02932000,0.02979000,1.99000000
1528830000,1528833599,0.03010000,0.03010000,0.02889000,0.02889000,1434.58000000
1528833600,1528837199,0.02889000,0.02914000,0.02837000,0.02875000,5471.17000000
1528837200,1528840799,0.02831000,0.02857000,0.02799000,0.02799000,2042.75000000
1528840800,1528844399,0.02795000,0.02799000,0.02771000,0.02799000,331.29000000
1528844400,1528847999,0.02757000,0.02776000,0.02726000,0.02729000,2556.95000000
1528848000,1528851599,0.02757000,0.02776000,0.02718000,0.02718000,199.62000000
1528851600,1528855199,0.02718000,0.02718000,0.02674000,0.02674000,1748.13000000
1528855200,1528858799,0.02705000,0.02705000,0.02670000,0.02670000,156.53000000
1528858800,1528862399,0.02711000,0.02711000,0.02636000,0.02652000,1359.05000000
1528862400,1528865999,0.02627000,0.02639000,0.02601000,0.02601000,3432.63000000
1528866000,1528869599,0.02601000,0.02601000,0.02601000,0.02601000,0.00000000
1528869600,1528873199,0.02615000,0.02671000,0.02615000,0.02648000,1131.78000000
1528873200,1528876799,0.02612000,0.02664000,0.02612000,0.02641000,821.30000000
1528876800,1528880399,0.02612000,0.02635000,0.02585000,0.02604000,1021.97000000
1528880400,1528883999,0.02633000,0.02633000,0.02633000,0.02633000,117.00000000
1528884000,1528887599,0.02633000,0.02633000,0.02614000,0.02614000,2018.74000000
1528887600,1528891199,0.02622000,0.02637000,0.02505000,0.02507000,32737.22000000
1528891200,1528894799,0.02593000,0.02606000,0.02542000,0.02606000,4043.44000000
1528894800,1528898399,0.02587000,0.02590000,0.02563000,0.02575000,150.21000000
1528898400,1528901999,0.02610000,0.02634000,0.02610000,0.02634000,2520.72000000
1528902000,1528905599,0.02610000,0.02672000,0.02610000,0.02672000,1.54000000
1528905600,1528909199,0.02589000,0.02669000,0.02589000,0.02605000,2166.07000000
1528909200,1528912799,0.02598000,0.02598000,0.02598000,0.02598000,119.00000000
1528912800,1528916399,0.02602000,0.02641000,0.02602000,0.02616000,396.63000000
1528916400,1528919999,0.02616000,0.02616000,0.02616000,0.02616000,0.00000000
1528920000,1528923599,0.02616000,0.02616000,0.02593000,0.02593000,542.86000000
1528923600,1528927199,0.02593000,0.02593000,0.02593000,0.02593000,0.00000000
1528927200,1528930799,0.02593000,0.02593000,0.02593000,0.02593000,0.00000000
1528930800,1528934399,0.02654000,0.02654000,0.02594000,0.02594000,4.14000000
1528934400,1528937999,0.02702000,0.02702000,0.02688000,0.02688000,370.55000000
1528938000,1528941599,0.02688000,0.02688000,0.02688000,0.02688000,0.00000000
1528941600,1528945199,0.02688000,0.02693000,0.02688000,0.02693000,1515.42000000
1528945200,1528948799,0.02705000,0.02705000,0.02682000,0.02685000,1332.17000000
1528948800,1528952399,0.02704000,0.02707000,0.02704000,0.02707000,512.86000000
1528952400,1528955999,0.02710000,0.02712000,0.02710000,0.02712000,1323.49000000
1528956000,1528959599,0.02733000,0.02760000,0.02677000,0.02677000,18.92000000
1528959600,1528963199,0.02761000,0.02761000,0.02730000,0.02730000,275.50000000
1528963200,1528966799,0.02734000,0.02734000,0.02734000,0.02734000,433.36000000
1528966800,1528970399,0.02718000,0.02718000,0.02718000,0.02718000,1.00000000
1528970400,1528973999,0.02773000,0.02773000,0.02754000,0.02754000,1274.15000000
1528974000,1528977599,0.02780000,0.02783000,0.02780000,0.02783000,556.50000000
1528977600,1528981199,0.02732000,0.02839000,0.02731000,0.02732000,3914.41000000
1528981200,1528984799,0.02694000,0.02700000,0.02689000,0.02700000,557.70000000
1528984800,1528988399,0.02700000,0.02700000,0.02700000,0.02700000,0.00000000
1528988400,1528991999,0.02700000,0.02700000,0.02700000,0.02700000,0.00000000
1528992000,1528995599,0.02700000,0.02700000,0.02700000,0.02700000,0.00000000
1528995600,1528999199,0.02780000,0.03135000,0.02015000,0.02654000,41200.23000000
1528999200,1529002799,0.02726000,0.03086000,0.02726000,0.02779000,687.74000000
1529002800,1529006399,0.02864000,0.02864000,0.02864000,0.02864000,108.93000000
1529006400,1529009999,0.02841000,0.02841000,0.02841000,0.02841000,36.04000000
1529010000,1529013599,0.02792000,0.02792000,0.02777000,0.02779000,173.56000000
1529013600,1529017199,0.02762000,0.02829000,0.02762000,0.02794000,395.88000000
1529017200,1529020799,0.02780000,0.02780000,0.02780000,0.02780000,35.74000000
1529020800,1529024399,0.02792000,0.02801000,0.02781000,0.02799000,305.77000000
1529024400,1529027999,0.02799000,0.02799000,0.02766000,0.02788000,141.95000000
1529028000,1529031599,0.02752000,0.02760000,0.02731000,0.02760000,1058.29000000
1529031600,1529035199,0.02738000,0.02757000,0.02738000,0.02738000,332.53000000
1529035200,1529038799,0.02733000,0.02733000,0.02716000,0.02716000,428.72000000
1529038800,1529042399,0.02729000,0.02729000,0.02708000,0.02708000,592.78000000
1529042400,1529045999,0.02708000,0.02720000,0.02708000,0.02715000,2397.14000000
1529046000,1529049599,0.02715000,0.02715000,0.02715000,0.02715000,0.00000000
1529049600,1529053199,0.02675000,0.02743000,0.02675000,0.02743000,300.09000000
1529053200,1529056799,0.02737000,0.02737000,0.02734000,0.02734000,9.50000000
1529056800,1529060399,0.02631000,0.02631000,0.02631000,0.02631000,78.05000000
1529060400,1529063999,0.02619000,0.02638000,0.02619000,0.02638000,152.95000000
1529064000,1529067599,0.02638000,0.02638000,0.02638000,0.02638000,149.00000000
1529067600,1529071199,0.02625000,0.02625000,0.02596000,0.02596000,292.88000000
1529071200,1529074799,0.02596000,0.02596000,0.02596000,0.02596000,0.07000000
1529074800,1529078399,0.02548000,0.02587000,0.02548000,0.02587000,117.25000000
1529078400,1529081999,0.02587000,0.02587000,0.02587000,0.02587000,0.00000000
1529082000,1529085599,0.02596000,0.02596000,0.02596000,0.02596000,65.18000000
1529085600,1529089199,0.02551000,0.02639000,0.02551000,0.02590000,698.22000000
1529089200,1529092799,0.02590000,0.02590000,0.02590000,0.02590000,0.00000000
1529092800,1529096399,0.02553000,0.02591000,0.02553000,0.02566000,608.60000000
1529096400,1529099999,0.02588000,0.02588000,0.02570000,0.02580000,454.52000000
1529100000,1529103599,0.02580000,0.02580000,0.02580000,0.02580000,0.00000000
1529103600,1529107199,0.02565000,0.02606000,0.02545000,0.02562000,208.63000000
1529107200,1529110799,0.02562000,0.02562000,0.02562000,0.02562000,0.00000000
1529110800,1529114399,0.02562000,0.02562000,0.02562000,0.02562000,0.00000000
1529114400,1529117999,0.02562000,0.02562000,0.02562000,0.02562000,0.00000000
1529118000,1529121599,0.02562000,0.02562000,0.02562000,0.02562000,0.00000000
1529121600,1529125199,0.02577000,0.02606000,0.02577000,0.02606000,2.05000000
1529125200,1529128799,0.02606000,0.02606000,0.02606000,0.02606000,0.00000000
1529128800,1529132399,0.02554000,0.02554000,0.02548000,0.02548000,1.78000000
1529132400,1529135999,0.02548000,0.02548000,0.02548000,0.02548000,0.00000000
1529136000,1529139599,0.02548000,0.02548000,0.02548000,0.02548000,0.00000000
1529139600,1529143199,0.02584000,0.02635000,0.02552000,0.02552000,318.06000000
1529143200,1529146799,0.02543000,0.02636000,0.02543000,0.02636000,153.86000000
1529146800,1529150399,0.02561000,0.02561000,0.02561000,0.02561000,30.00000000
1529150400,1529153999,0.02635000,0.02733000,0.02572000,0.02733000,1821.91000000
1529154000,1529157599,0.02733000,0.02733000,0.02638000,0.02638000,349.40000000
1529157600,1529161199,0.02731000,0.02732000,0.02625000,0.02625000,10427.91000000
1529161200,1529164799,0.02626000,0.02715000,0.02601000,0.02678000,11399.34000000
1529164800,1529168399,0.02580000,0.02580000,0.02580000,0.02580000,30.00000000
1529168400,1529171999,0.02651000,0.02651000,0.02651000,0.02651000,3.09000000
1529172000,1529175599,0.02699000,0.02699000,0.02676000,0.02696000,1255.22000000
1529175600,1529179199,0.02637000,0.02637000,0.02624000,0.02624000,1478.71000000
1529179200,1529182799,0.02627000,0.02628000,0.02627000,0.02628000,13.76000000
1529182800,1529186399,0.02627000,0.02634000,0.02606000,0.02606000,820.71000000
1529186400,1529189999,0.02606000,0.02606000,0.02606000,0.02606000,0.00000000
1529190000,1529193599,0.02597000,0.02629000,0.02597000,0.02626000,1269.97000000
1529193600,1529197199,0.02614000,0.02634000,0.02614000,0.02634000,405.60000000
1529197200,1529200799,0.02616000,0.02616000,0.02616000,0.02616000,139.47000000
1529200800,1529204399,0.02607000,0.02607000,0.02594000,0.02594000,859.50000000
1529204400,1529207999,0.02575000,0.02587000,0.02556000,0.02556000,1368.91000000
1529208000,1529211599,0.02578000,0.02602000,0.02434000,0.02562000,6442.73000000
1529211600,1529215199,0.02593000,0.02593000,0.02593000,0.02593000,121.29000000
1529215200,1529218799,0.02604000,0.02604000,0.02550000,0.02550000,144.02000000
1529218800,1529222399,0.02550000,0.02550000,0.02550000,0.02550000,0.00000000
1529222400,1529225999,0.02579000,0.02610000,0.02579000,0.02610000,206.00000000
1529226000,1529229599,0.02575000,0.02575000,0.02530000,0.02530000,1882.57000000
1529229600,1529233199,0.02518000,0.02563000,0.02518000,0.02563000,391.84000000
1529233200,1529236799,0.02563000,0.02563000,0.02563000,0.02563000,0.00000000
1529236800,1529240399,0.02563000,0.02596000,0.02563000,0.02596000,122.00000000
1529240400,1529243999,0.02541000,0.02541000,0.02541000,0.02541000,223.77000000
1529244000,1529247599,0.02536000,0.02536000,0.02499000,0.02499000,3383.90000000
1529247600,1529251199,0.02534000,0.02614000,0.02534000,0.02536000,4665.28000000
1529251200,1529254799,0.02548000,0.02563000,0.02548000,0.02563000,2398.85000000
1529254800,1529258399,0.02522000,0.02522000,0.02522000,0.02522000,329.28000000
1529258400,1529261999,0.02522000,0.02522000,0.02492000,0.02492000,2201.62000000
1529262000,1529265599,0.02492000,0.02492000,0.02492000,0.02492000,0.00000000
1529265600,1529269199,0.02531000,0.02560000,0.02513000,0.02560000,4835.19000000
1529269200,1529272799,0.02532000,0.02560000,0.02496000,0.02538000,481.23000000
1529272800,1529276399,0.02537000,0.02537000,0.02522000,0.02535000,943.00000000
1529276400,1529279999,0.02537000,0.02537000,0.02537000,0.02537000,2.10000000
1529280000,1529283599,0.02493000,0.02524000,0.02493000,0.02524000,238.00000000
1529283600,1529287199,0.02553000,0.02568000,0.02530000,0.02568000,197.17000000
1529287200,1529290799,0.02563000,0.02563000,0.02563000,0.02563000,1.14000000
1529290800,1529294399,0.02645000,0.02645000,0.02511000,0.02511000,4322.90000000
1529294400,1529297999,0.02530000,0.02539000,0.02501000,0.02511000,3624.10000000
1529298000,1529301599,0.02505000,0.02505000,0.02476000,0.02500000,237.82000000
1529301600,1529305199,0.02473000,0.02479000,0.02458000,0.02468000,4629.86000000
1529305200,1529308799,0.02460000,0.02460000,0.02460000,0.02460000,0.02000000
1529308800,1529312399,0.02452000,0.02499000,0.02414000,0.02426000,1096.07000000
1529312400,1529315999,0.02447000,0.02448000,0.02426000,0.02448000,186.78000000
1529316000,1529319599,0.02418000,0.02433000,0.02412000,0.02425000,1064.38000000
1529319600,1529323199,0.02412000,0.02412000,0.02403000,0.02403000,173.84000000
1529323200,1529326799,0.02400000,0.02422000,0.02400000,0.02422000,342.60000000
1529326800,1529330399,0.02406000,0.02444000,0.02406000,0.02444000,83.54000000
1529330400,1529333999,0.02450000,0.02468000,0.02433000,0.02468000,398.54000000
1529334000,1529337599,0.02468000,0.02468000,0.02468000,0.02468000,0.00000000
1529337600,1529341199,0.02420000,0.02522000,0.02420000,0.02522000,627.35000000
1529341200,1529344799,0.02547000,0.02549000,0.02547000,0.02549000,126.45000000
1529344800,1529348399,0.02549000,0.02618000,0.02549000,0.02618000,1.05000000
1529348400,1529351999,0.02620000,0.02621000,0.02580000,0.02580000,1013.90000000
1529352000,1529355599,0.02567000,0.02620000,0.02567000,0.02578000,318.74000000
1529355600,1529359199,0.02555000,0.02556000,0.02555000,0.02556000,46.90000000
1529359200,1529362799,0.02560000,0.02564000,0.02540000,0.02549000,2953.46000000
1529362800,1529366399,0.02526000,0.02568000,0.02526000,0.02532000,640.97000000
1529366400,1529369999,0.02532000,0.02532000,0.02532000,0.02532000,0.00000000
1529370000,1529373599,0.02532000,0.02532000,0.02532000,0.02532000,0.00000000
1529373600,1529377199,0.02611000,0.02611000,0.02611000,0.02611000,42.75000000
1529377200,1529380799,0.02602000,0.02602000,0.02568000,0.02577000,811.20000000
1529380800,1529384399,0.02568000,0.02600000,0.02568000,0.02600000,100.35000000
1529384400,1529387999,0.02602000,0.02602000,0.02521000,0.02560000,116.69000000
1529388000,1529391599,0.02557000,0.02559000,0.02525000,0.02559000,752.99000000
1529391600,1529395199,0.02519000,0.02535000,0.02518000,0.02535000,355.04000000
1529395200,1529398799,0.02560000,0.02560000,0.02543000,0.02560000,720.96000000
1529398800,1529402399,0.02560000,0.02560000,0.02560000,0.02560000,0.00000000
1529402400,1529405999,0.02611000,0.02611000,0.02567000,0.02567000,415.85000000
1529406000,1529409599,0.02605000,0.02611000,0.02584000,0.02611000,1219.51000000
1529409600,1529413199,0.02592000,0.02734000,0.02592000,0.02633000,1291.09000000
1529413200,1529416799,0.02729000,0.02733000,0.02649000,0.02682000,1316.34000000
1529416800,1529420399,0.02683000,0.02702000,0.02676000,0.02699000,264.47000000
1529420400,1529423999,0.02692000,0.02719000,0.02636000,0.02714000,7326.87000000
1529424000,1529427599,0.02705000,0.02705000,0.02645000,0.02645000,313.63000000
1529427600,1529431199,0.02683000,0.02689000,0.02649000,0.02689000,1079.09000000
1529431200,1529434799,0.02680000,0.02703000,0.02439000,0.02625000,8213.79000000
1529434800,1529438399,0.02623000,0.02692000,0.02623000,0.02669000,187.38000000
1529438400,1529441999,0.02649000,0.02649000,0.02649000,0.02649000,202.00000000
1529442000,1529445599,0.02655000,0.02660000,0.02649000,0.02649000,535.15000000
1529445600,1529449199,0.02656000,0.02676000,0.02649000,0.02674000,925.00000000
1529449200,1529452799,0.02649000,0.02649000,0.02623000,0.02623000,1.70000000
1529452800,1529456399,0.02610000,0.02687000,0.02610000,0.02671000,726.34000000
1529456400,1529459999,0.02630000,0.02630000,0.02576000,0.02596000,3641.73000000
1529460000,1529463599,0.02615000,0.02718000,0.02599000,0.02654000,771.06000000
1529463600,1529467199,0.02646000,0.02646000,0.02610000,0.02610000,112.97000000
1529467200,1529470799,0.02671000,0.02703000,0.02671000,0.02683000,361.37000000
1529470800,1529474399,0.02727000,0.02727000,0.02727000,0.02727000,460.20000000
1529474400,1529477999,0.02727000,0.02727000,0.02727000,0.02727000,0.00000000
1529478000,1529481599,0.02681000,0.02683000,0.02680000,0.02680000,937.58000000
1529481600,1529485199,0.02686000,0.02729000,0.02663000,0.02663000,3437.38000000
1529485200,1529488799,0.02697000,0.02702000,0.02668000,0.02702000,304.12000000
1529488800,1529492399,0.02668000,0.02668000,0.02627000,0.02627000,1120.54000000
1529492400,1529495999,0.02645000,0.02706000,0.02645000,0.02697000,926.52000000
1529496000,1529499599,0.02661000,0.02661000,0.02661000,0.02661000,21.91000000
1529499600,1529503199,0.02661000,0.02666000,0.02650000,0.02666000,174.54000000
1529503200,1529506799,0.02708000,0.02729000,0.02676000,0.02729000,2084.82000000
1529506800,1529510399,0.02734000,0.02734000,0.02707000,0.02707000,621.35000000
1529510400,1529513999,0.02735000,0.02735000,0.02719000,0.02719000,2397.19000000
1529514000,1529517599,0.02773000,0.02941000,0.02759000,0.02770000,670.29000000
1529517600,1529521199,0.02703000,0.02703000,0.02699000,0.02700000,1520.63000000
1529521200,1529524799,0.02690000,0.02806000,0.02690000,0.02694000,51.38000000
1529524800,1529528399,0.02697000,0.02697000,0.02697000,0.02697000,0.99000000
1529528400,1529531999,0.02697000,0.02697000,0.02697000,0.02697000,0.00000000
1529532000,1529535599,0.02675000,0.02800000,0.02650000,0.02650000,211.47000000
1529535600,1529539199,0.02738000,0.02738000,0.02706000,0.02735000,893.38000000
1529539200,1529542799,0.02689000,0.02689000,0.02689000,0.02689000,1.05000000
1529542800,1529546399,0.02656000,0.02656000,0.02656000,0.02656000,0.59000000
1529546400,1529549999,0.02656000,0.02656000,0.02656000,0.02656000,0.00000000
1529550000,1529553599,0.02625000,0.02625000,0.02625000,0.02625000,0.74000000
1529553600,1529557199,0.02625000,0.02625000,0.02604000,0.02604000,157.70000000
1529557200,1529560799,0.02604000,0.02604000,0.02604000,0.02604000,0.00000000
1529560800,1529564399,0.02618000,0.02621000,0.02607000,0.02621000,179.91000000
1529564400,1529567999,0.02595000,0.02903000,0.02595000,0.02903000,76.92000000
1529568000,1529571599,0.02588000,0.02588000,0.02588000,0.02588000,0.01000000
1529571600,1529575199,0.02588000,0.02624000,0.02588000,0.02624000,431.83000000
1529575200,1529578799,0.02620000,0.02638000,0.02620000,0.02638000,384.79000000
1529578800,1529582399,0.02638000,0.02638000,0.02638000,0.02638000,0.00000000
1529582400,1529585999,0.02605000,0.02640000,0.02499000,0.02503000,2508.48000000
1529586000,1529589599,0.02502000,0.02509000,0.02422000,0.02509000,718.37000000
1529589600,1529593199,0.02510000,0.02607000,0.02502000,0.02509000,923.78000000
1529593200,1529596799,0.02493000,0.02493000,0.02482000,0.02482000,79.96000000
1529596800,1529600399,0.02482000,0.02482000,0.02482000,0.02482000,0.00000000
1529600400,1529603999,0.02471000,0.02504000,0.02471000,0.02482000,1606.00000000
1529604000,1529607599,0.02448000,0.02448000,0.02426000,0.02426000,420.00000000
1529607600,1529611199,0.02438000,0.02438000,0.02421000,0.02434000,553.72000000
1529611200,1529614799,0.02446000,0.02446000,0.02427000,0.02446000,1541.93000000
1529614800,1529618399,0.02432000,0.02432000,0.02427000,0.02427000,159.15000000
1529618400,1529621999,0.02416000,0.02418000,0.02416000,0.02418000,507.91000000
1529622000,1529625599,0.02470000,0.02470000,0.02470000,0.02470000,1.40000000
1529625600,1529629199,0.02415000,0.02415000,0.02415000,0.02415000,583.49000000
1529629200,1529632799,0.02438000,0.02446000,0.02433000,0.02446000,210.36000000
1529632800,1529636399,0.02422000,0.02422000,0.02422000,0.02422000,82.44000000
1529636400,1529639999,0.02422000,0.02422000,0.02422000,0.02422000,0.00000000
1529640000,1529643599,0.02422000,0.02422000,0.02419000,0.02419000,111.65000000
1529643600,1529647199,0.02419000,0.02419000,0.02419000,0.02419000,1200.00000000
1529647200,1529650799,0.02403000,0.02403000,0.02402000,0.02402000,427.76000000
1529650800,1529654399,0.02409000,0.02422000,0.02398000,0.02398000,207.99000000
1529654400,1529657999,0.02389000,0.02389000,0.02389000,0.02389000,41.97000000
1529658000,1529661599,0.02398000,0.02414000,0.02378000,0.02390000,710.93000000
1529661600,1529665199,0.02402000,0.02402000,0.02402000,0.02402000,120.17000000
1529665200,1529668799,0.02402000,0.02402000,0.02402000,0.02402000,0.00000000
1529668800,1529672399,0.02373000,0.02406000,0.02359000,0.02359000,885.36000000
1529672400,1529675999,0.02405000,0.02630000,0.02339000,0.02339000,481.31000000
1529676000,1529679599,0.02339000,0.02339000,0.02339000,0.02339000,24.00000000
1529679600,1529683199,0.02304000,0.02339000,0.02288000,0.02288000,758.02000000
1529683200,1529686799,0.02311000,0.02311000,0.02311000,0.02311000,126.71000000
1529686800,1529690399,0.02323000,0.02323000,0.02323000,0.02323000,43.05000000
1529690400,1529693999,0.02309000,0.02335000,0.02309000,0.02335000,201.30000000
1529694000,1529697599,0.02309000,0.02309000,0.02307000,0.02307000,142.87000000
1529697600,1529701199,0.02273000,0.02308000,0.02272000,0.02276000,378.11000000
1529701200,1529704799,0.02275000,0.02323000,0.02275000,0.02321000,428.31000000
1529704800,1529708399,0.02313000,0.02313000,0.02313000,0.02313000,52.32000000
1529708400,1529711999,0.02307000,0.02307000,0.02280000,0.02282000,445.67000000
1529712000,1529715599,0.02280000,0.02280000,0.02278000,0.02278000,112.14000000
1529715600,1529719199,0.02278000,0.02278000,0.02278000,0.02278000,0.00000000
1529719200,1529722799,0.02252000,0.02298000,0.02240000,0.02263000,4328.48000000
1529722800,1529726399,0.02272000,0.02274000,0.02265000,0.02274000,1178.61000000
1529726400,1529729999,0.02245000,0.02245000,0.02241000,0.02241000,724.85000000
1529730000,1529733599,0.02226000,0.02238000,0.02226000,0.02238000,179.75000000
1529733600,1529737199,0.02238000,0.02587000,0.02238000,0.02585000,395.83000000
1529737200,1529740799,0.02304000,0.02304000,0.02201000,0.02201000,984.62000000
1529740800,1529744399,0.02201000,0.02201000,0.02201000,0.02201000,0.00000000
1529744400,1529747999,0.02206000,0.02206000,0.02197000,0.02197000,0.99000000
1529748000,1529751599,0.02197000,0.02197000,0.02197000,0.02197000,0.00000000
1529751600,1529755199,0.02195000,0.02195000,0.02180000,0.02180000,2038.24000000
1529755200,1529758799,0.02180000,0.02214000,0.02180000,0.02214000,236.91000000
1529758800,1529762399,0.02183000,0.02194000,0.02183000,0.02194000,701.81000000
1529762400,1529765999,0.02173000,0.02216000,0.02173000,0.02212000,1532.37000000
1529766000,1529769599,0.02207000,0.02207000,0.02168000,0.02179000,750.78000000
1529769600,1529773199,0.02190000,0.02212000,0.02190000,0.02212000,764.32000000
1529773200,1529776799,0.02212000,0.02216000,0.02212000,0.02216000,540.01000000
1529776800,1529780399,0.02216000,0.02216000,0.02216000,0.02216000,0.00000000
1529780400,1529783999,0.02204000,0.02231000,0.02204000,0.02230000,994.68000000
1529784000,1529787599,0.02211000,0.02230000,0.02208000,0.02220000,1325.62000000
1529787600,1529791199,0.02231000,0.02234000,0.02231000,0.02234000,207.01000000
1529791200,1529794799,0.02220000,0.02259000,0.02220000,0.02255000,693.00000000
1529794800,1529798399,0.02260000,0.02531000,0.02260000,0.02283000,559.08000000
1529798400,1529801999,0.02384000,0.02384000,0.02327000,0.02327000,998.15000000
1529802000,1529805599,0.02424000,0.02424000,0.02386000,0.02386000,55.61000000
1529805600,1529809199,0.02371000,0.02371000,0.02294000,0.02294000,4861.78000000
1529809200,1529812799,0.02401000,0.02401000,0.02253000,0.02329000,1114.46000000
1529812800,1529816399,0.02314000,0.02345000,0.02284000,0.02284000,106.00000000
1529816400,1529819999,0.02287000,0.02367000,0.02262000,0.02367000,320.49000000
1529820000,1529823599,0.02350000,0.02359000,0.02287000,0.02287000,468.81000000
1529823600,1529827199,0.02260000,0.02260000,0.02215000,0.02215000,113.09000000
1529827200,1529830799,0.02220000,0.02257000,0.02197000,0.02197000,5140.49000000
1529830800,1529834399,0.02176000,0.02492000,0.02161000,0.02194000,3427.25000000
1529834400,1529837999,0.02194000,0.02231000,0.02169000,0.02169000,1274.82000000
1529838000,1529841599,0.02213000,0.02216000,0.02210000,0.02216000,910.59000000
1529841600,1529845199,0.02194000,0.02237000,0.02182000,0.02237000,449.96000000
1529845200,1529848799,0.02227000,0.02227000,0.02203000,0.02203000,159.56000000
1529848800,1529852399,0.02210000,0.02211000,0.02210000,0.02211000,1364.00000000
1529852400,1529855999,0.02225000,0.02226000,0.02225000,0.02226000,2744.00000000
1529856000,1529859599,0.02176000,0.02300000,0.02150000,0.02150000,1201.26000000
1529859600,1529863199,0.02205000,0.02498000,0.02186000,0.02189000,1258.21000000
1529863200,1529866799,0.02189000,0.02189000,0.02189000,0.02189000,0.00000000
1529866800,1529870399,0.02250000,0.02421000,0.02242000,0.02421000,1085.18000000
1529870400,1529873999,0.02249000,0.02276000,0.02245000,0.02247000,1647.65000000
1529874000,1529877599,0.02254000,0.02257000,0.02254000,0.02257000,447.40000000
1529877600,1529881199,0.02248000,0.02292000,0.02245000,0.02290000,2532.48000000
1529881200,1529884799,0.02316000,0.02321000,0.02316000,0.02321000,210.29000000
1529884800,1529888399,0.02340000,0.02350000,0.02340000,0.02350000,92.38000000
1529888400,1529891999,0.02360000,0.02400000,0.02360000,0.02368000,998.32000000
1529892000,1529895599,0.02395000,0.02464000,0.02395000,0.02464000,505.97000000
1529895600,1529899199,0.02478000,0.02478000,0.02478000,0.02478000,7.78000000
1529899200,1529902799,0.02478000,0.02478000,0.02478000,0.02478000,0.00000000
1529902800,1529906399,0.02394000,0.02422000,0.02330000,0.02330000,558.44000000
1529906400,1529909999,0.02392000,0.02392000,0.02279000,0.02279000,1152.76000000
1529910000,1529913599,0.02276000,0.02276000,0.02276000,0.02276000,0.17000000
1529913600,1529917199,0.02329000,0.02329000,0.02329000,0.02329000,60.00000000
1529917200,1529920799,0.02341000,0.02341000,0.02341000,0.02341000,5.70000000
1529920800,1529924399,0.02360000,0.02360000,0.02359000,0.02359000,820.00000000
1529924400,1529927999,0.02359000,0.02359000,0.02359000,0.02359000,0.00000000
1529928000,1529931599,0.02359000,0.02400000,0.02359000,0.02367000,1698.28000000
1529931600,1529935199,0.02367000,0.02367000,0.02367000,0.02367000,322.15000000
1529935200,1529938799,0.02367000,0.02400000,0.02356000,0.02356000,295.69000000
1529938800,1529942399,0.02400000,0.02462000,0.02400000,0.02462000,222.78000000
1529942400,1529945999,0.02462000,0.02462000,0.02462000,0.02462000,0.00000000
1529946000,1529949599,0.02377000,0.02377000,0.02377000,0.02377000,19.00000000
1529949600,1529953199,0.02377000,0.02377000,0.02377000,0.02377000,0.00000000
1529953200,1529956799,0.02384000,0.02442000,0.02379000,0.02379000,4537.60000000
1529956800,1529960399,0.02379000,0.02379000,0.02379000,0.02379000,127.00000000
1529960400,1529963999,0.02379000,0.02379000,0.02379000,0.02379000,0.00000000
1529964000,1529967599,0.02379000,0.02379000,0.02379000,0.02379000,0.00000000
1529967600,1529971199,0.02400000,0.02400000,0.02400000,0.02400000,477.80000000
1529971200,1529974799,0.02400000,0.02400000,0.02400000,0.02400000,0.00000000
1529974800,1529978399,0.02442000,0.02442000,0.02442000,0.02442000,126.00000000
1530014400,1530017999,0.02442000,0.02486000,0.02442000,0.02442000,1249.17000000
1530018000,1530021599,0.02442000,0.02485000,0.02442000,0.02485000,159.25000000
1530021600,1530025199,0.02480000,0.02490000,0.02411000,0.02411000,4505.37000000
1530025200,1530028799,0.02442000,0.02489000,0.02442000,0.02446000,5534.79000000
1530028800,1530032399,0.02448000,0.02448000,0.02448000,0.02448000,126.41000000
1530032400,1530035999,0.02448000,0.02448000,0.02448000,0.02448000,0.00000000
1530036000,1530039599,0.02448000,0.02448000,0.02448000,0.02448000,0.00000000
1530039600,1530043199,0.02476000,0.02476000,0.02417000,0.02464000,1996.93000000
1530043200,1530046799,0.02464000,0.02464000,0.02464000,0.02464000,0.00000000
1530046800,1530050399,0.02470000,0.02470000,0.02470000,0.02470000,1174.75000000
1530050400,1530053999,0.02470000,0.02500000,0.02470000,0.02500000,2403.99000000
1530054000,1530057599,0.02477000,0.02500000,0.02441000,0.02461000,2170.69000000
1530057600,1530061199,0.02461000,0.02461000,0.02461000,0.02461000,0.00000000
1530061200,1530064799,0.02461000,0.02461000,0.02461000,0.02461000,103.15000000
1530064800,1530068399,0.02434000,0.02461000,0.02434000,0.02461000,0.95000000
1530068400,1530071999,0.02491000,0.02491000,0.02491000,0.02491000,30.00000000
1530072000,1530075599,0.02491000,0.02491000,0.02491000,0.02491000,0.00000000
1530075600,1530079199,0.02491000,0.02491000,0.02491000,0.02491000,0.00000000
1530079200,1530082799,0.02505000,0.02505000,0.02505000,0.02505000,44.42000000
1530082800,1530086399,0.02505000,0.02516000,0.02505000,0.02516000,117.75000000
1530086400,1530089999,0.02515000,0.02516000,0.02478000,0.02504000,786.03000000
1530090000,1530093599,0.02506000,0.02506000,0.02506000,0.02506000,0.97000000
1530093600,1530097199,0.02531000,0.02531000,0.02531000,0.02531000,0.87000000
1530097200,1530100799,0.02531000,0.02531000,0.02531000,0.02531000,0.00000000
1530100800,1530104399,0.02531000,0.02543000,0.02496000,0.02543000,512.69000000
1530108000,1530111599,0.02543000,0.02543000,0.02543000,0.02543000,0.00000000
1530111600,1530115199,0.02570000,0.02570000,0.02468000,0.02520000,2556.90000000
1530115200,1530118799,0.02520000,0.02520000,0.02520000,0.02520000,0.00000000
1530118800,1530122399,0.02558000,0.02558000,0.02558000,0.02558000,381.26000000
1530122400,1530125999,0.02545000,0.02578000,0.02545000,0.02578000,3044.08000000
1530126000,1530129599,0.02578000,0.02635000,0.02562000,0.02635000,624.37000000
1530129600,1530133199,0.02635000,0.02635000,0.02580000,0.02580000,1615.81000000
1530133200,1530136799,0.02587000,0.02847000,0.02587000,0.02808000,1050.45000000
1530136800,1530140399,0.02750000,0.02865000,0.02650000,0.02650000,2115.77000000
1530140400,1530143999,0.02650000,0.02650000,0.02650000,0.02650000,3.60000000
1530144000,1530147599,0.02800000,0.02865000,0.02800000,0.02861000,599.67000000
1530147600,1530151199,0.02722000,0.03539000,0.02722000,0.03124000,13518.00000000
1530151200,1530154799,0.03121000,0.03121000,0.02800000,0.02848000,6848.61000000
1530154800,1530158399,0.02825000,0.02845000,0.02592000,0.02830000,837.80000000
1530158400,1530161999,0.02748000,0.02750000,0.02732000,0.02740000,810.65000000
1530162000,1530165599,0.02686000,0.02713000,0.02684000,0.02713000,286.37000000
1530165600,1530169199,0.02660000,0.02704000,0.02660000,0.02704000,1893.08000000
1530169200,1530172799,0.02741000,0.02807000,0.02731000,0.02740000,4376.59000000
1530172800,1530176399,0.02752000,0.02752000,0.02620000,0.02620000,1525.30000000
1530176400,1530179999,0.02599000,0.02629000,0.02590000,0.02629000,1196.71000000
1530180000,1530183599,0.02639000,0.02775000,0.02639000,0.02678000,7009.51000000
1530183600,1530187199,0.02679000,0.02690000,0.02612000,0.02641000,2425.65000000
1530187200,1530190799,0.02616000,0.02689000,0.02616000,0.02662000,585.09000000
1530190800,1530194399,0.02662000,0.02662000,0.02662000,0.02662000,183.52000000
1530194400,1530197999,0.02688000,0.02778000,0.02679000,0.02778000,3367.06000000
1530198000,1530201599,0.02776000,0.02783000,0.02679000,0.02715000,1578.08000000
1530201600,1530205199,0.02715000,0.02715000,0.02677000,0.02680000,2442.23000000
1530205200,1530208799,0.02688000,0.02717000,0.02687000,0.02717000,197.03000000
1530208800,1530212399,0.02707000,0.04710000,0.02695000,0.02758000,79705.91000000
1530212400,1530215999,0.02758000,0.02780000,0.02702000,0.02706000,1615.21000000
1530216000,1530219599,0.02738000,0.02759000,0.02257000,0.02692000,12161.63000000
1530219600,1530223199,0.02681000,0.02700000,0.02605000,0.02627000,2381.04000000
1530223200,1530226799,0.02617000,0.02617000,0.02550000,0.02550000,875.92000000
1530226800,1530230399,0.02550000,0.02561000,0.02441000,0.02445000,1041.36000000
1530230400,1530233999,0.02442000,0.02487000,0.02441000,0.02458000,1826.96000000
1530234000,1530237599,0.02458000,0.02478000,0.02431000,0.02431000,657.48000000
1530237600,1530241199,0.02441000,0.02516000,0.02425000,0.02441000,10072.59000000
1530241200,1530244799,0.02441000,0.02441000,0.02430000,0.02430000,755.23000000
1530244800,1530248399,0.02430000,0.02452000,0.02386000,0.02417000,3378.82000000
1530248400,1530251999,0.02421000,0.02453000,0.02416000,0.02453000,1080.59000000
1530252000,1530255599,0.02452000,0.02459000,0.02452000,0.02459000,114.64000000
1530255600,1530259199,0.02459000,0.02472000,0.02411000,0.02472000,4783.32000000
1530259200,1530262799,0.02423000,0.02428000,0.02423000,0.02428000,43.85000000
1530262800,1530266399,0.02428000,0.02464000,0.02417000,0.02420000,460.11000000
1530266400,1530269999,0.02443000,0.02443000,0.02443000,0.02443000,276.68000000
1530270000,1530273599,0.02468000,0.02468000,0.02468000,0.02468000,202.00000000
1530273600,1530277199,0.02468000,0.02468000,0.02468000,0.02468000,138.00000000
1530277200,1530280799,0.02468000,0.02468000,0.02433000,0.02433000,495.56000000
1530280800,1530284399,0.02411000,0.02423000,0.02384000,0.02423000,3382.07000000
1530284400,1530287999,0.02402000,0.02423000,0.02402000,0.02406000,188.73000000
1530288000,1530291599,0.02415000,0.02434000,0.02406000,0.02428000,1437.00000000
1530291600,1530295199,0.02427000,0.02434000,0.02400000,0.02400000,2411.99000000
1530295200,1530298799,0.02400000,0.02400000,0.02400000,0.02400000,1353.00000000
1530298800,1530302399,0.02400000,0.02429000,0.02376000,0.02379000,1898.32000000
1530302400,1530305999,0.02394000,0.02420000,0.02394000,0.02420000,1142.87000000
1530306000,1530309599,0.02428000,0.02429000,0.02417000,0.02425000,708.02000000
1530309600,1530313199,0.02418000,0.02541000,0.02402000,0.02526000,5592.17000000
1530313200,1530316799,0.02541000,0.02567000,0.02520000,0.02520000,2326.06000000
1530316800,1530320399,0.02507000,0.02520000,0.02501000,0.02520000,699.81000000
1530320400,1530323999,0.02551000,0.02645000,0.02551000,0.02623000,2760.84000000
1530324000,1530327599,0.02619000,0.02721000,0.02619000,0.02678000,3618.31000000
1530327600,1530331199,0.02594000,0.02696000,0.02594000,0.02657000,254.72000000
1530331200,1530334799,0.02662000,0.02662000,0.02647000,0.02660000,2185.28000000
1530334800,1530338399,0.02688000,0.02752000,0.02675000,0.02675000,8962.78000000
1530338400,1530341999,0.02675000,0.02675000,0.02675000,0.02675000,69.93000000
1530342000,1530345599,0.02696000,0.02731000,0.02678000,0.02731000,716.18000000
1530345600,1530349199,0.02748000,0.02754000,0.02668000,0.02754000,5134.96000000
1530349200,1530352799,0.02738000,0.02738000,0.02677000,0.02677000,9.40000000
1530352800,1530356399,0.02677000,0.02677000,0.02677000,0.02677000,0.00000000
1530356400,1530359999,0.02677000,0.02677000,0.02677000,0.02677000,0.00000000
1530360000,1530363599,0.02726000,0.02750000,0.02638000,0.02675000,1184.42000000
1530363600,1530367199,0.02675000,0.02675000,0.02675000,0.02675000,0.00000000
1530367200,1530370799,0.02701000,0.03690000,0.02701000,0.02741000,12683.97000000
1530370800,1530374399,0.02758000,0.02806000,0.02455000,0.02756000,18305.08000000
1530374400,1530377999,0.02755000,0.02755000,0.02464000,0.02750000,9284.35000000
1530378000,1530381599,0.02730000,0.02810000,0.02718000,0.02718000,8912.79000000
1530381600,1530385199,0.02685000,0.02750000,0.02673000,0.02673000,363.16000000
1530385200,1530388799,0.02713000,0.02762000,0.02698000,0.02762000,783.42000000
1530388800,1530392399,0.02768000,0.02824000,0.02768000,0.02773000,2538.58000000
1530392400,1530395999,0.02760000,0.02768000,0.02685000,0.02685000,12473.65000000
1530396000,1530399599,0.02685000,0.02746000,0.02670000,0.02672000,15460.44000000
1530399600,1530403199,0.02688000,0.02697000,0.02669000,0.02697000,536.99000000
1530403200,1530406799,0.02697000,0.02807000,0.02697000,0.02807000,3573.08000000
1530406800,1530410399,0.02779000,0.02836000,0.02779000,0.02836000,765.61000000
1530410400,1530413999,0.02803000,0.02894000,0.02803000,0.02839000,13036.78000000
1530414000,1530417599,0.02755000,0.02774000,0.02720000,0.02720000,2335.30000000
1530417600,1530421199,0.02732000,0.02799000,0.02732000,0.02759000,533.84000000
1530421200,1530424799,0.02707000,0.02753000,0.02667000,0.02753000,13316.00000000
1530424800,1530428399,0.02703000,0.02755000,0.02682000,0.02755000,499.05000000
1530428400,1530431999,0.02753000,0.02753000,0.02697000,0.02697000,693.49000000
1530432000,1530435599,0.02688000,0.02752000,0.02688000,0.02752000,1.53000000
1530435600,1530439199,0.02752000,0.02752000,0.02752000,0.02752000,0.00000000
1530439200,1530442799,0.02706000,0.02706000,0.02699000,0.02699000,2360.18000000
1530442800,1530446399,0.02749000,0.02749000,0.02637000,0.02637000,2098.13000000
1530446400,1530449999,0.02667000,0.02703000,0.02649000,0.02650000,236.22000000
1530450000,1530453599,0.02682000,0.02682000,0.02621000,0.02622000,984.99000000
1530453600,1530457199,0.02652000,0.02669000,0.02596000,0.02648000,1737.63000000
1530457200,1530460799,0.02623000,0.02623000,0.02593000,0.02593000,837.50000000
1530460800,1530464399,0.02613000,0.02614000,0.02597000,0.02614000,282.06000000
1530464400,1530467999,0.02640000,0.02667000,0.02640000,0.02658000,1510.15000000
1530468000,1530471599,0.02682000,0.03036000,0.02680000,0.02753000,13240.50000000
1530471600,1530475199,0.02696000,0.02696000,0.02683000,0.02683000,1729.88000000
1530475200,1530478799,0.02692000,0.02696000,0.02680000,0.02696000,459.26000000
1530478800,1530482399,0.02702000,0.02774000,0.02702000,0.02736000,7045.34000000
1530482400,1530485999,0.02736000,0.02774000,0.02736000,0.02761000,469.14000000
1530486000,1530489599,0.02760000,0.02761000,0.02760000,0.02761000,3355.66000000
1530489600,1530493199,0.02760000,0.02760000,0.02725000,0.02725000,499.39000000
1530493200,1530496799,0.02753000,0.02760000,0.02708000,0.02708000,2969.50000000
1530496800,1530500399,0.02747000,0.02750000,0.02723000,0.02723000,834.91000000
1530500400,1530503999,0.02748000,0.02760000,0.02748000,0.02760000,379.43000000
1530504000,1530507599,0.02791000,0.02802000,0.02750000,0.02802000,2323.17000000
1530507600,1530511199,0.02790000,0.02790000,0.02746000,0.02746000,755.73000000
1530511200,1530514799,0.02749000,0.02749000,0.02749000,0.02749000,5.00000000
1530514800,1530518399,0.02771000,0.02802000,0.02771000,0.02788000,353.19000000
1530518400,1530521999,0.02788000,0.02817000,0.02788000,0.02817000,831.74000000
1530522000,1530525599,0.02817000,0.02817000,0.02776000,0.02776000,2076.74000000
1530525600,1530529199,0.02776000,0.02776000,0.02776000,0.02776000,0.00000000
1530529200,1530532799,0.02830000,0.02859000,0.02795000,0.02814000,472.43000000
1530532800,1530536399,0.02837000,0.02859000,0.02822000,0.02842000,2044.02000000
1530536400,1530539999,0.02848000,0.02947000,0.02838000,0.02932000,5533.51000000
1530540000,1530543599,0.02945000,0.02958000,0.02895000,0.02917000,6195.25000000
1530543600,1530547199,0.02917000,0.02971000,0.02881000,0.02970000,8454.43000000
1530547200,1530550799,0.02970000,0.02998000,0.02957000,0.02959000,3794.61000000
1530550800,1530554399,0.03000000,0.03000000,0.02951000,0.02951000,558.77000000
1530554400,1530557999,0.02950000,0.02994000,0.02925000,0.02926000,837.58000000
1530558000,1530561599,0.02963000,0.02963000,0.02956000,0.02956000,115.92000000
1530561600,1530565199,0.02956000,0.02956000,0.02878000,0.02878000,15014.90000000
1530565200,1530568799,0.02954000,0.02954000,0.02875000,0.02914000,1447.25000000
1530568800,1530572399,0.02920000,0.02920000,0.02872000,0.02895000,303.15000000
1530572400,1530575999,0.02915000,0.02920000,0.02894000,0.02898000,2.82000000
1530576000,1530579599,0.02921000,0.02950000,0.02921000,0.02950000,634.01000000
1530579600,1530583199,0.02950000,0.02982000,0.02944000,0.02982000,956.47000000
1530583200,1530586799,0.02957000,0.02995000,0.02957000,0.02981000,878.40000000
1530586800,1530590399,0.02981000,0.03000000,0.02965000,0.02965000,1261.52000000
1530590400,1530593999,0.02999000,0.02999000,0.02979000,0.02979000,342.00000000
1530594000,1530597599,0.02965000,0.03007000,0.02965000,0.03007000,328.10000000
1530597600,1530601199,0.02965000,0.03073000,0.02943000,0.03055000,5628.32000000
1530601200,1530604799,0.03028000,0.03131000,0.03027000,0.03131000,18019.47000000
1530604800,1530608399,0.03116000,0.03116000,0.03077000,0.03077000,1065.39000000
1530608400,1530611999,0.03102000,0.03102000,0.03047000,0.03047000,3892.75000000
1530612000,1530615599,0.03042000,0.03042000,0.02865000,0.02910000,9950.64000000
1530615600,1530619199,0.02910000,0.02953000,0.02894000,0.02953000,501.82000000
1530619200,1530622799,0.02955000,0.03069000,0.02931000,0.03069000,1734.96000000
1530622800,1530626399,0.03004000,0.03004000,0.02985000,0.02986000,1518.22000000
1530626400,1530629999,0.02986000,0.02986000,0.02986000,0.02986000,0.00000000
1530630000,1530633599,0.02964000,0.02964000,0.02964000,0.02964000,134.17000000
1530633600,1530637199,0.02961000,0.02983000,0.02956000,0.02983000,697.56000000
1530637200,1530640799,0.02957000,0.02957000,0.02956000,0.02956000,84.85000000
1530640800,1530644399,0.02930000,0.02930000,0.02930000,0.02930000,0.83000000
1530644400,1530647999,0.02975000,0.02976000,0.02933000,0.02976000,419.80000000
1530648000,1530651599,0.02998000,0.02998000,0.02998000,0.02998000,2.23000000
1530651600,1530655199,0.03000000,0.03043000,0.03000000,0.03036000,1358.49000000
1530655200,1530658799,0.02991000,0.03028000,0.02977000,0.02977000,3153.58000000
1530658800,1530662399,0.02925000,0.02957000,0.02925000,0.02957000,259.22000000
1530662400,1530663747,0.03060000,0.03060000,0.03060000,0.03060000,73.00000000
1530691200,1530694799,0.02942000,0.02967000,0.02864000,0.02967000,6537.00000000
1530694800,1530698399,0.02974000,0.02974000,0.02967000,0.02971000,753.33000000
1530698400,1530701999,0.03056000,0.03057000,0.02998000,0.02998000,1083.77000000
1530702000,1530705599,0.02999000,0.02999000,0.02967000,0.02967000,2265.56000000
1530705600,1530709199,0.02869000,0.03045000,0.02869000,0.03045000,8487.40000000
1530709200,1530712799,0.03045000,0.03163000,0.03015000,0.03162000,4152.19000000
1530712800,1530716399,0.03161000,0.03195000,0.03103000,0.03103000,1285.94000000
1530716400,1530719999,0.03103000,0.03180000,0.03064000,0.03180000,280.95000000
1530720000,1530723599,0.03086000,0.03086000,0.03061000,0.03070000,1465.64000000
1530723600,1530727199,0.03088000,0.03088000,0.03088000,0.03088000,0.09000000
1530727200,1530730799,0.03050000,0.03180000,0.03050000,0.03115000,3277.27000000
1530730800,1530734399,0.03180000,0.03260000,0.03166000,0.03216000,4695.84000000
1530734400,1530737999,0.03216000,0.03231000,0.03182000,0.03200000,2840.70000000
1530738000,1530741599,0.03205000,0.03205000,0.03205000,0.03205000,1733.45000000
1530741600,1530745199,0.03171000,0.03171000,0.03166000,0.03166000,106.28000000
1530745200,1530748799,0.03166000,0.03166000,0.03166000,0.03166000,0.00000000
1530748800,1530752399,0.03166000,0.03166000,0.03166000,0.03166000,234.10000000
1530752400,1530755999,0.03150000,0.03150000,0.03125000,0.03138000,876.00000000
1530756000,1530759599,0.03193000,0.03210000,0.03193000,0.03210000,383.80000000
1530759600,1530763199,0.03247000,0.03249000,0.03182000,0.03182000,1033.04000000
1530763200,1530766799,0.03240000,0.03240000,0.03240000,0.03240000,32.00000000
1530766800,1530770399,0.03240000,0.03240000,0.03240000,0.03240000,0.00000000
1530770400,1530773999,0.03240000,0.03240000,0.03240000,0.03240000,0.00000000
1530774000,1530777599,0.03240000,0.03240000,0.03240000,0.03240000,0.00000000
1530777600,1530781199,0.03230000,0.03230000,0.03230000,0.03230000,0.60000000
1530781200,1530784799,0.03194000,0.03213000,0.03167000,0.03167000,869.04000000
1530784800,1530788399,0.03180000,0.03180000,0.03164000,0.03180000,567.15000000
1530788400,1530791999,0.03211000,0.03211000,0.03108000,0.03108000,4348.32000000
1530792000,1530795599,0.03140000,0.03140000,0.03107000,0.03127000,1656.06000000
1530795600,1530799199,0.03108000,0.03177000,0.03046000,0.03046000,377.61000000
1530799200,1530802799,0.03076000,0.03076000,0.03019000,0.03032000,2666.38000000
1530802800,1530806399,0.03054000,0.03054000,0.03042000,0.03042000,558.49000000
1530806400,1530809999,0.03045000,0.03045000,0.03045000,0.03045000,376.60000000
1530810000,1530813599,0.03026000,0.03026000,0.03019000,0.03019000,31.91000000
1530813600,1530817199,0.03063000,0.03073000,0.02995000,0.02995000,2768.32000000
1530817200,1530820799,0.02939000,0.02968000,0.02921000,0.02968000,7748.80000000
1530820800,1530824399,0.03040000,0.03041000,0.02968000,0.02975000,501.30000000
1530824400,1530827999,0.02944000,0.02944000,0.02932000,0.02932000,14.89000000
1530828000,1530831599,0.02998000,0.02998000,0.02998000,0.02998000,132.33000000
1530831600,1530835199,0.03018000,0.03018000,0.03018000,0.03018000,66.00000000
1530835200,1530838799,0.03018000,0.03018000,0.03018000,0.03018000,0.00000000
1530838800,1530842399,0.03018000,0.03029000,0.03018000,0.03029000,328.16000000
1530842400,1530845999,0.03018000,0.03018000,0.03010000,0.03010000,547.48000000
1530846000,1530849599,0.03010000,0.03010000,0.03010000,0.03010000,0.00000000
1530849600,1530853199,0.03013000,0.03013000,0.03007000,0.03007000,366.66000000
1530853200,1530856799,0.03007000,0.03007000,0.03007000,0.03007000,0.00000000
1530856800,1530860399,0.03007000,0.03007000,0.03007000,0.03007000,612.77000000
1530860400,1530863999,0.03013000,0.03013000,0.03010000,0.03010000,263.38000000
1530864000,1530867599,0.03010000,0.03010000,0.03010000,0.03010000,742.52000000
1530867600,1530871199,0.03012000,0.03058000,0.03012000,0.03058000,125.33000000
1530871200,1530874799,0.03058000,0.03058000,0.03058000,0.03058000,0.00000000
1530874800,1530878399,0.03042000,0.03042000,0.03026000,0.03026000,33.64000000
1530878400,1530881999,0.03026000,0.03026000,0.03026000,0.03026000,0.00000000
1530882000,1530885599,0.03084000,0.03084000,0.03004000,0.03024000,2209.43000000
1530885600,1530889199,0.03051000,0.03082000,0.03051000,0.03082000,101.79000000
1530889200,1530892799,0.03038000,0.03107000,0.02995000,0.02995000,3272.01000000
1530892800,1530896399,0.03034000,0.03099000,0.03034000,0.03071000,3194.80000000
1530896400,1530899999,0.03073000,0.03073000,0.03073000,0.03073000,50.00000000
1530900000,1530903599,0.03055000,0.03074000,0.03029000,0.03033000,6.05000000
1530903600,1530907199,0.03033000,0.03033000,0.03033000,0.03033000,0.00000000
1530907200,1530910799,0.03087000,0.03115000,0.03037000,0.03067000,18799.59000000
1530910800,1530914399,0.03066000,0.03167000,0.03029000,0.03029000,37377.53000000
1530914400,1530917999,0.03028000,0.03028000,0.03028000,0.03028000,2344.19000000
1530918000,1530921599,0.03028000,0.03028000,0.03028000,0.03028000,0.00000000
1530921600,1530925199,0.03037000,0.03037000,0.03033000,0.03033000,72.46000000
1530925200,1530928799,0.03033000,0.03033000,0.03033000,0.03033000,0.00000000
1530928800,1530932399,0.02958000,0.02958000,0.02820000,0.02864000,3995.75000000
1530932400,1530935999,0.02836000,0.02863000,0.02809000,0.02837000,1451.92000000
1530936000,1530939599,0.02809000,0.02815000,0.02797000,0.02797000,404.70000000
1530939600,1530943199,0.02824000,0.02824000,0.02807000,0.02807000,25.68000000
1530943200,1530946799,0.02848000,0.02849000,0.02787000,0.02792000,3286.34000000
1530946800,1530950399,0.02827000,0.02827000,0.02746000,0.02755000,1276.44000000
1530950400,1530953999,0.02755000,0.02755000,0.02704000,0.02704000,466.31000000
1530954000,1530957599,0.02779000,0.02780000,0.02706000,0.02734000,9188.89000000
1530957600,1530961199,0.02715000,0.02715000,0.02689000,0.02707000,7398.42000000
1530961200,1530964799,0.02697000,0.02747000,0.02690000,0.02737000,71.55000000
1530964800,1530968399,0.02720000,0.02768000,0.02720000,0.02762000,1113.65000000
1530968400,1530971999,0.02784000,0.02784000,0.02702000,0.02721000,8112.05000000
1530972000,1530975599,0.02718000,0.02752000,0.02702000,0.02730000,810.69000000
1530975600,1530979199,0.02771000,0.02771000,0.02710000,0.02710000,345.70000000
1530979200,1530982799,0.02772000,0.02785000,0.02747000,0.02785000,2415.83000000
1530982800,1530986399,0.02809000,0.02820000,0.02761000,0.02761000,208.00000000
1530986400,1530989999,0.02731000,0.02731000,0.02704000,0.02704000,75.02000000
1530990000,1530993599,0.02704000,0.02704000,0.02704000,0.02704000,0.00000000
1530993600,1530997199,0.02700000,0.02791000,0.02700000,0.02791000,321.97000000
1530997200,1531000799,0.02701000,0.02729000,0.02701000,0.02720000,204.73000000
1531000800,1531004399,0.02739000,0.02739000,0.02739000,0.02739000,89.49000000
1531004400,1531007999,0.02757000,0.02866000,0.02757000,0.02860000,1810.55000000
1531008000,1531011599,0.02866000,0.02910000,0.02866000,0.02874000,1387.56000000
1531011600,1531015199,0.02874000,0.02902000,0.02832000,0.02902000,255.00000000
1531015200,1531018799,0.02902000,0.02902000,0.02902000,0.02902000,0.00000000
1531018800,1531022399,0.02902000,0.02902000,0.02902000,0.02902000,0.00000000
1531022400,1531025999,0.02924000,0.02990000,0.02910000,0.02920000,24088.59000000
1531026000,1531029599,0.02906000,0.02906000,0.02906000,0.02906000,609.84000000
1531029600,1531033199,0.02925000,0.02925000,0.02925000,0.02925000,34.19000000
1531033200,1531036799,0.02925000,0.02925000,0.02889000,0.02912000,2621.32000000
1531036800,1531040399,0.02898000,0.02957000,0.02893000,0.02893000,1759.14000000
1531040400,1531043999,0.02881000,0.02882000,0.02864000,0.02882000,283.22000000
1531044000,1531047599,0.02887000,0.02923000,0.02887000,0.02923000,212.36000000
1531047600,1531051199,0.02830000,0.02889000,0.02819000,0.02889000,94.06000000
1531051200,1531054799,0.02821000,0.02883000,0.02818000,0.02842000,1577.04000000
1531054800,1531058399,0.02858000,0.02931000,0.02858000,0.02931000,1411.94000000
1531058400,1531061999,0.02931000,0.02952000,0.02931000,0.02952000,3500.00000000
1531062000,1531065599,0.02960000,0.02960000,0.02893000,0.02905000,7999.55000000
1531065600,1531069199,0.02902000,0.02908000,0.02729000,0.02863000,755.93000000
1531069200,1531072799,0.02876000,0.02876000,0.02859000,0.02859000,1213.41000000
1531072800,1531076399,0.02842000,0.02842000,0.02842000,0.02842000,0.98000000
1531076400,1531079999,0.02873000,0.02873000,0.02719000,0.02842000,523.46000000
1531080000,1531083599,0.02861000,0.02870000,0.02842000,0.02864000,2927.63000000
1531083600,1531087199,0.02869000,0.02869000,0.02869000,0.02869000,119.99000000
1531087200,1531090799,0.02868000,0.02870000,0.02868000,0.02870000,1242.62000000
1531090800,1531094399,0.02885000,0.02927000,0.02843000,0.02843000,333.41000000
1531094400,1531097999,0.02825000,0.02825000,0.02819000,0.02820000,13967.26000000
1531098000,1531101599,0.02812000,0.02816000,0.02707000,0.02815000,204.47000000
1531101600,1531105199,0.02787000,0.02827000,0.02783000,0.02783000,639.24000000
1531105200,1531108799,0.02783000,0.02783000,0.02783000,0.02783000,0.00000000
1531108800,1531112399,0.02762000,0.02762000,0.02762000,0.02762000,0.98000000
1531112400,1531115999,0.02762000,0.02762000,0.02762000,0.02762000,0.00000000
1531116000,1531119599,0.02806000,0.02806000,0.02806000,0.02806000,124.31000000
1531119600,1531123199,0.02807000,0.02807000,0.02807000,0.02807000,0.97000000
1531123200,1531126799,0.02807000,0.02807000,0.02807000,0.02807000,0.00000000
1531126800,1531130399,0.02796000,0.02796000,0.02796000,0.02796000,70.00000000
1531130400,1531133999,0.02796000,0.02796000,0.02796000,0.02796000,0.00000000
1531134000,1531137599,0.02796000,0.02796000,0.02796000,0.02796000,0.00000000
1531137600,1531141199,0.02792000,0.02835000,0.02792000,0.02835000,162.38000000
1531141200,1531144799,0.02785000,0.02785000,0.02784000,0.02784000,86.88000000
1531144800,1531148399,0.02841000,0.02858000,0.02702000,0.02795000,4131.03000000
1531148400,1531151999,0.02796000,0.02830000,0.02727000,0.02729000,1485.94000000
1531152000,1531155599,0.02829000,0.02830000,0.02724000,0.02830000,355.60000000
1531155600,1531159199,0.02724000,0.02819000,0.02724000,0.02819000,179.58000000
1531159200,1531162799,0.02853000,0.02866000,0.02853000,0.02855000,1400.00000000
1531162800,1531166399,0.02840000,0.02856000,0.02805000,0.02809000,755.84000000
1531166400,1531169999,0.02813000,0.02816000,0.02813000,0.02816000,101.21000000
1531170000,1531173599,0.02810000,0.02810000,0.02810000,0.02810000,25.00000000
1531173600,1531177199,0.02840000,0.02842000,0.02820000,0.02820000,1199.69000000
1531177200,1531180799,0.02801000,0.02801000,0.02785000,0.02785000,465.00000000
1531180800,1531184399,0.02874000,0.02878000,0.02842000,0.02842000,738.45000000
1531184400,1531187999,0.02830000,0.02830000,0.02830000,0.02830000,385.40000000
1531188000,1531191599,0.02847000,0.02847000,0.02847000,0.02847000,21.02000000
1531191600,1531195199,0.02864000,0.02864000,0.02864000,0.02864000,0.15000000
1531195200,1531198799,0.02830000,0.02844000,0.02830000,0.02844000,506.48000000
1531198800,1531202399,0.02864000,0.03007000,0.02856000,0.02873000,12030.15000000
1531202400,1531205999,0.02904000,0.02905000,0.02903000,0.02905000,1633.85000000
1531206000,1531209599,0.02900000,0.02918000,0.02900000,0.02918000,1257.63000000
1531209600,1531213199,0.02918000,0.02918000,0.02918000,0.02918000,0.00000000
1531213200,1531216799,0.02953000,0.03103000,0.02937000,0.02937000,8418.46000000
1531216800,1531220399,0.02935000,0.02941000,0.02843000,0.02886000,8086.97000000
1531220400,1531223999,0.02957000,0.03048000,0.02926000,0.02942000,2090.96000000
1531224000,1531227599,0.02882000,0.02882000,0.02882000,0.02882000,0.58000000
1531227600,1531231199,0.02920000,0.02920000,0.02827000,0.02890000,1658.05000000
1531231200,1531234799,0.02855000,0.02896000,0.02830000,0.02839000,1569.03000000
1531234800,1531238399,0.02861000,0.02894000,0.02861000,0.02871000,614.97000000
1531238400,1531241999,0.02872000,0.02940000,0.02839000,0.02883000,2015.11000000
1531242000,1531245599,0.02870000,0.02894000,0.02870000,0.02894000,173.75000000
1531245600,1531249199,0.02923000,0.02923000,0.02907000,0.02907000,205.47000000
1531249200,1531252799,0.02911000,0.02950000,0.02911000,0.02950000,1424.91000000
1531252800,1531256399,0.02953000,0.02953000,0.02895000,0.02897000,1215.44000000
1531256400,1531259999,0.02897000,0.02897000,0.02894000,0.02894000,437.56000000
1531260000,1531263599,0.02881000,0.02899000,0.02870000,0.02899000,1636.56000000
1531263600,1531267199,0.02899000,0.02914000,0.02865000,0.02875000,4279.24000000
1531267200,1531270799,0.02877000,0.02972000,0.02877000,0.02940000,1771.48000000
1531270800,1531274399,0.02981000,0.02981000,0.02952000,0.02952000,641.60000000
1531274400,1531277999,0.02979000,0.03028000,0.02979000,0.03028000,1054.28000000
1531278000,1531281599,0.03036000,0.03079000,0.03021000,0.03029000,2749.48000000
1531281600,1531285199,0.02998000,0.02998000,0.02998000,0.02998000,33.36000000
1531285200,1531288799,0.02991000,0.02991000,0.02991000,0.02991000,0.68000000
1531288800,1531292399,0.02990000,0.02990000,0.02990000,0.02990000,79.09000000
1531292400,1531295999,0.02990000,0.02990000,0.02990000,0.02990000,0.00000000
1531296000,1531299599,0.03018000,0.03018000,0.02968000,0.02968000,150.00000000
1531299600,1531303199,0.02968000,0.02968000,0.02968000,0.02968000,0.00000000
1531303200,1531306799,0.02945000,0.02957000,0.02907000,0.02929000,6318.95000000
1531306800,1531310399,0.02923000,0.02937000,0.02876000,0.02937000,3190.16000000
1531310400,1531313999,0.02937000,0.02972000,0.02937000,0.02972000,3236.40000000
1531314000,1531317599,0.02969000,0.02981000,0.02945000,0.02980000,2656.15000000
1531317600,1531321199,0.02967000,0.03057000,0.02967000,0.03012000,2514.51000000
1531321200,1531324799,0.02969000,0.03001000,0.02927000,0.03001000,8924.15000000
1531324800,1531328399,0.03001000,0.03002000,0.03001000,0.03001000,9512.07000000
1531328400,1531331999,0.03001000,0.03041000,0.03001000,0.03001000,7098.64000000
1531332000,1531335599,0.03001000,0.03001000,0.02950000,0.02950000,2935.05000000
1531335600,1531339199,0.02950000,0.03000000,0.02947000,0.02982000,2209.22000000
1531339200,1531342799,0.02982000,0.02982000,0.02982000,0.02982000,0.00000000
1531342800,1531346399,0.02951000,0.02951000,0.02951000,0.02951000,0.07000000
1531346400,1531349999,0.02951000,0.02951000,0.02951000,0.02951000,0.00000000
1531350000,1531353599,0.02951000,0.02951000,0.02951000,0.02951000,0.00000000
1531353600,1531357199,0.02958000,0.02958000,0.02940000,0.02940000,669.50000000
1531357200,1531360799,0.02958000,0.02982000,0.02958000,0.02981000,190.32000000
1531360800,1531364399,0.02963000,0.02963000,0.02963000,0.02963000,108.00000000
1531364400,1531367999,0.02963000,0.02963000,0.02963000,0.02963000,0.00000000
1531368000,1531371599,0.02963000,0.02963000,0.02963000,0.02963000,267.68000000
1531371600,1531375199,0.02963000,0.02963000,0.02935000,0.02935000,3733.25000000
1531375200,1531378799,0.02943000,0.02943000,0.02887000,0.02887000,508.80000000
1531378800,1531382399,0.02898000,0.02898000,0.02870000,0.02870000,1200.04000000
1531382400,1531385999,0.02871000,0.02900000,0.02871000,0.02898000,1559.58000000
1531386000,1531389599,0.02929000,0.02929000,0.02928000,0.02929000,762.94000000
1531389600,1531393199,0.02899000,0.02913000,0.02892000,0.02892000,551.31000000
1531393200,1531396799,0.02895000,0.02938000,0.02895000,0.02938000,524.11000000
1531396800,1531400399,0.02923000,0.02943000,0.02878000,0.02911000,966.21000000
1531400400,1531403999,0.02873000,0.02873000,0.02873000,0.02873000,120.57000000
1531404000,1531407599,0.02873000,0.02900000,0.02873000,0.02873000,397.06000000
1531407600,1531411199,0.02875000,0.02893000,0.02855000,0.02893000,1933.25000000
1531411200,1531414799,0.02875000,0.02875000,0.02840000,0.02843000,870.85000000
1531414800,1531418399,0.02848000,0.02872000,0.02848000,0.02872000,174.76000000
1531418400,1531421999,0.02881000,0.02900000,0.02877000,0.02877000,836.19000000
1531422000,1531425599,0.02883000,0.02911000,0.02883000,0.02908000,1584.71000000
1531425600,1531429199,0.02898000,0.02935000,0.02898000,0.02908000,583.58000000
1531429200,1531432799,0.02931000,0.02931000,0.02920000,0.02920000,75.01000000
1531432800,1531436399,0.02926000,0.02931000,0.02925000,0.02931000,189.04000000
1531436400,1531439999,0.02898000,0.02898000,0.02898000,0.02898000,477.71000000
1531440000,1531443599,0.02935000,0.02939000,0.02910000,0.02910000,266.65000000
1531443600,1531447199,0.02939000,0.02951000,0.02939000,0.02951000,526.74000000
1531447200,1531450799,0.02951000,0.02951000,0.02951000,0.02951000,0.00000000
1531450800,1531454399,0.02951000,0.02951000,0.02951000,0.02951000,0.00000000
1531454400,1531457999,0.02918000,0.02919000,0.02907000,0.02919000,291.68000000
1531458000,1531461599,0.02901000,0.02944000,0.02901000,0.02944000,83.54000000
1531461600,1531465199,0.02890000,0.02890000,0.02890000,0.02890000,39.17000000
1531465200,1531468799,0.02890000,0.02903000,0.02870000,0.02870000,470.58000000
1531468800,1531472399,0.02901000,0.02902000,0.02892000,0.02892000,773.26000000
1531472400,1531475999,0.02892000,0.02892000,0.02892000,0.02892000,0.00000000
1531476000,1531479599,0.02928000,0.02929000,0.02928000,0.02929000,1776.48000000
1531479600,1531483199,0.02903000,0.02903000,0.02903000,0.02903000,0.76000000
1531483200,1531486799,0.02929000,0.02929000,0.02929000,0.02929000,567.60000000
1531486800,1531490399,0.02959000,0.02959000,0.02952000,0.02958000,6.01000000
1531490400,1531493999,0.02928000,0.02928000,0.02888000,0.02893000,1699.30000000
1531494000,1531497599,0.02917000,0.02917000,0.02917000,0.02917000,50.96000000
1531497600,1531501199,0.02894000,0.02897000,0.02841000,0.02897000,7588.58000000
1531501200,1531504799,0.02884000,0.02884000,0.02884000,0.02884000,0.93000000
1531504800,1531508399,0.02902000,0.02903000,0.02902000,0.02903000,1646.00000000
1531508400,1531511999,0.02903000,0.02903000,0.02903000,0.02903000,0.00000000
1531512000,1531515599,0.02920000,0.02925000,0.02900000,0.02925000,2148.48000000
1531515600,1531519199,0.02954000,0.02955000,0.02900000,0.02900000,1507.01000000
1531519200,1531522799,0.02916000,0.02916000,0.02916000,0.02916000,0.98000000
1531522800,1531526399,0.02972000,0.02972000,0.02846000,0.02846000,760.24000000
1531526400,1531529999,0.02879000,0.02957000,0.02864000,0.02864000,1199.50000000
1531530000,1531533599,0.02910000,0.02914000,0.02910000,0.02914000,2113.80000000
1531533600,1531537199,0.02927000,0.02939000,0.02927000,0.02934000,0.83000000
1531537200,1531540799,0.02930000,0.02930000,0.02930000,0.02930000,121.94000000
1531540800,1531544399,0.02913000,0.02913000,0.02913000,0.02913000,972.00000000
1531544400,1531547999,0.02931000,0.02931000,0.02852000,0.02916000,3189.95000000
1531548000,1531551599,0.02916000,0.02916000,0.02916000,0.02916000,0.00000000
1531551600,1531555199,0.02924000,0.02936000,0.02924000,0.02936000,75.00000000
1531555200,1531558799,0.02909000,0.02931000,0.02909000,0.02931000,704.15000000
1531558800,1531562399,0.02931000,0.02931000,0.02931000,0.02931000,0.00000000
1531562400,1531565999,0.02931000,0.02931000,0.02931000,0.02931000,0.00000000
1531566000,1531569599,0.02926000,0.02926000,0.02926000,0.02926000,92.76000000
1531569600,1531573199,0.02898000,0.02898000,0.02881000,0.02881000,696.04000000
1531573200,1531576799,0.02901000,0.02901000,0.02900000,0.02900000,205.02000000
1531576800,1531580399,0.02901000,0.02901000,0.02901000,0.02901000,5.24000000
1531580400,1531583999,0.02901000,0.02901000,0.02889000,0.02889000,840.96000000
1531584000,1531587599,0.02889000,0.02889000,0.02889000,0.02889000,0.00000000
1531587600,1531591199,0.02930000,0.02930000,0.02897000,0.02903000,2000.16000000
1531591200,1531594799,0.02899000,0.02930000,0.02899000,0.02902000,3684.84000000
1531594800,1531598399,0.02902000,0.02905000,0.02902000,0.02905000,543.00000000
1531598400,1531601999,0.02897000,0.02909000,0.02897000,0.02909000,861.51000000
1531602000,1531605599,0.02908000,0.02940000,0.02908000,0.02940000,5408.25000000
1531605600,1531609199,0.02945000,0.02947000,0.02917000,0.02924000,2185.11000000
1531609200,1531612799,0.02939000,0.02939000,0.02903000,0.02903000,5724.15000000
1531612800,1531616399,0.02913000,0.02913000,0.02913000,0.02913000,738.65000000
1531616400,1531619999,0.02913000,0.02913000,0.02913000,0.02913000,0.00000000
1531620000,1531623599,0.02918000,0.02918000,0.02910000,0.02910000,834.18000000
1531623600,1531627199,0.02919000,0.02922000,0.02919000,0.02920000,1745.67000000
1531627200,1531630799,0.02935000,0.02935000,0.02909000,0.02913000,1458.47000000
1531630800,1531634399,0.02913000,0.02913000,0.02913000,0.02913000,0.00000000
1531634400,1531637999,0.02913000,0.02913000,0.02913000,0.02913000,0.00000000
1531638000,1531641599,0.02913000,0.02913000,0.02913000,0.02913000,0.00000000
1531641600,1531645199,0.02913000,0.02913000,0.02913000,0.02913000,0.00000000
1531645200,1531648799,0.02956000,0.02956000,0.02956000,0.02956000,574.90000000
1531648800,1531652399,0.02956000,0.02956000,0.02956000,0.02956000,0.00000000
1531652400,1531655999,0.02956000,0.02956000,0.02940000,0.02940000,100.97000000
1531656000,1531659599,0.02940000,0.02940000,0.02940000,0.02940000,0.00000000
1531659600,1531663199,0.02940000,0.02940000,0.02940000,0.02940000,0.01000000
1531663200,1531666799,0.02960000,0.02960000,0.02960000,0.02960000,168.96000000
1531666800,1531670399,0.02987000,0.02989000,0.02976000,0.02989000,3539.28000000
1531670400,1531673999,0.02989000,0.02989000,0.02989000,0.02989000,0.00000000
1531674000,1531677599,0.02989000,0.02989000,0.02989000,0.02989000,0.00000000
1531677600,1531681199,0.02989000,0.02989000,0.02989000,0.02989000,0.00000000
1531681200,1531684799,0.02989000,0.02989000,0.02989000,0.02989000,70.19000000
1531684800,1531688399,0.02999000,0.02999000,0.02973000,0.02977000,79.92000000
1531688400,1531691999,0.02999000,0.03007000,0.02999000,0.03007000,1040.31000000
1531692000,1531695599,0.02976000,0.02983000,0.02976000,0.02983000,1.31000000
1531695600,1531699199,0.02983000,0.02983000,0.02983000,0.02983000,0.00000000
1531699200,1531702799,0.03002000,0.03045000,0.03002000,0.03045000,6844.87000000
1531702800,1531706399,0.03033000,0.03049000,0.02970000,0.03000000,2658.03000000
1531706400,1531709999,0.03049000,0.03049000,0.03002000,0.03009000,331.50000000
1531710000,1531713599,0.03009000,0.03009000,0.03009000,0.03009000,0.00000000
1531713600,1531717199,0.03009000,0.03009000,0.03009000,0.03009000,0.00000000
1531717200,1531720799,0.02983000,0.02983000,0.02910000,0.02910000,2071.93000000
1531720800,1531724399,0.02866000,0.02866000,0.02792000,0.02792000,967.83000000
1531724400,1531727999,0.02786000,0.02786000,0.02786000,0.02786000,155.61000000
1531728000,1531731599,0.02828000,0.02828000,0.02828000,0.02828000,104.00000000
1531731600,1531735199,0.02824000,0.02894000,0.02824000,0.02886000,681.45000000
1531735200,1531738799,0.02886000,0.02886000,0.02886000,0.02886000,0.00000000
1531738800,1531742399,0.02832000,0.02920000,0.02832000,0.02920000,838.73000000
1531742400,1531745999,0.02921000,0.02972000,0.02910000,0.02910000,1960.00000000
1531746000,1531749599,0.02910000,0.02910000,0.02882000,0.02882000,2.90000000
1531749600,1531753199,0.02902000,0.02902000,0.02902000,0.02902000,68.00000000
1531753200,1531756799,0.02902000,0.02902000,0.02902000,0.02902000,0.00000000
1531756800,1531760399,0.02902000,0.02902000,0.02902000,0.02902000,0.00000000
1531760400,1531763999,0.02902000,0.02902000,0.02902000,0.02902000,0.00000000
1531764000,1531767599,0.02902000,0.02902000,0.02902000,0.02902000,0.00000000
1531767600,1531771199,0.02885000,0.02885000,0.02885000,0.02885000,0.04000000
1531771200,1531774799,0.02894000,0.02941000,0.02894000,0.02941000,957.31000000
1531774800,1531778399,0.02941000,0.02941000,0.02941000,0.02941000,275.13000000
1531778400,1531781999,0.02949000,0.02949000,0.02916000,0.02916000,578.00000000
1531782000,1531785599,0.02974000,0.02976000,0.02973000,0.02976000,1276.01000000
1531785600,1531789199,0.02929000,0.02973000,0.02929000,0.02973000,1.73000000
1531789200,1531792799,0.02979000,0.02979000,0.02942000,0.02947000,4114.06000000
1531792800,1531796399,0.02924000,0.02924000,0.02924000,0.02924000,1.00000000
1531796400,1531799999,0.02969000,0.02969000,0.02951000,0.02953000,145.82000000
1531800000,1531803599,0.02958000,0.02958000,0.02958000,0.02958000,10.42000000
1531803600,1531807199,0.03000000,0.03004000,0.02974000,0.02974000,651.86000000
1531807200,1531810799,0.02954000,0.02954000,0.02954000,0.02954000,64.00000000
1531810800,1531814399,0.02946000,0.02955000,0.02929000,0.02929000,673.19000000
1531814400,1531817999,0.02929000,0.02929000,0.02929000,0.02929000,0.00000000
1531818000,1531821599,0.02929000,0.02929000,0.02929000,0.02929000,0.00000000
1531821600,1531825199,0.02929000,0.02929000,0.02929000,0.02929000,0.00000000
1531825200,1531828799,0.02976000,0.02976000,0.02909000,0.02939000,4400.89000000
1531828800,1531832399,0.02940000,0.02940000,0.02906000,0.02906000,575.45000000
1531832400,1531835999,0.02913000,0.02913000,0.02858000,0.02858000,1075.32000000
1531836000,1531839599,0.02849000,0.02936000,0.02849000,0.02936000,2313.09000000
1531839600,1531843199,0.02929000,0.02930000,0.02929000,0.02930000,2829.23000000
1531843200,1531846799,0.02935000,0.02935000,0.02935000,0.02935000,242.61000000
1531846800,1531850399,0.02965000,0.03056000,0.02965000,0.03046000,2024.25000000
1531850400,1531853999,0.03030000,0.03087000,0.03016000,0.03016000,1967.04000000
1531854000,1531857599,0.03016000,0.03031000,0.03003000,0.03003000,856.74000000
1531857600,1531861199,0.02981000,0.03034000,0.02981000,0.03034000,1193.01000000
1531861200,1531864799,0.03034000,0.03034000,0.03034000,0.03034000,619.00000000
1531864800,1531868399,0.03033000,0.03034000,0.02985000,0.03011000,14947.29000000
1531868400,1531871999,0.03028000,0.03032000,0.03028000,0.03032000,720.48000000
1531872000,1531875599,0.03022000,0.03030000,0.03003000,0.03030000,1743.06000000
1531875600,1531879199,0.03060000,0.03060000,0.03044000,0.03044000,100.52000000
1531879200,1531882799,0.03044000,0.03093000,0.03044000,0.03093000,2386.92000000
1531882800,1531886399,0.03100000,0.03256000,0.03100000,0.03231000,170701.85000000
1531886400,1531889999,0.03231000,0.03243000,0.03231000,0.03243000,88.25000000
1531890000,1531893599,0.03230000,0.03257000,0.03214000,0.03232000,8826.28000000
1531893600,1531897199,0.03252000,0.03280000,0.03252000,0.03260000,1319.87000000
1531897200,1531900799,0.03285000,0.03285000,0.03214000,0.03214000,17203.37000000
1531900800,1531904399,0.03214000,0.03232000,0.03214000,0.03214000,42559.34000000
1531904400,1531907999,0.03216000,0.03237000,0.03214000,0.03214000,8429.22000000
1531908000,1531911599,0.03214000,0.03243000,0.03214000,0.03214000,4971.09000000
1531911600,1531915199,0.03214000,0.03215000,0.03214000,0.03214000,3723.11000000
1531915200,1531918799,0.03255000,0.03255000,0.03214000,0.03216000,5264.25000000
1531918800,1531922399,0.03216000,0.03237000,0.03214000,0.03214000,4449.26000000
1531922400,1531925999,0.03218000,0.03218000,0.03218000,0.03218000,108.00000000
1531926000,1531929599,0.03218000,0.03240000,0.03218000,0.03240000,937.11000000
1531929600,1531933199,0.03240000,0.03346000,0.03240000,0.03293000,4641.29000000
1531933200,1531936799,0.03293000,0.03340000,0.03271000,0.03282000,1872.81000000
1531936800,1531940399,0.03325000,0.03325000,0.03253000,0.03270000,2356.42000000
1531940400,1531943999,0.03271000,0.03323000,0.03271000,0.03312000,1529.55000000
1531944000,1531947599,0.03307000,0.03338000,0.03287000,0.03287000,8755.40000000
1531947600,1531951199,0.03280000,0.03287000,0.03280000,0.03287000,500.45000000
1531951200,1531954799,0.03310000,0.03347000,0.03310000,0.03331000,3870.01000000
1531954800,1531958399,0.03324000,0.03324000,0.03275000,0.03286000,3732.15000000
1531958400,1531961999,0.03318000,0.03347000,0.03290000,0.03290000,4597.96000000
1531962000,1531965599,0.03286000,0.03286000,0.03267000,0.03267000,343.16000000
1531965600,1531969199,0.03266000,0.03269000,0.03266000,0.03267000,1032.54000000
1531969200,1531972799,0.03255000,0.03255000,0.03232000,0.03232000,429.39000000
1531972800,1531976399,0.03232000,0.03232000,0.03232000,0.03232000,157.03000000
1531976400,1531979999,0.03257000,0.03257000,0.03257000,0.03257000,200.30000000
1531980000,1531983599,0.03257000,0.03257000,0.03257000,0.03257000,0.00000000
1531983600,1531987199,0.03263000,0.03263000,0.03263000,0.03263000,153.00000000
1531987200,1531990799,0.03258000,0.03258000,0.03258000,0.03258000,91.97000000
1531990800,1531994399,0.03223000,0.03248000,0.03214000,0.03248000,6207.42000000
1531994400,1531997999,0.03248000,0.03260000,0.03214000,0.03239000,23506.76000000
1531998000,1532001599,0.03239000,0.03239000,0.03239000,0.03239000,0.00000000
1532001600,1532005199,0.03271000,0.03307000,0.03271000,0.03307000,920.50000000
1532005200,1532008799,0.03307000,0.03367000,0.03307000,0.03363000,1268.50000000
1532008800,1532012399,0.03346000,0.03367000,0.03346000,0.03367000,2268.04000000
1532012400,1532015999,0.03353000,0.03355000,0.03246000,0.03255000,2661.51000000
1532016000,1532019599,0.03291000,0.03291000,0.03279000,0.03279000,81.79000000
1532019600,1532023199,0.03289000,0.03296000,0.03285000,0.03285000,1448.57000000
1532023200,1532026799,0.03254000,0.03269000,0.03254000,0.03269000,1099.00000000
1532026800,1532030399,0.03303000,0.03367000,0.03303000,0.03350000,1643.25000000
1532030400,1532033999,0.03349000,0.03367000,0.03334000,0.03358000,1399.61000000
1532034000,1532037599,0.03358000,0.03358000,0.03303000,0.03303000,771.36000000
1532037600,1532041199,0.03330000,0.03330000,0.03330000,0.03330000,187.00000000
1532041200,1532044799,0.03334000,0.03334000,0.03300000,0.03301000,2327.45000000
1532044800,1532048399,0.03301000,0.03301000,0.03301000,0.03301000,0.00000000
1532048400,1532051999,0.03233000,0.03233000,0.03233000,0.03233000,69.92000000
1532052000,1532055599,0.03228000,0.03228000,0.03228000,0.03228000,63.23000000
1532055600,1532059199,0.03226000,0.03226000,0.03214000,0.03215000,24096.37000000
1532059200,1532062799,0.03214000,0.03214000,0.03214000,0.03214000,14437.38000000
1532062800,1532066399,0.03214000,0.03253000,0.03214000,0.03214000,42168.26000000
1532066400,1532069999,0.03256000,0.03263000,0.03240000,0.03263000,954.93000000
1532070000,1532073599,0.03253000,0.03253000,0.03214000,0.03216000,24884.40000000
1532073600,1532077199,0.03214000,0.03243000,0.03214000,0.03222000,8336.86000000
1532077200,1532080799,0.03231000,0.03237000,0.03214000,0.03214000,60923.84000000
1532080800,1532084399,0.03214000,0.03214000,0.03214000,0.03214000,0.00000000
1532084400,1532087999,0.03218000,0.03218000,0.03214000,0.03214000,474.00000000
1532088000,1532091599,0.03214000,0.03231000,0.03214000,0.03231000,1162.00000000
1532091600,1532095199,0.03245000,0.03267000,0.03236000,0.03267000,3900.53000000
1532095200,1532098799,0.03289000,0.03289000,0.03214000,0.03214000,28212.17000000
1532098800,1532102399,0.03214000,0.03214000,0.03111000,0.03161000,11209.37000000
1532102400,1532105999,0.03165000,0.03251000,0.03150000,0.03182000,4460.49000000
1532106000,1532109599,0.03144000,0.03147000,0.03086000,0.03122000,7658.86000000
1532109600,1532113199,0.03099000,0.03116000,0.03085000,0.03101000,838.59000000
1532113200,1532116799,0.03101000,0.03158000,0.03101000,0.03144000,1023.84000000
1532116800,1532120399,0.03161000,0.03162000,0.03154000,0.03154000,1161.91000000
1532120400,1532123999,0.03153000,0.03154000,0.03153000,0.03154000,757.91000000
1532124000,1532127599,0.03149000,0.03177000,0.03114000,0.03144000,1157.79000000
1532127600,1532131199,0.03130000,0.03130000,0.03085000,0.03085000,359.03000000
1532131200,1532134799,0.03080000,0.03080000,0.03079000,0.03079000,72.99000000
1532134800,1532138399,0.03079000,0.03093000,0.03062000,0.03062000,2879.85000000
1532138400,1532141999,0.03098000,0.03102000,0.03082000,0.03102000,212.88000000
1532142000,1532145599,0.03102000,0.03102000,0.03102000,0.03102000,32.26000000
1532145600,1532149199,0.03102000,0.03111000,0.03102000,0.03111000,274.00000000
1532149200,1532152799,0.03124000,0.03124000,0.03124000,0.03124000,149.92000000
1532152800,1532156399,0.03124000,0.03124000,0.03124000,0.03124000,0.00000000
1532156400,1532159999,0.03116000,0.03116000,0.03106000,0.03106000,126.92000000
1532160000,1532163599,0.03148000,0.03152000,0.03148000,0.03152000,568.64000000
1532163600,1532167199,0.03152000,0.03152000,0.03152000,0.03152000,207.05000000
1532167200,1532170799,0.03158000,0.03174000,0.03155000,0.03174000,204.45000000
1532170800,1532174399,0.03158000,0.03158000,0.03158000,0.03158000,0.99000000
1532174400,1532177999,0.03193000,0.03195000,0.03193000,0.03195000,2603.44000000
1532178000,1532181599,0.03223000,0.03223000,0.03200000,0.03200000,1216.25000000
1532181600,1532185199,0.03190000,0.03217000,0.03190000,0.03217000,487.45000000
1532185200,1532188799,0.03217000,0.03217000,0.03217000,0.03217000,0.00000000
1532188800,1532192399,0.03217000,0.03217000,0.03217000,0.03217000,0.00000000
1532192400,1532195999,0.03200000,0.03242000,0.03188000,0.03188000,719.20000000
1532196000,1532199599,0.03189000,0.03196000,0.03140000,0.03184000,170.55000000
1532199600,1532203199,0.03184000,0.03184000,0.03133000,0.03133000,343.54000000
1532203200,1532206799,0.03179000,0.03179000,0.03161000,0.03179000,1604.69000000
1532206800,1532210399,0.03136000,0.03174000,0.03122000,0.03134000,3.33000000
1532210400,1532213999,0.03113000,0.03113000,0.03113000,0.03113000,420.00000000
1532214000,1532217599,0.03148000,0.03172000,0.03148000,0.03172000,2354.89000000
1532217600,1532221199,0.03159000,0.03160000,0.03159000,0.03160000,621.00000000
1532221200,1532224799,0.03160000,0.03160000,0.03160000,0.03160000,0.00000000
1532224800,1532228399,0.03151000,0.03152000,0.03151000,0.03152000,119.86000000
1532228400,1532231999,0.03150000,0.03150000,0.03102000,0.03102000,413.87000000
1532232000,1532235599,0.03102000,0.03102000,0.03102000,0.03102000,0.00000000
1532235600,1532239199,0.03102000,0.03102000,0.03102000,0.03102000,0.00000000
1532239200,1532242799,0.03102000,0.03102000,0.03102000,0.03102000,0.00000000
1532242800,1532246399,0.03102000,0.03102000,0.03102000,0.03102000,0.00000000
1532246400,1532249999,0.03112000,0.03112000,0.03112000,0.03112000,0.94000000
1532250000,1532253599,0.03100000,0.03100000,0.03100000,0.03100000,0.99000000
1532253600,1532257199,0.03100000,0.03100000,0.03100000,0.03100000,0.00000000
1532257200,1532260799,0.03103000,0.03103000,0.03103000,0.03103000,0.39000000
1532260800,1532264399,0.03102000,0.03102000,0.03102000,0.03102000,0.98000000
1532264400,1532267999,0.03116000,0.03136000,0.03116000,0.03117000,753.86000000
1532268000,1532271599,0.03136000,0.03144000,0.03126000,0.03142000,718.85000000
1532271600,1532275199,0.03152000,0.03152000,0.03148000,0.03148000,703.85000000
1532275200,1532278799,0.03168000,0.03225000,0.03168000,0.03225000,1061.88000000
1532278800,1532282399,0.03215000,0.03215000,0.03215000,0.03215000,155.52000000
1532282400,1532285999,0.03215000,0.03215000,0.03211000,0.03211000,632.42000000
1532286000,1532289599,0.03204000,0.03249000,0.03204000,0.03224000,1376.78000000
1532289600,1532293199,0.03211000,0.03213000,0.03211000,0.03213000,40.43000000
1532293200,1532296799,0.03210000,0.03211000,0.03182000,0.03182000,2010.06000000
1532296800,1532300399,0.03182000,0.03182000,0.03182000,0.03182000,0.00000000
1532300400,1532303999,0.03155000,0.03155000,0.03126000,0.03126000,415.80000000
1532304000,1532307599,0.03112000,0.03155000,0.03099000,0.03155000,2700.52000000
1532307600,1532311199,0.03129000,0.03130000,0.03129000,0.03130000,591.33000000
1532311200,1532314799,0.03119000,0.03156000,0.03119000,0.03149000,2118.90000000
1532314800,1532318399,0.03161000,0.03161000,0.03161000,0.03161000,63.68000000
1532318400,1532321999,0.03161000,0.03161000,0.03161000,0.03161000,0.00000000
1532322000,1532325599,0.03159000,0.03159000,0.03159000,0.03159000,0.05000000
1532325600,1532329199,0.03176000,0.03176000,0.03176000,0.03176000,50.00000000
1532329200,1532332799,0.03220000,0.03220000,0.03181000,0.03181000,162.96000000
1532332800,1532336399,0.03181000,0.03181000,0.03181000,0.03181000,0.00000000
1532336400,1532339999,0.03202000,0.04804000,0.03202000,0.04302000,69053.45000000
1532340000,1532343599,0.04336000,0.04965000,0.03910000,0.04916000,112497.11000000
1532343600,1532347199,0.04913000,0.06300000,0.04750000,0.04848000,268867.99000000
1532347200,1532350799,0.04771000,0.05083000,0.04515000,0.04699000,84136.91000000
1532350800,1532354399,0.04667000,0.04803000,0.04255000,0.04255000,47789.51000000
1532354400,1532357999,0.04271000,0.04326000,0.04139000,0.04145000,30721.68000000
1532358000,1532361599,0.04159000,0.05195000,0.04149000,0.04449000,104758.67000000
1532361600,1532365199,0.04375000,0.04567000,0.04114000,0.04245000,56133.73000000
1532365200,1532368799,0.04252000,0.04451000,0.04150000,0.04198000,45923.89000000
1532368800,1532372399,0.04251000,0.04300000,0.04018000,0.04080000,20813.29000000
1532372400,1532375999,0.04081000,0.04173000,0.04016000,0.04053000,29652.34000000
1532376000,1532379599,0.04115000,0.04315000,0.04064000,0.04165000,36255.95000000
1532379600,1532383199,0.04141000,0.04190000,0.04020000,0.04158000,14519.71000000
1532383200,1532386799,0.04117000,0.04376000,0.04015000,0.04323000,29276.26000000
1532386800,1532390399,0.04297000,0.04336000,0.04104000,0.04204000,13790.32000000
1532390400,1532393999,0.04204000,0.05100000,0.04054000,0.05100000,85478.86000000
1532394000,1532397599,0.05034000,0.05096000,0.04465000,0.04579000,64938.39000000
1532397600,1532401199,0.04542000,0.04821000,0.04309000,0.04397000,42446.96000000
1532401200,1532404799,0.04397000,0.04752000,0.04344000,0.04548000,39009.05000000
1532404800,1532408399,0.04505000,0.04619000,0.04392000,0.04513000,39210.27000000
1532408400,1532411999,0.04536000,0.04621000,0.04193000,0.04272000,31690.66000000
1532412000,1532415599,0.04266000,0.04578000,0.04125000,0.04251000,41314.90000000
1532415600,1532419199,0.04323000,0.04418000,0.04260000,0.04391000,14047.41000000
1532419200,1532422799,0.04391000,0.04433000,0.04287000,0.04407000,13438.79000000
1532422800,1532426399,0.04407000,0.04407000,0.04219000,0.04294000,4289.28000000
1532426400,1532429999,0.04215000,0.04294000,0.04215000,0.04240000,7824.43000000
1532430000,1532433599,0.04218000,0.04348000,0.04076000,0.04209000,15199.39000000
1532433600,1532437199,0.04191000,0.04210000,0.04093000,0.04144000,16238.12000000
1532437200,1532440799,0.04137000,0.04243000,0.04124000,0.04124000,7709.70000000
1532440800,1532444399,0.04124000,0.04124000,0.04017000,0.04029000,14527.61000000
1532444400,1532447999,0.04029000,0.04029000,0.03898000,0.03898000,7498.54000000
1532448000,1532451599,0.03898000,0.03910000,0.03851000,0.03880000,2999.72000000
1532451600,1532455199,0.03847000,0.03896000,0.03839000,0.03839000,5026.22000000
1532455200,1532458799,0.03839000,0.03886000,0.03790000,0.03790000,15751.35000000
1532458800,1532462399,0.03810000,0.03889000,0.03796000,0.03889000,3749.92000000
1532462400,1532465999,0.03893000,0.03966000,0.03850000,0.03909000,8640.58000000
1532466000,1532469599,0.03908000,0.03950000,0.03857000,0.03949000,8826.07000000
1532469600,1532473199,0.03919000,0.03974000,0.03868000,0.03974000,8556.73000000
1532473200,1532476799,0.03981000,0.04012000,0.03957000,0.03971000,4765.54000000
1532476800,1532480399,0.03934000,0.04168000,0.03901000,0.03964000,17803.84000000
1532480400,1532483999,0.03883000,0.03927000,0.03773000,0.03773000,6217.94000000
1532484000,1532487599,0.03722000,0.03757000,0.03606000,0.03698000,24141.83000000
1532487600,1532491199,0.03662000,0.03662000,0.03462000,0.03514000,23899.94000000
1532491200,1532494799,0.03500000,0.03500000,0.03380000,0.03380000,28467.52000000
1532494800,1532498399,0.03420000,0.03508000,0.03420000,0.03421000,12317.34000000
1532498400,1532501999,0.03410000,0.03455000,0.03280000,0.03280000,7252.83000000
1532502000,1532505599,0.03296000,0.03329000,0.03242000,0.03329000,14504.80000000
1532505600,1532509199,0.03305000,0.03310000,0.03248000,0.03264000,4795.35000000
1532509200,1532512799,0.03225000,0.03254000,0.03225000,0.03225000,1359.40000000
1532512800,1532516399,0.03187000,0.03310000,0.03116000,0.03310000,8262.16000000
1532516400,1532519999,0.03279000,0.03300000,0.03224000,0.03235000,6979.02000000
1532520000,1532523599,0.03258000,0.03285000,0.03229000,0.03230000,1992.51000000
1532523600,1532527199,0.03229000,0.03319000,0.03228000,0.03233000,23854.70000000
1532527200,1532530799,0.03233000,0.03292000,0.03219000,0.03240000,2741.42000000
1532530800,1532534399,0.03240000,0.03247000,0.03230000,0.03247000,240.10000000
1532534400,1532537999,0.03247000,0.03247000,0.03247000,0.03247000,73.00000000
1532538000,1532541599,0.03260000,0.03304000,0.03260000,0.03304000,1807.87000000
1532541600,1532545199,0.03331000,0.03432000,0.03328000,0.03413000,5535.37000000
1532545200,1532548799,0.03386000,0.03386000,0.03341000,0.03341000,440.10000000
1532548800,1532552399,0.03348000,0.03408000,0.03348000,0.03408000,1582.90000000
1532552400,1532555999,0.03413000,0.03440000,0.03382000,0.03400000,546.40000000
1532556000,1532559599,0.03400000,0.03400000,0.03336000,0.03336000,5262.71000000
1532559600,1532563199,0.03371000,0.03371000,0.03295000,0.03295000,11515.77000000
1532563200,1532566799,0.03300000,0.03352000,0.03287000,0.03352000,17956.55000000
1532566800,1532570399,0.03355000,0.03358000,0.03266000,0.03266000,11280.61000000
1532570400,1532573999,0.03282000,0.03282000,0.03230000,0.03272000,2412.43000000
1532574000,1532577599,0.03265000,0.03316000,0.03265000,0.03315000,4942.45000000
1532577600,1532581199,0.03316000,0.03338000,0.03316000,0.03338000,982.26000000
1532581200,1532584799,0.03338000,0.03338000,0.03338000,0.03338000,0.00000000
1532584800,1532588399,0.03296000,0.03296000,0.03296000,0.03296000,0.40000000
1532588400,1532591999,0.03320000,0.03357000,0.03320000,0.03357000,246.26000000
1532592000,1532595599,0.03265000,0.03265000,0.03265000,0.03265000,0.10000000
1532595600,1532599199,0.03300000,0.03300000,0.03300000,0.03300000,40.30000000
1532599200,1532602799,0.03299000,0.03304000,0.03268000,0.03268000,13445.89000000
1532602800,1532606399,0.03291000,0.03291000,0.03291000,0.03291000,83.51000000
1532606400,1532609999,0.03340000,0.03341000,0.03271000,0.03290000,1090.60000000
1532610000,1532613599,0.03292000,0.03292000,0.03258000,0.03258000,1494.42000000
1532613600,1532617199,0.03228000,0.03240000,0.03210000,0.03210000,10010.47000000
1532617200,1532620799,0.03210000,0.03210000,0.03144000,0.03161000,13411.10000000
1532620800,1532624399,0.03161000,0.03165000,0.03161000,0.03165000,2629.00000000
1532624400,1532627999,0.03163000,0.03163000,0.03146000,0.03146000,229.40000000
1532628000,1532631599,0.03207000,0.03215000,0.03201000,0.03201000,770.90000000
1532631600,1532635199,0.03201000,0.03201000,0.03201000,0.03201000,0.00000000
1532635200,1532638799,0.03201000,0.03224000,0.03172000,0.03224000,874.20000000
1532638800,1532642399,0.03154000,0.03165000,0.03117000,0.03150000,3670.04000000
1532642400,1532645999,0.03132000,0.03132000,0.03069000,0.03069000,1994.08000000
1532646000,1532649599,0.03076000,0.03107000,0.03034000,0.03035000,1656.43000000
1532649600,1532653199,0.03055000,0.03117000,0.03014000,0.03042000,25310.59000000
1532653200,1532656799,0.03046000,0.03077000,0.03046000,0.03077000,571.57000000
1532656800,1532660399,0.03070000,0.03070000,0.03070000,0.03070000,855.60000000
1532660400,1532663999,0.03042000,0.03042000,0.02999000,0.02999000,2130.76000000
1532664000,1532667599,0.03037000,0.03037000,0.03037000,0.03037000,35.00000000
1532667600,1532671199,0.03015000,0.03015000,0.02953000,0.02953000,17723.46000000
1532671200,1532674799,0.02931000,0.02938000,0.02931000,0.02938000,664.80000000
1532674800,1532678399,0.02929000,0.02929000,0.02904000,0.02904000,232.40000000
1532678400,1532681999,0.02903000,0.02903000,0.02843000,0.02864000,1590.55000000
1532682000,1532685599,0.02871000,0.02872000,0.02831000,0.02831000,6925.42000000
1532685600,1532689199,0.02832000,0.02857000,0.02831000,0.02842000,1137.45000000
1532689200,1532692799,0.02807000,0.02818000,0.02800000,0.02800000,623.55000000
1532692800,1532696399,0.02783000,0.02825000,0.02766000,0.02825000,394.38000000
1532696400,1532699999,0.02793000,0.02812000,0.02792000,0.02794000,442.92000000
1532700000,1532703599,0.02821000,0.02898000,0.02821000,0.02898000,7262.80000000
1532703600,1532707199,0.02915000,0.02915000,0.02880000,0.02880000,757.31000000
1532707200,1532710799,0.02875000,0.02927000,0.02862000,0.02905000,5217.01000000
1532710800,1532714399,0.02905000,0.02905000,0.02905000,0.02905000,0.00000000
1532714400,1532717999,0.02927000,0.02927000,0.02920000,0.02920000,6909.53000000
1532718000,1532721599,0.02920000,0.02920000,0.02899000,0.02899000,6267.57000000
1532721600,1532725199,0.02893000,0.02893000,0.02893000,0.02893000,0.11000000
1532725200,1532728799,0.02893000,0.02893000,0.02882000,0.02882000,145.50000000
1532728800,1532732399,0.02882000,0.02899000,0.02882000,0.02899000,35.40000000
1532732400,1532735999,0.02924000,0.02924000,0.02843000,0.02843000,433.91000000
1532736000,1532739599,0.02875000,0.02875000,0.02843000,0.02858000,783.83000000
1532739600,1532743199,0.02858000,0.02873000,0.02833000,0.02872000,401.85000000
1532743200,1532746799,0.02831000,0.02841000,0.02807000,0.02841000,3319.90000000
1532746800,1532750399,0.02841000,0.02841000,0.02815000,0.02815000,324.29000000
1532750400,1532753999,0.02815000,0.02816000,0.02810000,0.02810000,6254.56000000
1532754000,1532757599,0.02810000,0.02816000,0.02806000,0.02806000,12566.91000000
1532757600,1532761199,0.02806000,0.02806000,0.02790000,0.02790000,26565.22000000
1532761200,1532764799,0.02772000,0.02772000,0.02760000,0.02760000,192.76000000
1532764800,1532768399,0.02734000,0.02734000,0.02723000,0.02723000,181.57000000
1532768400,1532771999,0.02687000,0.02734000,0.02682000,0.02734000,4361.25000000
1532772000,1532775599,0.02757000,0.02766000,0.02707000,0.02707000,8837.68000000
1532775600,1532779199,0.02707000,0.02725000,0.02698000,0.02725000,2792.51000000
1532779200,1532782799,0.02698000,0.02698000,0.02680000,0.02680000,2195.96000000
1532782800,1532786399,0.02650000,0.02650000,0.02625000,0.02625000,200.16000000
1532786400,1532789999,0.02625000,0.02642000,0.02605000,0.02611000,1855.43000000
1532790000,1532793599,0.02620000,0.02620000,0.02596000,0.02596000,13056.16000000
1532793600,1532797199,0.02622000,0.02649000,0.02622000,0.02649000,567.43000000
1532797200,1532800799,0.02665000,0.02675000,0.02665000,0.02675000,270.93000000
1532800800,1532804399,0.02675000,0.02696000,0.02659000,0.02696000,1919.73000000
1532804400,1532807999,0.02696000,0.02702000,0.02696000,0.02702000,5583.73000000
1532808000,1532811599,0.02655000,0.02655000,0.02654000,0.02654000,1657.00000000
1532811600,1532815199,0.02637000,0.02637000,0.02637000,0.02637000,383.02000000
1532815200,1532818799,0.02637000,0.02637000,0.02637000,0.02637000,0.00000000
1532818800,1532822399,0.02672000,0.02672000,0.02672000,0.02672000,167.50000000
1532822400,1532825999,0.02717000,0.02809000,0.02703000,0.02766000,10619.81000000
1532826000,1532829599,0.02809000,0.02900000,0.02809000,0.02895000,14397.57000000
1532829600,1532833199,0.02887000,0.02887000,0.02809000,0.02845000,8587.34000000
1532833200,1532836799,0.02845000,0.02845000,0.02845000,0.02845000,0.00000000
1532836800,1532840399,0.02845000,0.02845000,0.02845000,0.02845000,0.00000000
1532840400,1532843999,0.02792000,0.02793000,0.02792000,0.02793000,1711.00000000
1532844000,1532847599,0.02792000,0.02792000,0.02792000,0.02792000,23.00000000
1532847600,1532851199,0.02758000,0.02811000,0.02717000,0.02811000,8348.54000000
1532851200,1532854799,0.02819000,0.02819000,0.02757000,0.02770000,3497.42000000
1532854800,1532858399,0.02786000,0.02786000,0.02786000,0.02786000,493.90000000
1532858400,1532861999,0.02896000,0.02929000,0.02886000,0.02929000,497.95000000
1532862000,1532865599,0.02900000,0.02959000,0.02899000,0.02959000,24612.48000000
1532865600,1532869199,0.02988000,0.03060000,0.02914000,0.02950000,12010.98000000
1532869200,1532872799,0.02953000,0.02953000,0.02952000,0.02952000,112.68000000
1532872800,1532876399,0.02974000,0.02999000,0.02974000,0.02999000,8218.56000000
1532876400,1532879999,0.02982000,0.03004000,0.02930000,0.02957000,11107.59000000
1532880000,1532883599,0.02960000,0.02960000,0.02908000,0.02908000,1107.40000000
1532883600,1532887199,0.02921000,0.02954000,0.02918000,0.02928000,2994.31000000
1532887200,1532890799,0.02959000,0.02959000,0.02949000,0.02949000,101.88000000
1532890800,1532894399,0.02986000,0.02988000,0.02890000,0.02890000,3268.67000000
1532894400,1532897999,0.02902000,0.02902000,0.02902000,0.02902000,0.30000000
1532898000,1532901599,0.02908000,0.03012000,0.02908000,0.02991000,10409.14000000
1532901600,1532905199,0.03015000,0.03090000,0.02987000,0.03015000,27959.18000000
1532905200,1532908799,0.02990000,0.03013000,0.02939000,0.02939000,3677.45000000
1532908800,1532912399,0.02932000,0.02988000,0.02905000,0.02988000,5269.55000000
1532912400,1532915999,0.02988000,0.02988000,0.02988000,0.02988000,0.00000000
1532916000,1532919599,0.03040000,0.03040000,0.03040000,0.03040000,0.30000000
1532919600,1532923199,0.03043000,0.03074000,0.03005000,0.03005000,20583.81000000
1532923200,1532926799,0.03024000,0.03074000,0.03024000,0.03045000,34.15000000
1532926800,1532930399,0.03018000,0.03032000,0.02945000,0.02987000,693.67000000
1532930400,1532933999,0.02985000,0.02985000,0.02933000,0.02933000,1516.65000000
1532934000,1532937599,0.02963000,0.03003000,0.02947000,0.02961000,51.31000000
1532937600,1532941199,0.02988000,0.02993000,0.02960000,0.02982000,1691.06000000
1532941200,1532944799,0.02934000,0.02964000,0.02904000,0.02915000,388.22000000
1532944800,1532948399,0.02904000,0.02904000,0.02847000,0.02874000,513.03000000
1532948400,1532951999,0.02849000,0.02849000,0.02849000,0.02849000,0.80000000
1532952000,1532955599,0.02864000,0.02865000,0.02841000,0.02862000,196.54000000
1532955600,1532959199,0.02841000,0.02896000,0.02841000,0.02842000,2261.66000000
1532959200,1532962799,0.02904000,0.02904000,0.02904000,0.02904000,1107.34000000
1532962800,1532966399,0.02878000,0.02878000,0.02878000,0.02878000,39.94000000
1532966400,1532969999,0.02899000,0.02923000,0.02899000,0.02901000,183.22000000
1532970000,1532973599,0.02889000,0.02893000,0.02836000,0.02893000,5865.57000000
1532973600,1532977199,0.02900000,0.02900000,0.02836000,0.02883000,187.73000000
1532977200,1532980799,0.02883000,0.02922000,0.02850000,0.02922000,1844.08000000
1532980800,1532984399,0.02922000,0.02922000,0.02906000,0.02906000,868.73000000
1532984400,1532987999,0.02950000,0.02950000,0.02907000,0.02950000,1149.13000000
1532988000,1532991599,0.02932000,0.02932000,0.02899000,0.02929000,5759.40000000
1532991600,1532995199,0.02928000,0.02928000,0.02928000,0.02928000,2.20000000
1532995200,1532998799,0.02920000,0.03050000,0.02920000,0.02945000,5599.58000000
1532998800,1533002399,0.02955000,0.02994000,0.02941000,0.02960000,2.08000000
1533002400,1533005999,0.02961000,0.02987000,0.02935000,0.02983000,1772.98000000
1533006000,1533009599,0.02913000,0.02958000,0.02913000,0.02958000,1433.13000000
1533009600,1533013199,0.02915000,0.02952000,0.02897000,0.02912000,2497.10000000
1533013200,1533016799,0.02859000,0.02885000,0.02824000,0.02824000,3588.48000000
1533016800,1533020399,0.02852000,0.02858000,0.02805000,0.02805000,7685.40000000
1533020400,1533023999,0.02805000,0.02852000,0.02753000,0.02755000,5863.20000000
1533024000,1533027599,0.02726000,0.02759000,0.02726000,0.02759000,746.40000000
1533027600,1533031199,0.02684000,0.02684000,0.02618000,0.02618000,12358.50000000
1533031200,1533034799,0.02618000,0.02618000,0.02618000,0.02618000,0.00000000
1533034800,1533038399,0.02622000,0.02622000,0.02622000,0.02622000,91.50000000
1533038400,1533041999,0.02602000,0.02634000,0.02532000,0.02532000,5400.00000000
1533042000,1533045599,0.02532000,0.02532000,0.02500000,0.02500000,13737.50000000
1533045600,1533049199,0.02526000,0.02526000,0.02454000,0.02454000,1542.80000000
1533049200,1533052799,0.02455000,0.02492000,0.02452000,0.02452000,391.00000000
1533052800,1533056399,0.02476000,0.02528000,0.02475000,0.02528000,10610.30000000
1533056400,1533059999,0.02528000,0.02528000,0.02528000,0.02528000,0.00000000
1533060000,1533063599,0.02528000,0.02528000,0.02507000,0.02507000,1143.00000000
1533063600,1533067199,0.02518000,0.02519000,0.02481000,0.02518000,95.80000000
1533067200,1533070799,0.02493000,0.02496000,0.02486000,0.02488000,100.70000000
1533070800,1533074399,0.02488000,0.02488000,0.02488000,0.02488000,294.10000000
1533074400,1533077999,0.02441000,0.02453000,0.02410000,0.02453000,637.50000000
1533078000,1533081599,0.02447000,0.02447000,0.02400000,0.02436000,6865.50000000
1533081600,1533085199,0.02484000,0.02484000,0.02434000,0.02434000,6382.10000000
1533085200,1533088799,0.02394000,0.02394000,0.02336000,0.02336000,7076.50000000
1533088800,1533092399,0.02328000,0.02328000,0.02279000,0.02279000,12369.78000000
1533092400,1533095999,0.02296000,0.02313000,0.02283000,0.02294000,1206.40000000
1533096000,1533099599,0.02341000,0.02360000,0.02314000,0.02360000,1074.10000000
1533099600,1533103199,0.02360000,0.02392000,0.02360000,0.02360000,381.10000000
1533103200,1533106799,0.02383000,0.02408000,0.02383000,0.02408000,387.70000000
1533106800,1533110399,0.02416000,0.02416000,0.02378000,0.02378000,1041.80000000
1533110400,1533113999,0.02383000,0.02460000,0.02379000,0.02459000,2106.80000000
1533114000,1533117599,0.02398000,0.02411000,0.02398000,0.02406000,2646.40000000
1533117600,1533121199,0.02388000,0.02388000,0.02353000,0.02353000,10881.90000000
1533121200,1533124799,0.02346000,0.02351000,0.02346000,0.02346000,442.80000000
1533124800,1533128399,0.02368000,0.02368000,0.02368000,0.02368000,402.20000000
1533128400,1533131999,0.02364000,0.02376000,0.02355000,0.02367000,2294.50000000
1533132000,1533135599,0.02386000,0.02386000,0.02370000,0.02370000,405.90000000
1533135600,1533139199,0.02370000,0.02381000,0.02362000,0.02370000,871.20000000
1533139200,1533142799,0.02381000,0.02381000,0.02362000,0.02362000,266.50000000
1533142800,1533146399,0.02351000,0.02369000,0.02351000,0.02369000,1228.20000000
1533146400,1533149999,0.02369000,0.02369000,0.02369000,0.02369000,0.00000000
1533150000,1533153599,0.02371000,0.02385000,0.02371000,0.02378000,0.90000000
1533153600,1533157199,0.02363000,0.02363000,0.02327000,0.02327000,1507.60000000
1533157200,1533160799,0.02320000,0.02326000,0.02305000,0.02305000,7029.90000000
1533160800,1533164399,0.02331000,0.02331000,0.02331000,0.02331000,68.00000000
1533164400,1533167999,0.02368000,0.02368000,0.02333000,0.02345000,5645.10000000
1533168000,1533171599,0.02350000,0.02350000,0.02350000,0.02350000,0.50000000
1533171600,1533175199,0.02350000,0.02366000,0.02340000,0.02366000,1385.00000000
1533175200,1533178799,0.02333000,0.02366000,0.02333000,0.02366000,235.90000000
1533178800,1533182399,0.02366000,0.02366000,0.02366000,0.02366000,0.00000000
1533182400,1533185999,0.02367000,0.02367000,0.02361000,0.02361000,1567.70000000
1533186000,1533189599,0.02420000,0.02423000,0.02420000,0.02423000,4191.10000000
1533189600,1533193199,0.02447000,0.02489000,0.02447000,0.02489000,1549.80000000
1533193200,1533196799,0.02554000,0.02554000,0.02489000,0.02489000,4517.60000000
1533196800,1533200399,0.02492000,0.02493000,0.02445000,0.02446000,8875.60000000
1533200400,1533203999,0.02417000,0.02435000,0.02361000,0.02361000,4123.60000000
1533204000,1533207599,0.02361000,0.02361000,0.02361000,0.02361000,0.00000000
1533207600,1533211199,0.02337000,0.02337000,0.02337000,0.02337000,78.40000000
1533211200,1533214799,0.02315000,0.02315000,0.02288000,0.02288000,1432.00000000
1533214800,1533218399,0.02288000,0.02288000,0.02288000,0.02288000,0.00000000
1533218400,1533221999,0.02300000,0.02300000,0.02282000,0.02282000,6276.10000000
1533222000,1533225599,0.02271000,0.02282000,0.02271000,0.02282000,188.30000000
1533225600,1533229199,0.02250000,0.02264000,0.02250000,0.02264000,2551.30000000
1533229200,1533232799,0.02250000,0.02251000,0.02250000,0.02251000,324.00000000
1533232800,1533236399,0.02251000,0.02251000,0.02251000,0.02251000,45.00000000
1533236400,1533239999,0.02260000,0.02297000,0.02260000,0.02297000,731.40000000
1533240000,1533243599,0.02297000,0.02297000,0.02297000,0.02297000,0.00000000
1533243600,1533247199,0.02297000,0.02297000,0.02297000,0.02297000,0.00000000
1533247200,1533250799,0.02297000,0.02297000,0.02297000,0.02297000,0.00000000
1533250800,1533254399,0.02286000,0.02286000,0.02211000,0.02211000,15854.60000000
1533254400,1533257999,0.02217000,0.02217000,0.02160000,0.02160000,4018.30000000
1533258000,1533261599,0.02122000,0.02160000,0.02122000,0.02122000,4652.10000000
1533261600,1533265199,0.02142000,0.02183000,0.02105000,0.02105000,5956.40000000
1533265200,1533268799,0.02129000,0.02129000,0.02064000,0.02078000,3561.40000000
1533268800,1533272399,0.02077000,0.02083000,0.02077000,0.02083000,609.40000000
1533272400,1533275999,0.02127000,0.02127000,0.02127000,0.02127000,1749.20000000
1533276000,1533279599,0.02100000,0.02133000,0.02100000,0.02130000,13233.40000000
1533279600,1533283199,0.02068000,0.02068000,0.02056000,0.02056000,380.70000000
1533283200,1533286799,0.02104000,0.02119000,0.02080000,0.02080000,2534.50000000
1533286800,1533290399,0.02075000,0.02082000,0.02039000,0.02076000,998.43000000
1533290400,1533293999,0.02076000,0.02093000,0.02076000,0.02093000,830.00000000
1533294000,1533297599,0.02093000,0.02093000,0.02093000,0.02093000,0.00000000
1533297600,1533301199,0.02088000,0.02118000,0.02088000,0.02118000,1531.50000000
1533301200,1533304799,0.02102000,0.02102000,0.02102000,0.02102000,0.50000000
1533304800,1533308399,0.02136000,0.02159000,0.02126000,0.02126000,472.90000000
1533308400,1533311999,0.02148000,0.02148000,0.02148000,0.02148000,894.00000000
1533312000,1533315599,0.02151000,0.02200000,0.02151000,0.02200000,795.80000000
1533315600,1533319199,0.02221000,0.02277000,0.02168000,0.02277000,6771.80000000
1533319200,1533322799,0.02230000,0.02317000,0.02209000,0.02276000,6367.50000000
1533322800,1533326399,0.02218000,0.02218000,0.02197000,0.02197000,850.20000000
1533326400,1533329999,0.02168000,0.02168000,0.02148000,0.02148000,1181.90000000
1533330000,1533333599,0.02131000,0.02165000,0.02131000,0.02165000,244.10000000
1533333600,1533337199,0.02155000,0.02189000,0.02155000,0.02189000,5396.00000000
1533337200,1533340799,0.02190000,0.02190000,0.02145000,0.02161000,729.30000000
1533340800,1533344399,0.02127000,0.02127000,0.02127000,0.02127000,192.40000000
1533344400,1533347999,0.02151000,0.02244000,0.02151000,0.02244000,2605.20000000
1533348000,1533351599,0.02227000,0.02227000,0.02151000,0.02151000,5635.00000000
1533351600,1533355199,0.02151000,0.02151000,0.02151000,0.02151000,0.00000000
1533355200,1533358799,0.02151000,0.02151000,0.02116000,0.02119000,423.80000000
1533358800,1533362399,0.02149000,0.02157000,0.02149000,0.02157000,49.20000000
1533362400,1533365999,0.02168000,0.02168000,0.02168000,0.02168000,97.60000000
1533366000,1533369599,0.02169000,0.02169000,0.02169000,0.02169000,683.50000000
1533369600,1533373199,0.02139000,0.02139000,0.02124000,0.02124000,48.50000000
1533373200,1533376799,0.02168000,0.02168000,0.02146000,0.02146000,100.00000000
1533376800,1533380399,0.02124000,0.02124000,0.02080000,0.02100000,1230.90000000
1533380400,1533383999,0.02075000,0.02095000,0.02075000,0.02092000,5.20000000
1533384000,1533387599,0.02091000,0.02106000,0.02091000,0.02106000,5765.40000000
1533387600,1533391199,0.02097000,0.02097000,0.02075000,0.02075000,1000.70000000
1533391200,1533394799,0.02076000,0.02076000,0.02014000,0.02034000,1855.10000000
1533394800,1533398399,0.02048000,0.02062000,0.02025000,0.02057000,10092.00000000
1533398400,1533401999,0.02057000,0.02057000,0.02057000,0.02057000,12228.60000000
1533402000,1533405599,0.02082000,0.02082000,0.02082000,0.02082000,185.50000000
1533405600,1533409199,0.02082000,0.02082000,0.02082000,0.02082000,0.00000000
1533409200,1533412799,0.02082000,0.02082000,0.02082000,0.02082000,0.00000000
1533412800,1533416399,0.02064000,0.02064000,0.02064000,0.02064000,0.90000000
1533416400,1533419999,0.02071000,0.02071000,0.02041000,0.02041000,117.60000000
1533420000,1533423599,0.02088000,0.02088000,0.02088000,0.02088000,501.60000000
1533423600,1533427199,0.02088000,0.02088000,0.02088000,0.02088000,0.00000000
1533427200,1533430799,0.02070000,0.02070000,0.02070000,0.02070000,1421.10000000
1533430800,1533434399,0.02088000,0.02099000,0.02088000,0.02099000,631.00000000
1533434400,1533437999,0.02099000,0.02099000,0.02099000,0.02099000,0.00000000
1533438000,1533441599,0.02099000,0.02099000,0.02099000,0.02099000,0.00000000
1533441600,1533445199,0.02099000,0.02099000,0.02099000,0.02099000,0.00000000
1533445200,1533448799,0.02099000,0.02099000,0.02099000,0.02099000,0.00000000
1533448800,1533452399,0.02123000,0.02134000,0.02106000,0.02134000,1610.20000000
1533452400,1533455999,0.02157000,0.02214000,0.02157000,0.02157000,518.60000000
1533456000,1533459599,0.02157000,0.02157000,0.02157000,0.02157000,0.00000000
1533459600,1533463199,0.02157000,0.02157000,0.02157000,0.02157000,0.00000000
1533463200,1533466799,0.02157000,0.02157000,0.02157000,0.02157000,0.00000000
1533466800,1533470399,0.02150000,0.02150000,0.02150000,0.02150000,94.90000000
1533470400,1533473999,0.02150000,0.02150000,0.02150000,0.02150000,0.00000000
1533474000,1533477599,0.02150000,0.02150000,0.02150000,0.02150000,0.00000000
1533477600,1533481199,0.02148000,0.02148000,0.02148000,0.02148000,0.70000000
1533481200,1533484799,0.02147000,0.02147000,0.02141000,0.02145000,2.10000000
1533484800,1533488399,0.02145000,0.02145000,0.02145000,0.02145000,0.00000000
1533488400,1533491999,0.02145000,0.02145000,0.02145000,0.02145000,0.00000000
1533492000,1533495599,0.02145000,0.02145000,0.02145000,0.02145000,0.00000000
1533495600,1533499199,0.02145000,0.02145000,0.02145000,0.02145000,0.00000000
1533499200,1533502799,0.02145000,0.02145000,0.02145000,0.02145000,0.00000000
1533502800,1533506399,0.02166000,0.02200000,0.02166000,0.02200000,5896.60000000
1533506400,1533509999,0.02218000,0.02218000,0.02208000,0.02208000,8395.90000000
1533510000,1533513599,0.02226000,0.02226000,0.02226000,0.02226000,1453.00000000
1533513600,1533517199,0.02226000,0.02226000,0.02226000,0.02226000,0.00000000
1533517200,1533520799,0.02226000,0.02226000,0.02226000,0.02226000,0.00000000
1533520800,1533524399,0.02226000,0.02226000,0.02226000,0.02226000,0.00000000
1533524400,1533527999,0.02226000,0.02226000,0.02226000,0.02226000,0.00000000
1533528000,1533531599,0.02246000,0.02288000,0.02246000,0.02288000,3100.60000000
1533531600,1533535199,0.02247000,0.02247000,0.02247000,0.02247000,2946.90000000
1533535200,1533538799,0.02249000,0.02249000,0.02249000,0.02249000,2700.00000000
1533538800,1533542399,0.02230000,0.02230000,0.02230000,0.02230000,2942.70000000
1533542400,1533545999,0.02230000,0.02230000,0.02230000,0.02230000,0.00000000
1533546000,1533549599,0.02234000,0.02234000,0.02234000,0.02234000,1444.00000000
1533549600,1533553199,0.02234000,0.02234000,0.02234000,0.02234000,0.00000000
1533553200,1533556799,0.02218000,0.02218000,0.02218000,0.02218000,263.00000000
1533556800,1533560399,0.02218000,0.02218000,0.02218000,0.02218000,0.00000000
1533560400,1533563999,0.02218000,0.02218000,0.02218000,0.02218000,675.00000000
1533564000,1533567599,0.02218000,0.02218000,0.02218000,0.02218000,0.00000000
1533567600,1533571199,0.02219000,0.02219000,0.02219000,0.02219000,147.60000000
1533571200,1533574799,0.02231000,0.02231000,0.02199000,0.02199000,1182.80000000
1533574800,1533578399,0.02226000,0.02226000,0.02204000,0.02204000,230.90000000
1533578400,1533581999,0.02204000,0.02204000,0.02204000,0.02204000,233.60000000
1533582000,1533585599,0.02218000,0.02218000,0.02218000,0.02218000,153.00000000
1533585600,1533589199,0.02218000,0.02230000,0.02203000,0.02230000,2401.80000000
1533589200,1533592799,0.02228000,0.02230000,0.02228000,0.02230000,5533.50000000
1533592800,1533596399,0.02230000,0.02230000,0.02230000,0.02230000,0.00000000
1533596400,1533599999,0.02193000,0.02193000,0.02147000,0.02169000,4350.50000000
1533600000,1533603599,0.02155000,0.02155000,0.02142000,0.02147000,2204.50000000
1533603600,1533607199,0.02141000,0.02141000,0.02133000,0.02133000,487.60000000
1533607200,1533610799,0.02127000,0.02127000,0.02113000,0.02113000,380.00000000
1533610800,1533614399,0.02113000,0.02113000,0.02113000,0.02113000,0.00000000
1533614400,1533617999,0.02097000,0.02097000,0.02096000,0.02096000,5527.90000000
1533618000,1533621599,0.02106000,0.02106000,0.02088000,0.02088000,1257.70000000
1533621600,1533625199,0.02106000,0.02123000,0.02106000,0.02123000,339.40000000
1533625200,1533628799,0.02110000,0.02110000,0.02110000,0.02110000,0.20000000
1533628800,1533632399,0.02155000,0.02155000,0.02155000,0.02155000,5.80000000
1533632400,1533635999,0.02172000,0.02172000,0.02148000,0.02148000,1942.40000000
1533636000,1533639599,0.02148000,0.02148000,0.02148000,0.02148000,2.00000000
1533639600,1533643199,0.02148000,0.02148000,0.02122000,0.02122000,220.40000000
1533643200,1533646799,0.02129000,0.02129000,0.02129000,0.02129000,103.70000000
1533646800,1533650399,0.02161000,0.02161000,0.02161000,0.02161000,1414.60000000
1533650400,1533653999,0.02121000,0.02121000,0.02121000,0.02121000,0.90000000
1533654000,1533657599,0.02163000,0.02163000,0.02149000,0.02149000,4022.00000000
1533657600,1533661199,0.02149000,0.02149000,0.02149000,0.02149000,0.00000000
1533661200,1533664799,0.02185000,0.02196000,0.02185000,0.02196000,166.00000000
1533664800,1533668399,0.02196000,0.02196000,0.02196000,0.02196000,0.00000000
1533668400,1533671999,0.02227000,0.02227000,0.02163000,0.02163000,516.70000000
1533672000,1533675599,0.02130000,0.02130000,0.02090000,0.02090000,717.20000000
1533675600,1533679199,0.02088000,0.02088000,0.02052000,0.02065000,5220.70000000
1533679200,1533682799,0.02050000,0.02088000,0.02050000,0.02088000,552.20000000
1533682800,1533686399,0.02126000,0.02126000,0.02073000,0.02097000,409.50000000
1533686400,1533689999,0.02097000,0.02153000,0.02095000,0.02095000,222.90000000
1533690000,1533693599,0.02075000,0.02075000,0.02075000,0.02075000,50.00000000
1533693600,1533697199,0.02050000,0.02050000,0.02010000,0.02012000,16310.90000000
1533697200,1533700799,0.02012000,0.02012000,0.02012000,0.02012000,0.00000000
1533700800,1533704399,0.02054000,0.02054000,0.02054000,0.02054000,51.10000000
1533704400,1533707999,0.02032000,0.02040000,0.02010000,0.02040000,13830.51000000
1533708000,1533711599,0.02017000,0.02017000,0.02017000,0.02017000,250.50000000
1533711600,1533715199,0.02017000,0.02017000,0.02017000,0.02017000,0.00000000
1533715200,1533718799,0.02017000,0.02017000,0.02017000,0.02017000,0.00000000
1533718800,1533722399,0.02017000,0.02017000,0.02017000,0.02017000,0.00000000
1533722400,1533725999,0.02049000,0.02049000,0.02007000,0.02007000,12.90000000
1533726000,1533729599,0.02034000,0.02034000,0.02034000,0.02034000,0.50000000
1533729600,1533733199,0.02001000,0.02011000,0.02000000,0.02000000,904.70000000
1533733200,1533736799,0.02018000,0.02032000,0.01999000,0.02032000,2416.00000000
1533736800,1533740399,0.02009000,0.02009000,0.01985000,0.01985000,1362.70000000
1533740400,1533743999,0.01956000,0.01956000,0.01956000,0.01956000,46.00000000
1533744000,1533747599,0.01968000,0.01970000,0.01887000,0.01911000,2271.68000000
1533747600,1533751199,0.01924000,0.01924000,0.01924000,0.01924000,158.00000000
1533751200,1533754799,0.01921000,0.01946000,0.01911000,0.01920000,3915.80000000
1533754800,1533758399,0.01924000,0.01977000,0.01924000,0.01977000,57.70000000
1533758400,1533761999,0.01977000,0.01977000,0.01977000,0.01977000,0.00000000
1533762000,1533765599,0.01927000,0.01927000,0.01927000,0.01927000,111.90000000
1533765600,1533769199,0.01927000,0.01927000,0.01927000,0.01927000,304.00000000
1533769200,1533772799,0.01932000,0.01932000,0.01932000,0.01932000,1.70000000
1533772800,1533776399,0.01917000,0.01925000,0.01917000,0.01925000,110.90000000
1533776400,1533779999,0.01925000,0.01925000,0.01925000,0.01925000,0.00000000
1533780000,1533783599,0.01925000,0.01925000,0.01925000,0.01925000,0.00000000
1533783600,1533787199,0.01926000,0.01944000,0.01925000,0.01944000,3565.20000000
1533787200,1533790799,0.01944000,0.01944000,0.01944000,0.01944000,0.00000000
1533790800,1533794399,0.01944000,0.01944000,0.01944000,0.01944000,0.00000000
1533794400,1533797999,0.01932000,0.01932000,0.01932000,0.01932000,72.90000000
1533798000,1533801599,0.01932000,0.01932000,0.01904000,0.01904000,9715.00000000
1533801600,1533805199,0.01904000,0.01905000,0.01900000,0.01900000,13584.20000000
1533805200,1533808799,0.01901000,0.01901000,0.01900000,0.01900000,3962.10000000
1533808800,1533812399,0.01900000,0.01900000,0.01900000,0.01900000,0.60000000
1533812400,1533815999,0.01926000,0.01926000,0.01876000,0.01876000,232.60000000
1533816000,1533819599,0.01889000,0.01889000,0.01882000,0.01882000,1294.10000000
1533819600,1533823199,0.01887000,0.01916000,0.01832000,0.01916000,1995.50000000
1533823200,1533826799,0.01916000,0.01916000,0.01916000,0.01916000,0.00000000
1533826800,1533830399,0.01916000,0.01916000,0.01916000,0.01916000,0.00000000
1533830400,1533833999,0.01916000,0.01916000,0.01916000,0.01916000,0.00000000
1533834000,1533837599,0.01916000,0.01916000,0.01916000,0.01916000,0.00000000
1533837600,1533841199,0.01970000,0.01973000,0.01970000,0.01973000,993.70000000
1533841200,1533844799,0.01960000,0.01960000,0.01960000,0.01960000,0.90000000
1533844800,1533848399,0.01960000,0.01960000,0.01960000,0.01960000,0.00000000
1533848400,1533851999,0.02001000,0.02001000,0.01974000,0.01974000,6914.30000000
1533852000,1533855599,0.01974000,0.01974000,0.01974000,0.01974000,0.00000000
1533855600,1533859199,0.01948000,0.01948000,0.01923000,0.01923000,942.60000000
1533859200,1533862799,0.01951000,0.01954000,0.01951000,0.01954000,313.60000000
1533862800,1533866399,0.01954000,0.01954000,0.01954000,0.01954000,0.00000000
1533866400,1533869999,0.01954000,0.01954000,0.01954000,0.01954000,0.00000000
1533870000,1533873599,0.01954000,0.01954000,0.01954000,0.01954000,0.00000000
1533873600,1533877199,0.01923000,0.01923000,0.01923000,0.01923000,60.10000000
1533877200,1533880799,0.01881000,0.01881000,0.01880000,0.01880000,355.00000000
1533880800,1533884399,0.01904000,0.01904000,0.01904000,0.01904000,44.10000000
1533884400,1533887999,0.01889000,0.01895000,0.01889000,0.01895000,4051.40000000
1533888000,1533891599,0.01867000,0.01867000,0.01867000,0.01867000,44.10000000
1533891600,1533895199,0.01898000,0.01898000,0.01898000,0.01898000,55.30000000
1533895200,1533898799,0.01898000,0.01898000,0.01898000,0.01898000,0.00000000
1533898800,1533902399,0.01878000,0.01878000,0.01878000,0.01878000,0.80000000
1533902400,1533905999,0.01922000,0.01922000,0.01905000,0.01905000,624.00000000
1533906000,1533909599,0.01905000,0.01905000,0.01905000,0.01905000,0.00000000
1533909600,1533913199,0.01905000,0.01905000,0.01905000,0.01905000,0.00000000
1533913200,1533916799,0.01905000,0.01905000,0.01905000,0.01905000,0.00000000
1533916800,1533920399,0.01905000,0.01905000,0.01905000,0.01905000,0.00000000
1533920400,1533923999,0.01905000,0.01905000,0.01905000,0.01905000,0.00000000
1533924000,1533927599,0.01905000,0.01905000,0.01905000,0.01905000,0.00000000
1533927600,1533931199,0.01925000,0.01925000,0.01878000,0.01878000,1443.80000000
1533931200,1533934799,0.01876000,0.01876000,0.01876000,0.01876000,55.30000000
1533934800,1533938399,0.01863000,0.01870000,0.01831000,0.01848000,3960.50000000
1533938400,1533941999,0.01853000,0.01853000,0.01853000,0.01853000,778.90000000
1533942000,1533945599,0.01850000,0.01903000,0.01837000,0.01844000,1344.00000000
1533945600,1533949199,0.01825000,0.01857000,0.01802000,0.01802000,893.99000000
1533949200,1533952799,0.01802000,0.01802000,0.01800000,0.01800000,56.60000000
1533952800,1533956399,0.01804000,0.01804000,0.01789000,0.01789000,1372.87000000
1533956400,1533959999,0.01788000,0.01788000,0.01781000,0.01781000,459.47000000
1533960000,1533963599,0.01779000,0.01779000,0.01776000,0.01776000,227.69000000
1533963600,1533967199,0.01776000,0.01776000,0.01757000,0.01757000,3044.10000000
1533967200,1533970799,0.01757000,0.01788000,0.01757000,0.01788000,14437.90000000
1533970800,1533974399,0.01767000,0.01779000,0.01761000,0.01778000,920.30000000
1533974400,1533977999,0.01781000,0.01781000,0.01766000,0.01766000,760.50000000
1533978000,1533981599,0.01797000,0.01814000,0.01783000,0.01783000,340.20000000
1533981600,1533985199,0.01782000,0.01782000,0.01782000,0.01782000,380.00000000
1533985200,1533988799,0.01775000,0.01790000,0.01775000,0.01790000,1196.30000000
1533988800,1533992399,0.01793000,0.01793000,0.01771000,0.01775000,697.10000000
1533992400,1533995999,0.01778000,0.01778000,0.01756000,0.01771000,332.40000000
1533996000,1533999599,0.01757000,0.01780000,0.01757000,0.01780000,2358.00000000
1533999600,1534003199,0.01782000,0.01809000,0.01782000,0.01809000,1838.10000000
1534003200,1534006799,0.01786000,0.01824000,0.01786000,0.01824000,1877.50000000
1534006800,1534010399,0.01824000,0.01875000,0.01824000,0.01842000,990.90000000
1534010400,1534013999,0.01818000,0.01830000,0.01818000,0.01830000,1232.00000000
1534014000,1534017599,0.01830000,0.01830000,0.01810000,0.01826000,11807.10000000
1534017600,1534021199,0.01825000,0.01830000,0.01819000,0.01830000,7773.90000000
1534021200,1534024799,0.01839000,0.01848000,0.01839000,0.01848000,760.00000000
1534024800,1534028399,0.01841000,0.01841000,0.01841000,0.01841000,294.00000000
1534028400,1534031999,0.01836000,0.01836000,0.01830000,0.01830000,720.00000000
1534032000,1534035599,0.01794000,0.01796000,0.01791000,0.01791000,6592.60000000
1534035600,1534039199,0.01804000,0.01804000,0.01784000,0.01792000,1732.20000000
1534039200,1534042799,0.01802000,0.01802000,0.01792000,0.01792000,578.50000000
1534042800,1534046399,0.01797000,0.01797000,0.01785000,0.01785000,414.00000000
1534046400,1534049999,0.01791000,0.01814000,0.01791000,0.01814000,157.80000000
1534050000,1534053599,0.01816000,0.01818000,0.01816000,0.01818000,450.00000000
1534053600,1534057199,0.01827000,0.01827000,0.01827000,0.01827000,300.00000000
1534057200,1534060799,0.01827000,0.01827000,0.01827000,0.01827000,0.00000000
1534060800,1534064399,0.01826000,0.01826000,0.01826000,0.01826000,3699.00000000
1534064400,1534067999,0.01799000,0.01799000,0.01799000,0.01799000,5664.20000000
1534068000,1534071599,0.01799000,0.01799000,0.01799000,0.01799000,0.00000000
1534071600,1534075199,0.01822000,0.01822000,0.01822000,0.01822000,233.00000000
1534075200,1534078799,0.01822000,0.01835000,0.01799000,0.01799000,304.50000000
1534078800,1534082399,0.01816000,0.01816000,0.01807000,0.01807000,778.60000000
1534082400,1534085999,0.01803000,0.01850000,0.01803000,0.01850000,1261.20000000
1534086000,1534089599,0.01830000,0.01838000,0.01829000,0.01838000,2883.80000000
1534089600,1534093199,0.01838000,0.01838000,0.01838000,0.01838000,0.00000000
1534093200,1534096799,0.01811000,0.01816000,0.01807000,0.01807000,2154.00000000
1534096800,1534100399,0.01803000,0.01815000,0.01793000,0.01793000,793.30000000
1534100400,1534103999,0.01798000,0.01798000,0.01777000,0.01777000,9349.30000000
1534104000,1534107599,0.01756000,0.01776000,0.01756000,0.01776000,351.70000000
1534107600,1534111199,0.01754000,0.01754000,0.01726000,0.01736000,3856.17000000
1534111200,1534114799,0.01736000,0.01736000,0.01736000,0.01736000,178.50000000
1534114800,1534118399,0.01739000,0.01739000,0.01705000,0.01705000,865.00000000
1534118400,1534121999,0.01709000,0.01739000,0.01709000,0.01739000,2103.50000000
1534122000,1534125599,0.01729000,0.01734000,0.01729000,0.01730000,1426.60000000
1534125600,1534129199,0.01730000,0.01740000,0.01730000,0.01740000,494.00000000
1534129200,1534132799,0.01745000,0.01748000,0.01714000,0.01714000,1427.10000000
1534132800,1534136399,0.01725000,0.01726000,0.01720000,0.01720000,1896.10000000
1534136400,1534139999,0.01735000,0.01735000,0.01735000,0.01735000,310.00000000
1534140000,1534143599,0.01738000,0.01738000,0.01738000,0.01738000,287.00000000
1534143600,1534147199,0.01724000,0.01724000,0.01696000,0.01703000,12631.00000000
1534147200,1534150799,0.01703000,0.01703000,0.01703000,0.01703000,0.00000000
1534150800,1534154399,0.01709000,0.01729000,0.01708000,0.01729000,441.40000000
1534154400,1534157999,0.01729000,0.01729000,0.01729000,0.01729000,0.00000000
1534158000,1534161599,0.01726000,0.01733000,0.01723000,0.01723000,6971.00000000
1534161600,1534165199,0.01733000,0.01733000,0.01720000,0.01733000,7403.50000000
1534165200,1534168799,0.01719000,0.01719000,0.01683000,0.01693000,12638.10000000
1534168800,1534172399,0.01699000,0.01710000,0.01694000,0.01710000,2501.70000000
1534172400,1534175999,0.01690000,0.01690000,0.01667000,0.01667000,11152.50000000
1534176000,1534179599,0.01667000,0.01679000,0.01606000,0.01663000,10952.00000000
1534179600,1534183199,0.01677000,0.01736000,0.01663000,0.01716000,3039.50000000
1534183200,1534186799,0.01706000,0.01706000,0.01706000,0.01706000,882.00000000
1534186800,1534190399,0.01705000,0.01738000,0.01705000,0.01714000,668.10000000
1534190400,1534193999,0.01736000,0.01736000,0.01736000,0.01736000,0.80000000
1534194000,1534197599,0.01699000,0.01720000,0.01699000,0.01720000,443.40000000
1534197600,1534201199,0.01684000,0.01712000,0.01679000,0.01712000,2679.30000000
1534201200,1534204799,0.01713000,0.01735000,0.01713000,0.01735000,845.80000000
1534204800,1534208399,0.01713000,0.01715000,0.01667000,0.01686000,6067.10000000
1534208400,1534211999,0.01686000,0.01818000,0.01686000,0.01818000,4402.70000000
1534212000,1534215599,0.01806000,0.01806000,0.01660000,0.01696000,9747.90000000
1534215600,1534219199,0.01676000,0.01744000,0.01675000,0.01701000,1776.10000000
1534219200,1534222799,0.01738000,0.01738000,0.01711000,0.01723000,876.00000000
1534222800,1534226399,0.01705000,0.01743000,0.01705000,0.01743000,4777.80000000
1534226400,1534229999,0.01743000,0.01749000,0.01738000,0.01749000,13784.20000000
1534230000,1534233599,0.01749000,0.01749000,0.01749000,0.01749000,0.00000000
1534233600,1534237199,0.01727000,0.01748000,0.01727000,0.01727000,1349.00000000
1534237200,1534240799,0.01748000,0.01775000,0.01724000,0.01748000,1156.00000000
1534240800,1534244399,0.01748000,0.01748000,0.01748000,0.01748000,64.90000000
1534244400,1534247999,0.01737000,0.01758000,0.01737000,0.01758000,459.80000000
1534248000,1534251599,0.01783000,0.01820000,0.01780000,0.01820000,11952.10000000
1534251600,1534255199,0.01814000,0.01814000,0.01728000,0.01751000,4140.60000000
1534255200,1534258799,0.01740000,0.01740000,0.01675000,0.01694000,5056.50000000
1534258800,1534262399,0.01708000,0.01754000,0.01702000,0.01729000,2351.60000000
1534262400,1534265999,0.01732000,0.01733000,0.01715000,0.01715000,1589.50000000
1534266000,1534269599,0.01738000,0.01738000,0.01738000,0.01738000,384.50000000
1534269600,1534273199,0.01735000,0.01739000,0.01735000,0.01739000,1163.00000000
1534273200,1534276799,0.01695000,0.01707000,0.01688000,0.01704000,3097.30000000
1534276800,1534280399,0.01688000,0.01697000,0.01661000,0.01697000,660.00000000
1534280400,1534283999,0.01706000,0.01714000,0.01706000,0.01714000,685.40000000
1534284000,1534287599,0.01734000,0.01764000,0.01734000,0.01764000,451.70000000
1534287600,1534291199,0.01771000,0.01771000,0.01729000,0.01729000,727.10000000
1534291200,1534294799,0.01753000,0.01753000,0.01684000,0.01698000,2988.60000000
1534294800,1534298399,0.01720000,0.01720000,0.01670000,0.01689000,1623.10000000
1534298400,1534301999,0.01661000,0.01672000,0.01602000,0.01630000,4030.50000000
1534302000,1534305599,0.01654000,0.01688000,0.01596000,0.01642000,10062.80000000
1534305600,1534309199,0.01667000,0.01687000,0.01667000,0.01687000,992.00000000
1534309200,1534312799,0.01726000,0.01726000,0.01726000,0.01726000,70.90000000
1534312800,1534316399,0.01726000,0.01726000,0.01726000,0.01726000,0.00000000
1534316400,1534319999,0.01752000,0.01760000,0.01752000,0.01760000,244.60000000
1534320000,1534323599,0.01775000,0.01775000,0.01753000,0.01753000,888.40000000
1534323600,1534327199,0.01783000,0.01790000,0.01783000,0.01790000,2047.60000000
1534327200,1534330799,0.01799000,0.01825000,0.01799000,0.01825000,5045.40000000
1534330800,1534334399,0.01809000,0.01809000,0.01809000,0.01809000,1233.00000000
1534334400,1534337999,0.01827000,0.01827000,0.01802000,0.01802000,1073.80000000
1534338000,1534341599,0.01807000,0.01807000,0.01806000,0.01807000,5652.10000000
1534341600,1534345199,0.01812000,0.01812000,0.01812000,0.01812000,122.00000000
1534345200,1534348799,0.01839000,0.01839000,0.01839000,0.01839000,251.60000000
1534348800,1534352399,0.01870000,0.01870000,0.01806000,0.01806000,6100.90000000
1534352400,1534355999,0.01835000,0.01835000,0.01816000,0.01816000,707.00000000
1534356000,1534359599,0.01802000,0.01835000,0.01802000,0.01835000,244.60000000
1534359600,1534363199,0.01835000,0.01835000,0.01835000,0.01835000,0.00000000
1534363200,1534366799,0.01812000,0.01828000,0.01810000,0.01828000,1883.60000000
1534366800,1534370399,0.01867000,0.01867000,0.01822000,0.01822000,15.20000000
1534370400,1534373999,0.01870000,0.01870000,0.01870000,0.01870000,34.10000000
1534374000,1534377599,0.01848000,0.01880000,0.01833000,0.01833000,138.40000000
1534377600,1534381199,0.01832000,0.01832000,0.01832000,0.01832000,1.60000000
1534381200,1534384799,0.01832000,0.01832000,0.01832000,0.01832000,0.00000000
1534384800,1534388399,0.01832000,0.01832000,0.01822000,0.01822000,260.50000000
1534388400,1534391999,0.01864000,0.01864000,0.01824000,0.01824000,12.80000000
1534392000,1534395599,0.01824000,0.01861000,0.01824000,0.01861000,29947.80000000
1534395600,1534399199,0.01861000,0.01861000,0.01861000,0.01861000,0.00000000
1534399200,1534402799,0.01804000,0.01804000,0.01780000,0.01789000,5086.80000000
1534402800,1534406399,0.01789000,0.01789000,0.01789000,0.01789000,0.00000000
1534406400,1534409999,0.01789000,0.01789000,0.01789000,0.01789000,0.00000000
1534410000,1534413599,0.01812000,0.01812000,0.01805000,0.01807000,650.00000000
1534413600,1534417199,0.01807000,0.01807000,0.01807000,0.01807000,0.00000000
1534417200,1534420799,0.01807000,0.01807000,0.01807000,0.01807000,1962.60000000
1534420800,1534424399,0.01774000,0.01785000,0.01774000,0.01774000,11137.80000000
1534424400,1534427999,0.01769000,0.01769000,0.01769000,0.01769000,281.80000000
1534428000,1534431599,0.01751000,0.01751000,0.01696000,0.01716000,464907.70000000
1534431600,1534435199,0.01740000,0.01740000,0.01740000,0.01740000,63.10000000
1534435200,1534438799,0.01740000,0.01740000,0.01716000,0.01720000,4043.40000000
1534438800,1534442399,0.01717000,0.01736000,0.01717000,0.01735000,2618.20000000
1534442400,1534445999,0.01703000,0.01703000,0.01693000,0.01693000,9605.30000000
1534446000,1534449599,0.01693000,0.01693000,0.01693000,0.01693000,0.00000000
1534449600,1534453199,0.01714000,0.01721000,0.01714000,0.01721000,1657.70000000
1534453200,1534456799,0.01733000,0.01733000,0.01731000,0.01731000,102.10000000
1534456800,1534460399,0.01737000,0.01740000,0.01737000,0.01740000,1116.00000000
1534460400,1534463999,0.01740000,0.01763000,0.01724000,0.01724000,179.10000000
1534464000,1534467599,0.01749000,0.01751000,0.01749000,0.01751000,2105.00000000
1534467600,1534471199,0.01751000,0.01793000,0.01751000,0.01793000,5121.90000000
1534471200,1534474799,0.01767000,0.01785000,0.01767000,0.01767000,323.40000000
1534474800,1534478399,0.01795000,0.01800000,0.01748000,0.01748000,3115.00000000
1534478400,1534481999,0.01752000,0.01820000,0.01747000,0.01820000,8604.50000000
1534482000,1534485599,0.01821000,0.01847000,0.01809000,0.01823000,5304.80000000
1534485600,1534489199,0.01805000,0.01805000,0.01788000,0.01788000,2423.00000000
1534489200,1534492799,0.01823000,0.01823000,0.01823000,0.01823000,1053.60000000
1534492800,1534496399,0.01829000,0.01855000,0.01829000,0.01855000,829.70000000
1534496400,1534499999,0.01836000,0.01855000,0.01829000,0.01829000,2664.70000000
1534500000,1534503599,0.01854000,0.01854000,0.01817000,0.01847000,1133.70000000
1534503600,1534507199,0.01847000,0.01850000,0.01809000,0.01809000,3980.70000000
1534507200,1534510799,0.01809000,0.01809000,0.01809000,0.01809000,1813.60000000
1534510800,1534514399,0.01820000,0.01820000,0.01820000,0.01820000,1813.60000000
1534514400,1534517999,0.01819000,0.01819000,0.01819000,0.01819000,62.70000000
1534518000,1534521599,0.01819000,0.01819000,0.01819000,0.01819000,0.00000000
1534521600,1534525199,0.01846000,0.01886000,0.01846000,0.01886000,9841.20000000
1534525200,1534528799,0.01884000,0.01930000,0.01875000,0.01897000,3208.80000000
1534528800,1534532399,0.01930000,0.01930000,0.01900000,0.01910000,4192.90000000
1534532400,1534535999,0.01940000,0.01940000,0.01898000,0.01898000,1625.80000000
1534536000,1534539599,0.01901000,0.01940000,0.01901000,0.01939000,6734.80000000
1534539600,1534543199,0.01938000,0.01938000,0.01898000,0.01898000,10421.40000000
1534543200,1534546799,0.01937000,0.01940000,0.01937000,0.01940000,8732.50000000
1534546800,1534550399,0.01919000,0.01962000,0.01911000,0.01911000,1233.40000000
1534550400,1534553999,0.01961000,0.01986000,0.01926000,0.01926000,4785.70000000
1534554000,1534557599,0.01920000,0.01948000,0.01865000,0.01892000,23546.50000000
1534557600,1534561199,0.01885000,0.01885000,0.01885000,0.01885000,180.00000000
1534561200,1534564799,0.01884000,0.01893000,0.01884000,0.01893000,333.00000000
1534564800,1534568399,0.01893000,0.01893000,0.01893000,0.01893000,0.00000000
1534568400,1534571999,0.01893000,0.01893000,0.01893000,0.01893000,0.00000000
1534572000,1534575599,0.01921000,0.01921000,0.01920000,0.01920000,684.70000000
1534575600,1534579199,0.01891000,0.01891000,0.01891000,0.01891000,128.10000000
1534579200,1534582799,0.01875000,0.01892000,0.01860000,0.01860000,10380.10000000
1534582800,1534586399,0.01865000,0.01865000,0.01865000,0.01865000,387.90000000
1534586400,1534589999,0.01865000,0.01865000,0.01865000,0.01865000,0.00000000
1534590000,1534593599,0.01844000,0.01860000,0.01844000,0.01857000,428.50000000
1534593600,1534597199,0.01852000,0.01858000,0.01852000,0.01858000,153.30000000
1534597200,1534600799,0.01837000,0.01851000,0.01809000,0.01848000,1246.90000000
1534600800,1534604399,0.01827000,0.01827000,0.01827000,0.01827000,56.80000000
1534604400,1534607999,0.01799000,0.01799000,0.01799000,0.01799000,66.20000000
1534608000,1534611599,0.01830000,0.01830000,0.01799000,0.01799000,136.90000000
1534611600,1534615199,0.01799000,0.01799000,0.01799000,0.01799000,0.00000000
1534615200,1534618799,0.01781000,0.01792000,0.01781000,0.01792000,1668.80000000
1534618800,1534622399,0.01810000,0.01810000,0.01789000,0.01789000,115.00000000
1534622400,1534625999,0.01789000,0.01789000,0.01789000,0.01789000,1.00000000
1534626000,1534629599,0.01781000,0.01781000,0.01781000,0.01781000,0.90000000
1534629600,1534633199,0.01804000,0.01804000,0.01782000,0.01782000,4484.00000000
1534633200,1534636799,0.01805000,0.01805000,0.01752000,0.01795000,280.10000000
1534636800,1534640399,0.01805000,0.01805000,0.01805000,0.01805000,1.10000000
1534640400,1534643999,0.01816000,0.01821000,0.01816000,0.01821000,351.00000000
1534644000,1534647599,0.01821000,0.01821000,0.01821000,0.01821000,0.00000000
1534647600,1534651199,0.01821000,0.01821000,0.01821000,0.01821000,0.00000000
1534651200,1534654799,0.01821000,0.01821000,0.01821000,0.01821000,0.00000000
1534654800,1534658399,0.01821000,0.01821000,0.01821000,0.01821000,0.00000000
1534658400,1534661999,0.01821000,0.01821000,0.01821000,0.01821000,0.00000000
1534662000,1534665599,0.01834000,0.01836000,0.01806000,0.01836000,2007.70000000
1534665600,1534669199,0.01842000,0.01859000,0.01842000,0.01859000,2939.90000000
1534669200,1534672799,0.01856000,0.01864000,0.01856000,0.01864000,199.30000000
1534672800,1534676399,0.01869000,0.01872000,0.01869000,0.01872000,1078.10000000
1534676400,1534679999,0.01872000,0.01872000,0.01846000,0.01846000,402.20000000
1534680000,1534683599,0.01853000,0.01853000,0.01852000,0.01852000,678.80000000
1534683600,1534687199,0.01822000,0.01835000,0.01820000,0.01835000,815.90000000
1534687200,1534690799,0.01839000,0.01862000,0.01829000,0.01862000,263.20000000
1534690800,1534694399,0.01873000,0.01873000,0.01850000,0.01850000,128.00000000
1534694400,1534697999,0.01849000,0.01849000,0.01849000,0.01849000,266.00000000
1534698000,1534701599,0.01851000,0.01851000,0.01818000,0.01818000,2578.80000000
1534701600,1534705199,0.01815000,0.01822000,0.01815000,0.01822000,1343.60000000
1534705200,1534708799,0.01813000,0.01814000,0.01813000,0.01814000,3502.40000000
1534708800,1534712399,0.01814000,0.01814000,0.01814000,0.01814000,0.00000000
1534712400,1534715999,0.01843000,0.01845000,0.01843000,0.01845000,433.50000000
1534716000,1534719599,0.01852000,0.01852000,0.01852000,0.01852000,56.60000000
1534719600,1534723199,0.01831000,0.01831000,0.01811000,0.01811000,115.90000000
1534723200,1534726799,0.01837000,0.01837000,0.01837000,0.01837000,325.00000000
1534726800,1534730399,0.01813000,0.01813000,0.01813000,0.01813000,2.00000000
1534730400,1534733999,0.01846000,0.01847000,0.01846000,0.01847000,1143.00000000
1534734000,1534737599,0.01847000,0.01847000,0.01847000,0.01847000,1019.10000000
1534737600,1534741199,0.01847000,0.01847000,0.01847000,0.01847000,0.00000000
1534741200,1534744799,0.01847000,0.01847000,0.01847000,0.01847000,0.00000000
1534744800,1534748399,0.01847000,0.01847000,0.01847000,0.01847000,0.00000000
1534748400,1534751999,0.01847000,0.01847000,0.01847000,0.01847000,0.00000000
1534752000,1534755599,0.01847000,0.01847000,0.01822000,0.01822000,685.00000000
1534755600,1534759199,0.01844000,0.01844000,0.01809000,0.01809000,154.10000000
1534759200,1534762799,0.01809000,0.01809000,0.01809000,0.01809000,0.00000000
1534762800,1534766399,0.01809000,0.01809000,0.01809000,0.01809000,0.00000000
1534766400,1534769999,0.01854000,0.01855000,0.01854000,0.01855000,501.30000000
1534770000,1534773599,0.01855000,0.01855000,0.01855000,0.01855000,0.00000000
1534773600,1534777199,0.01834000,0.01834000,0.01834000,0.01834000,56.00000000
1534777200,1534780799,0.01834000,0.01834000,0.01834000,0.01834000,0.00000000
1534780800,1534784399,0.01850000,0.01850000,0.01850000,0.01850000,50.00000000
1534784400,1534787999,0.01855000,0.01883000,0.01840000,0.01865000,454.40000000
1534788000,1534791599,0.01855000,0.01855000,0.01855000,0.01855000,1000.00000000
1534791600,1534795199,0.01872000,0.01872000,0.01872000,0.01872000,145.00000000
1534795200,1534798799,0.01872000,0.01884000,0.01872000,0.01883000,376.00000000
1534798800,1534802399,0.01875000,0.01902000,0.01875000,0.01902000,2308.90000000
1534802400,1534805999,0.01843000,0.01843000,0.01834000,0.01834000,622.10000000
1534806000,1534809599,0.01820000,0.01820000,0.01820000,0.01820000,2.50000000
1534809600,1534813199,0.01815000,0.01815000,0.01815000,0.01815000,1.30000000
1534813200,1534816799,0.01838000,0.01838000,0.01838000,0.01838000,298.10000000
1534816800,1534820399,0.01850000,0.01850000,0.01850000,0.01850000,3.00000000
1534820400,1534823999,0.01850000,0.01850000,0.01850000,0.01850000,274.10000000
1534824000,1534827599,0.01850000,0.01850000,0.01850000,0.01850000,0.00000000
1534827600,1534831199,0.01850000,0.01850000,0.01850000,0.01850000,0.00000000
1534831200,1534834799,0.01850000,0.01850000,0.01850000,0.01850000,162.10000000
1534834800,1534838399,0.01833000,0.01833000,0.01833000,0.01833000,12.60000000
1534838400,1534841999,0.01854000,0.01883000,0.01842000,0.01842000,482.70000000
1534842000,1534845599,0.01842000,0.01842000,0.01842000,0.01842000,0.00000000
1534845600,1534849199,0.01842000,0.01842000,0.01842000,0.01842000,0.00000000
1534849200,1534852799,0.01842000,0.01842000,0.01842000,0.01842000,0.00000000
1534852800,1534856399,0.01842000,0.01842000,0.01831000,0.01831000,307.40000000
1534856400,1534859999,0.01829000,0.01856000,0.01829000,0.01856000,571.30000000
1534860000,1534863599,0.01844000,0.01844000,0.01816000,0.01816000,1369.80000000
1534863600,1534867199,0.01816000,0.01816000,0.01816000,0.01816000,0.00000000
1534867200,1534870799,0.01835000,0.01835000,0.01822000,0.01822000,198.00000000
1534870800,1534874399,0.01822000,0.01822000,0.01822000,0.01822000,0.00000000
1534874400,1534877999,0.01822000,0.01822000,0.01822000,0.01822000,0.00000000
1534878000,1534881599,0.01822000,0.01822000,0.01822000,0.01822000,296.80000000
1534881600,1534885199,0.01822000,0.01822000,0.01822000,0.01822000,0.00000000
1534885200,1534888799,0.01822000,0.01822000,0.01822000,0.01822000,0.00000000
1534888800,1534892399,0.01822000,0.01822000,0.01822000,0.01822000,0.00000000
1534892400,1534895999,0.01854000,0.01854000,0.01819000,0.01819000,786.00000000
1534896000,1534899599,0.01836000,0.01836000,0.01836000,0.01836000,1.70000000
1534899600,1534903199,0.01837000,0.01862000,0.01837000,0.01862000,847.40000000
1534903200,1534906799,0.01862000,0.01862000,0.01837000,0.01837000,218.10000000
1534906800,1534910399,0.01837000,0.01837000,0.01802000,0.01802000,6981.70000000
1534910400,1534913999,0.01802000,0.01802000,0.01802000,0.01802000,0.00000000
1534914000,1534917599,0.01801000,0.01806000,0.01785000,0.01806000,2208.90000000
1534917600,1534921199,0.01806000,0.01806000,0.01806000,0.01806000,0.00000000
1534921200,1534924799,0.01790000,0.01790000,0.01790000,0.01790000,167.50000000
1534924800,1534928399,0.01790000,0.01808000,0.01790000,0.01808000,487.50000000
1534928400,1534931999,0.01808000,0.01808000,0.01808000,0.01808000,0.00000000
1534932000,1534935599,0.01824000,0.01824000,0.01822000,0.01822000,69.90000000
1534935600,1534939199,0.01822000,0.01822000,0.01822000,0.01822000,0.00000000
1534939200,1534942799,0.01822000,0.01822000,0.01822000,0.01822000,0.00000000
1534942800,1534946399,0.01822000,0.01822000,0.01822000,0.01822000,0.00000000
1534946400,1534949999,0.01822000,0.01822000,0.01822000,0.01822000,0.00000000
1534950000,1534953599,0.01804000,0.01841000,0.01787000,0.01787000,149.00000000
1534953600,1534957199,0.01780000,0.01780000,0.01760000,0.01760000,685.60000000
1534957200,1534960799,0.01760000,0.01760000,0.01742000,0.01742000,78.00000000
1534960800,1534964399,0.01790000,0.01799000,0.01769000,0.01769000,937.80000000
1534964400,1534967999,0.01769000,0.01769000,0.01769000,0.01769000,0.00000000
1534968000,1534971599,0.01749000,0.01765000,0.01749000,0.01765000,188.70000000
1534971600,1534975199,0.01765000,0.01765000,0.01765000,0.01765000,0.00000000
1534975200,1534978799,0.01746000,0.01746000,0.01746000,0.01746000,749.10000000
1534978800,1534982399,0.01775000,0.01775000,0.01742000,0.01742000,746.00000000
1534982400,1534985999,0.01739000,0.01749000,0.01739000,0.01749000,572.70000000
1534986000,1534989599,0.01749000,0.01749000,0.01749000,0.01749000,0.00000000
1534989600,1534993199,0.01762000,0.01769000,0.01762000,0.01769000,2216.20000000
1534993200,1534996799,0.01769000,0.01769000,0.01769000,0.01769000,0.00000000
1534996800,1535000399,0.01769000,0.01769000,0.01769000,0.01769000,0.00000000
1535000400,1535003999,0.01778000,0.01778000,0.01778000,0.01778000,309.90000000
1535004000,1535007599,0.01778000,0.01778000,0.01778000,0.01778000,0.00000000
1535007600,1535011199,0.01778000,0.01778000,0.01778000,0.01778000,63.90000000
1535011200,1535014799,0.01778000,0.01778000,0.01778000,0.01778000,0.00000000
1535014800,1535018399,0.01778000,0.01778000,0.01778000,0.01778000,0.00000000
1535018400,1535021999,0.01804000,0.01807000,0.01804000,0.01807000,1820.90000000
1535022000,1535025599,0.01807000,0.01807000,0.01807000,0.01807000,0.00000000
1535025600,1535029199,0.01795000,0.01795000,0.01795000,0.01795000,2207.30000000
1535029200,1535032799,0.01814000,0.01870000,0.01802000,0.01848000,10904.50000000
1535032800,1535036399,0.01809000,0.01809000,0.01809000,0.01809000,0.20000000
1535036400,1535039999,0.01809000,0.01809000,0.01809000,0.01809000,0.00000000
1535040000,1535043599,0.01809000,0.01809000,0.01809000,0.01809000,0.00000000
1535043600,1535047199,0.01841000,0.01841000,0.01841000,0.01841000,484.00000000
1535047200,1535050799,0.01841000,0.01841000,0.01841000,0.01841000,0.00000000
1535050800,1535054399,0.01831000,0.01831000,0.01819000,0.01819000,207.00000000
1535054400,1535057999,0.01819000,0.01819000,0.01819000,0.01819000,0.00000000
1535058000,1535061599,0.01819000,0.01819000,0.01819000,0.01819000,0.00000000
1535061600,1535065199,0.01819000,0.01819000,0.01819000,0.01819000,0.00000000
1535065200,1535068799,0.01810000,0.01810000,0.01810000,0.01810000,6441.20000000
1535068800,1535072399,0.01841000,0.01841000,0.01796000,0.01796000,1.30000000
1535072400,1535075999,0.01796000,0.01796000,0.01796000,0.01796000,0.00000000
1535076000,1535079599,0.01865000,0.01865000,0.01811000,0.01811000,214.40000000
1535079600,1535083199,0.01811000,0.01811000,0.01811000,0.01811000,0.00000000
1535083200,1535086799,0.01811000,0.01811000,0.01811000,0.01811000,0.00000000
1535086800,1535090399,0.01847000,0.01847000,0.01846000,0.01846000,5701.20000000
1535090400,1535093999,0.01860000,0.01860000,0.01860000,0.01860000,3846.70000000
1535094000,1535097599,0.01909000,0.01910000,0.01881000,0.01900000,10284.00000000
1535097600,1535101199,0.01900000,0.01920000,0.01897000,0.01919000,774.00000000
1535101200,1535104799,0.01919000,0.01919000,0.01919000,0.01919000,0.00000000
1535104800,1535108399,0.01919000,0.01919000,0.01919000,0.01919000,0.00000000
1535108400,1535111999,0.01916000,0.01928000,0.01856000,0.01856000,2750.00000000
1535112000,1535115599,0.01859000,0.01869000,0.01859000,0.01869000,273.20000000
1535115600,1535119199,0.01879000,0.01879000,0.01868000,0.01868000,374.50000000
1535119200,1535122799,0.01868000,0.01868000,0.01868000,0.01868000,0.00000000
1535122800,1535126399,0.01870000,0.01917000,0.01820000,0.01820000,21333.40000000
1535126400,1535129999,0.01820000,0.01824000,0.01800000,0.01824000,5573.90000000
1535130000,1535133599,0.01824000,0.01824000,0.01824000,0.01824000,0.00000000
1535133600,1535137199,0.01824000,0.01824000,0.01824000,0.01824000,0.00000000
1535137200,1535140799,0.01824000,0.01824000,0.01824000,0.01824000,0.00000000
1535140800,1535144399,0.01834000,0.01834000,0.01828000,0.01830000,3022.40000000
1535144400,1535147999,0.01841000,0.01841000,0.01827000,0.01827000,272.20000000
1535148000,1535151599,0.01827000,0.01827000,0.01827000,0.01827000,0.00000000
1535151600,1535155199,0.01818000,0.01818000,0.01811000,0.01811000,1003.20000000
1535155200,1535158799,0.01808000,0.01847000,0.01808000,0.01847000,738.60000000
1535158800,1535162399,0.01872000,0.01872000,0.01872000,0.01872000,60.50000000
1535162400,1535165999,0.01832000,0.01832000,0.01826000,0.01826000,1875.40000000
1535166000,1535169599,0.01826000,0.01826000,0.01826000,0.01826000,0.00000000
1535169600,1535173199,0.01824000,0.01838000,0.01824000,0.01838000,2279.90000000
1535173200,1535176799,0.01838000,0.01838000,0.01838000,0.01838000,0.00000000
1535176800,1535180399,0.01841000,0.01851000,0.01841000,0.01851000,603.00000000
1535180400,1535183999,0.01836000,0.01836000,0.01835000,0.01835000,1408.50000000
1535184000,1535187599,0.01830000,0.01835000,0.01823000,0.01835000,976.70000000
1535187600,1535191199,0.01825000,0.01829000,0.01825000,0.01829000,709.00000000
1535191200,1535194799,0.01829000,0.01829000,0.01829000,0.01829000,0.30000000
1535194800,1535198399,0.01829000,0.01829000,0.01829000,0.01829000,0.00000000
1535198400,1535201999,0.01823000,0.01823000,0.01823000,0.01823000,274.00000000
1535202000,1535205599,0.01826000,0.01826000,0.01826000,0.01826000,84.20000000
1535205600,1535209199,0.01828000,0.01828000,0.01828000,0.01828000,189.80000000
1535209200,1535212799,0.01850000,0.01850000,0.01820000,0.01820000,2629.30000000
1535212800,1535216399,0.01842000,0.01844000,0.01842000,0.01844000,5097.60000000
1535216400,1535219999,0.01814000,0.01814000,0.01814000,0.01814000,99.20000000
1535220000,1535223599,0.01814000,0.01814000,0.01814000,0.01814000,0.00000000
1535223600,1535227199,0.01847000,0.01850000,0.01847000,0.01850000,2682.40000000
1535227200,1535230799,0.01850000,0.01850000,0.01850000,0.01850000,6175.60000000
1535230800,1535234399,0.01850000,0.01850000,0.01850000,0.01850000,0.00000000
1535234400,1535237999,0.01871000,0.01901000,0.01871000,0.01901000,158.70000000
1535238000,1535241599,0.01855000,0.01855000,0.01855000,0.01855000,1.80000000
1535241600,1535245199,0.01855000,0.01855000,0.01855000,0.01855000,0.00000000
1535245200,1535248799,0.01855000,0.01855000,0.01855000,0.01855000,0.00000000
1535248800,1535252399,0.01855000,0.01855000,0.01855000,0.01855000,0.00000000
1535252400,1535255999,0.01872000,0.01890000,0.01868000,0.01890000,8384.20000000
1535256000,1535259599,0.01889000,0.01890000,0.01889000,0.01890000,871.50000000
1535259600,1535263199,0.01890000,0.01890000,0.01890000,0.01890000,0.00000000
1535263200,1535266799,0.01890000,0.01890000,0.01890000,0.01890000,0.00000000
1535266800,1535270399,0.01882000,0.01882000,0.01882000,0.01882000,278.40000000
1535270400,1535273999,0.01882000,0.01882000,0.01882000,0.01882000,0.00000000
1535274000,1535277599,0.01882000,0.01882000,0.01837000,0.01837000,4268.40000000
1535277600,1535281199,0.01837000,0.01837000,0.01837000,0.01837000,0.00000000
1535281200,1535284799,0.01837000,0.01837000,0.01837000,0.01837000,0.00000000
1535284800,1535288399,0.01862000,0.01883000,0.01861000,0.01861000,10668.70000000
1535288400,1535291999,0.01861000,0.01861000,0.01861000,0.01861000,0.00000000
1535292000,1535295599,0.01861000,0.01861000,0.01861000,0.01861000,155.00000000
1535295600,1535299199,0.01825000,0.01825000,0.01825000,0.01825000,101.50000000
1535299200,1535302799,0.01825000,0.01825000,0.01825000,0.01825000,0.00000000
1535302800,1535306399,0.01825000,0.01825000,0.01825000,0.01825000,109.60000000
1535306400,1535309999,0.01825000,0.01825000,0.01825000,0.01825000,0.00000000
1535310000,1535313599,0.01825000,0.01825000,0.01825000,0.01825000,1293.00000000
1535313600,1535317199,0.01825000,0.01839000,0.01825000,0.01839000,1909.00000000
1535317200,1535320799,0.01839000,0.01864000,0.01812000,0.01816000,4204.80000000
1535320800,1535324399,0.01816000,0.01816000,0.01816000,0.01816000,0.00000000
1535324400,1535327999,0.01841000,0.01841000,0.01841000,0.01841000,3.60000000
1535328000,1535331599,0.01847000,0.01847000,0.01847000,0.01847000,41.90000000
1535331600,1535335199,0.01847000,0.01847000,0.01847000,0.01847000,14.90000000
1535335200,1535338799,0.01826000,0.01826000,0.01823000,0.01823000,111.80000000
1535338800,1535342399,0.01803000,0.01803000,0.01803000,0.01803000,178.50000000
1535342400,1535345999,0.01803000,0.01803000,0.01803000,0.01803000,0.00000000
1535346000,1535349599,0.01832000,0.01832000,0.01811000,0.01811000,273.50000000
1535349600,1535353199,0.01835000,0.01841000,0.01820000,0.01820000,5000.10000000
1535353200,1535356799,0.01864000,0.01868000,0.01843000,0.01843000,1126.90000000
1535356800,1535360399,0.01828000,0.01828000,0.01828000,0.01828000,125.00000000
1535360400,1535363999,0.01840000,0.01840000,0.01840000,0.01840000,3958.80000000
1535364000,1535367599,0.01808000,0.01808000,0.01808000,0.01808000,110.30000000
1535367600,1535371199,0.01800000,0.01800000,0.01800000,0.01800000,1427.60000000
1535371200,1535374799,0.01800000,0.01800000,0.01800000,0.01800000,5879.50000000
1535374800,1535378399,0.01800000,0.01800000,0.01800000,0.01800000,0.00000000
1535378400,1535381999,0.01723000,0.01723000,0.01723000,0.01723000,54.70000000
1535382000,1535385599,0.01734000,0.01735000,0.01734000,0.01735000,1814.90000000
1535385600,1535389199,0.01728000,0.01728000,0.01728000,0.01728000,38.10000000
1535389200,1535392799,0.01705000,0.01728000,0.01705000,0.01727000,994.00000000
1535392800,1535396399,0.01727000,0.01727000,0.01727000,0.01727000,0.00000000
1535396400,1535399999,0.01778000,0.01778000,0.01778000,0.01778000,173.00000000
1535400000,1535403599,0.01778000,0.01778000,0.01778000,0.01778000,0.00000000
1535403600,1535407199,0.01817000,0.01817000,0.01817000,0.01817000,5.00000000
1535407200,1535410799,0.01774000,0.01774000,0.01774000,0.01774000,141.00000000
1535410800,1535414399,0.01760000,0.01819000,0.01760000,0.01819000,345.50000000
1535414400,1535417999,0.01830000,0.01830000,0.01818000,0.01820000,4393.50000000
1535418000,1535421599,0.01818000,0.01839000,0.01818000,0.01839000,1483.50000000
1535421600,1535425199,0.01852000,0.01883000,0.01851000,0.01853000,5998.90000000
1535425200,1535428799,0.01855000,0.01897000,0.01855000,0.01897000,35.20000000
1535428800,1535432399,0.01900000,0.01900000,0.01900000,0.01900000,6337.10000000
1535432400,1535435999,0.01881000,0.01881000,0.01881000,0.01881000,27.30000000
1535436000,1535439599,0.01881000,0.01881000,0.01881000,0.01881000,0.00000000
1535439600,1535443199,0.01881000,0.01881000,0.01881000,0.01881000,0.00000000
1535443200,1535446799,0.01883000,0.01883000,0.01883000,0.01883000,100.00000000
1535446800,1535450399,0.01883000,0.01883000,0.01883000,0.01883000,0.00000000
1535450400,1535453999,0.01883000,0.01883000,0.01883000,0.01883000,0.00000000
1535454000,1535457599,0.01883000,0.01883000,0.01883000,0.01883000,0.90000000
1535457600,1535461199,0.01898000,0.01898000,0.01898000,0.01898000,3120.00000000
1535461200,1535464799,0.01898000,0.01898000,0.01898000,0.01898000,0.00000000
1535464800,1535468399,0.01898000,0.01898000,0.01898000,0.01898000,0.00000000
1535468400,1535471999,0.01887000,0.01887000,0.01887000,0.01887000,5844.40000000
1535472000,1535475599,0.01870000,0.01870000,0.01870000,0.01870000,107.30000000
1535475600,1535479199,0.01871000,0.01899000,0.01871000,0.01899000,1357.40000000
1535479200,1535482799,0.01871000,0.01900000,0.01865000,0.01883000,8581.90000000
1535482800,1535486399,0.01850000,0.01879000,0.01850000,0.01879000,409.20000000
1535486400,1535489999,0.01832000,0.01842000,0.01831000,0.01842000,2243.30000000
1535490000,1535493599,0.01842000,0.01842000,0.01842000,0.01842000,0.00000000
1535493600,1535497199,0.01842000,0.01842000,0.01842000,0.01842000,0.00000000
1535497200,1535500799,0.01853000,0.01853000,0.01853000,0.01853000,1.10000000
1535500800,1535504399,0.01853000,0.01853000,0.01853000,0.01853000,0.00000000
1535504400,1535507999,0.01812000,0.01812000,0.01812000,0.01812000,22.00000000
1535508000,1535511599,0.01842000,0.01842000,0.01842000,0.01842000,334.00000000
1535511600,1535515199,0.01818000,0.01847000,0.01790000,0.01847000,2140.10000000
1535515200,1535518799,0.01847000,0.01847000,0.01847000,0.01847000,0.00000000
1535518800,1535522399,0.01819000,0.01819000,0.01819000,0.01819000,308.00000000
1535522400,1535525999,0.01811000,0.01851000,0.01811000,0.01851000,11.00000000
1535526000,1535529599,0.01851000,0.01851000,0.01851000,0.01851000,0.00000000
1535529600,1535533199,0.01819000,0.01819000,0.01819000,0.01819000,93.60000000
1535533200,1535536799,0.01819000,0.01819000,0.01819000,0.01819000,0.00000000
1535536800,1535540399,0.01819000,0.01819000,0.01819000,0.01819000,0.00000000
1535540400,1535543999,0.01822000,0.01822000,0.01822000,0.01822000,59.00000000
1535544000,1535547599,0.01855000,0.01876000,0.01855000,0.01876000,2627.70000000
1535547600,1535551199,0.01894000,0.01900000,0.01894000,0.01900000,6087.20000000
1535551200,1535554799,0.01895000,0.01905000,0.01895000,0.01901000,3460.30000000
1535554800,1535558399,0.01901000,0.01901000,0.01884000,0.01884000,2208.20000000
1535558400,1535561999,0.01867000,0.01867000,0.01817000,0.01831000,6080.20000000
1535562000,1535565599,0.01853000,0.01853000,0.01853000,0.01853000,314.30000000
1535565600,1535569199,0.01853000,0.01853000,0.01853000,0.01853000,0.00000000
1535569200,1535572799,0.01853000,0.01853000,0.01853000,0.01853000,0.00000000
1535572800,1535576399,0.01886000,0.01886000,0.01886000,0.01886000,2365.10000000
1535576400,1535579999,0.01907000,0.01938000,0.01907000,0.01938000,2559.20000000
1535580000,1535583599,0.01920000,0.01920000,0.01920000,0.01920000,27.30000000
1535583600,1535587199,0.01888000,0.01947000,0.01888000,0.01946000,648.30000000
1535587200,1535590799,0.01874000,0.01926000,0.01874000,0.01926000,237.50000000
1535590800,1535594399,0.01879000,0.01879000,0.01879000,0.01879000,0.90000000
1535594400,1535597999,0.01887000,0.01887000,0.01887000,0.01887000,534.00000000
1535598000,1535601599,0.01887000,0.01887000,0.01887000,0.01887000,0.00000000
1535601600,1535605199,0.01910000,0.01910000,0.01910000,0.01910000,159.00000000
1535605200,1535608799,0.01910000,0.01910000,0.01910000,0.01910000,0.00000000
1535608800,1535612399,0.01862000,0.01871000,0.01862000,0.01871000,835.20000000
1535612400,1535615999,0.01871000,0.01871000,0.01871000,0.01871000,0.00000000
1535616000,1535619599,0.01871000,0.01871000,0.01871000,0.01871000,0.00000000
1535619600,1535623199,0.01874000,0.01874000,0.01856000,0.01856000,1280.40000000
1535623200,1535626799,0.01856000,0.01856000,0.01822000,0.01822000,1.20000000
1535626800,1535630399,0.01826000,0.01826000,0.01826000,0.01826000,196.80000000
1535630400,1535633999,0.01826000,0.01826000,0.01826000,0.01826000,0.00000000
1535634000,1535637599,0.01821000,0.01821000,0.01821000,0.01821000,0.20000000
1535637600,1535641199,0.01858000,0.01858000,0.01858000,0.01858000,2037.00000000
1535641200,1535644799,0.01858000,0.01858000,0.01858000,0.01858000,0.00000000
1535644800,1535648399,0.01858000,0.01858000,0.01858000,0.01858000,0.00000000
1535648400,1535651999,0.01865000,0.01865000,0.01865000,0.01865000,59.70000000
1535652000,1535655599,0.01865000,0.01865000,0.01865000,0.01865000,0.00000000
1535655600,1535659199,0.01839000,0.01839000,0.01839000,0.01839000,387.90000000
1535659200,1535662799,0.01839000,0.01839000,0.01839000,0.01839000,0.70000000
1535662800,1535666399,0.01839000,0.01839000,0.01839000,0.01839000,0.00000000
1535666400,1535669999,0.01873000,0.01873000,0.01873000,0.01873000,140.90000000
1535670000,1535673599,0.01946000,0.01947000,0.01945000,0.01947000,458.20000000
1535673600,1535677199,0.01903000,0.01903000,0.01903000,0.01903000,2200.00000000
1535677200,1535680799,0.01903000,0.01903000,0.01903000,0.01903000,0.00000000
1535680800,1535684399,0.01928000,0.01928000,0.01913000,0.01913000,156.80000000
1535684400,1535687999,0.01913000,0.01913000,0.01913000,0.01913000,0.00000000
1535688000,1535691599,0.01913000,0.01913000,0.01913000,0.01913000,0.00000000
1535691600,1535695199,0.01929000,0.01929000,0.01929000,0.01929000,156.80000000
1535695200,1535698799,0.01906000,0.01906000,0.01906000,0.01906000,106.10000000
1535698800,1535702399,0.01906000,0.01906000,0.01906000,0.01906000,124.40000000
1535702400,1535705999,0.01945000,0.01945000,0.01923000,0.01923000,207.50000000
1535706000,1535709599,0.01923000,0.01923000,0.01923000,0.01923000,0.00000000
1535709600,1535713199,0.01941000,0.01943000,0.01923000,0.01923000,1100.10000000
1535713200,1535716799,0.01926000,0.01926000,0.01926000,0.01926000,135.40000000
1535716800,1535720399,0.01900000,0.01900000,0.01900000,0.01900000,1422.00000000
1535720400,1535723999,0.01900000,0.01900000,0.01900000,0.01900000,0.00000000
1535724000,1535727599,0.01900000,0.01900000,0.01900000,0.01900000,0.00000000
1535727600,1535731199,0.01971000,0.01971000,0.01965000,0.01965000,1934.90000000
1535731200,1535734799,0.01980000,0.01980000,0.01973000,0.01973000,101.80000000
1535734800,1535738399,0.01965000,0.01965000,0.01957000,0.01957000,102.00000000
1535738400,1535741999,0.01978000,0.01978000,0.01933000,0.01933000,167.50000000
1535742000,1535745599,0.01933000,0.01933000,0.01921000,0.01921000,346.80000000
1535745600,1535749199,0.01942000,0.01942000,0.01927000,0.01927000,1899.90000000
1535749200,1535752799,0.01927000,0.01927000,0.01921000,0.01921000,287.20000000
1535752800,1535756399,0.01921000,0.01921000,0.01921000,0.01921000,127.80000000
1535756400,1535759999,0.01896000,0.01896000,0.01896000,0.01896000,1.50000000
1535760000,1535763599,0.01916000,0.01916000,0.01916000,0.01916000,1.90000000
1535763600,1535767199,0.01864000,0.01864000,0.01864000,0.01864000,930.30000000
1535767200,1535770799,0.01860000,0.01860000,0.01860000,0.01860000,401.90000000
1535770800,1535774399,0.01860000,0.01860000,0.01860000,0.01860000,0.00000000
1535774400,1535777999,0.01860000,0.01860000,0.01860000,0.01860000,0.00000000
1535778000,1535781599,0.01860000,0.01860000,0.01860000,0.01860000,0.00000000
1535781600,1535785199,0.01943000,0.01993000,0.01943000,0.01993000,563.70000000
1535785200,1535788799,0.01925000,0.02020000,0.01925000,0.02020000,4129.50000000
1535788800,1535792399,0.02050000,0.02071000,0.01999000,0.01999000,6177.30000000
1535792400,1535795999,0.01999000,0.01999000,0.01999000,0.01999000,0.00000000
1535796000,1535799599,0.01991000,0.01991000,0.01975000,0.01975000,200.00000000
1535799600,1535803199,0.01975000,0.01975000,0.01975000,0.01975000,0.00000000
1535803200,1535806799,0.01962000,0.01962000,0.01962000,0.01962000,492.20000000
1535806800,1535810399,0.01962000,0.01962000,0.01962000,0.01962000,101.00000000
1535810400,1535813999,0.01965000,0.01965000,0.01965000,0.01965000,165.00000000
1535814000,1535817599,0.01944000,0.01944000,0.01944000,0.01944000,0.90000000
1535817600,1535821199,0.01944000,0.01944000,0.01944000,0.01944000,0.00000000
1535821200,1535824799,0.01944000,0.01944000,0.01944000,0.01944000,0.00000000
1535824800,1535828399,0.01944000,0.01944000,0.01944000,0.01944000,0.00000000
1535828400,1535831999,0.01944000,0.01944000,0.01944000,0.01944000,0.00000000
1535832000,1535835599,0.01944000,0.01944000,0.01944000,0.01944000,0.00000000
1535835600,1535839199,0.01944000,0.01944000,0.01944000,0.01944000,0.00000000
1535839200,1535842799,0.01998000,0.01998000,0.01998000,0.01998000,1908.40000000
1535842800,1535846399,0.01959000,0.01959000,0.01959000,0.01959000,1.50000000
1535846400,1535849999,0.01959000,0.01959000,0.01959000,0.01959000,714.00000000
1535850000,1535853599,0.01959000,0.01959000,0.01959000,0.01959000,510.00000000
1535853600,1535857199,0.01959000,0.01959000,0.01946000,0.01946000,2817.50000000
1535857200,1535860799,0.01946000,0.01946000,0.01946000,0.01946000,102.00000000
1535860800,1535864399,0.01946000,0.01946000,0.01946000,0.01946000,0.00000000
1535864400,1535867999,0.01951000,0.01951000,0.01951000,0.01951000,0.70000000
1535868000,1535871599,0.01951000,0.01951000,0.01951000,0.01951000,306.00000000
1535871600,1535875199,0.01951000,0.01951000,0.01951000,0.01951000,0.00000000
1535875200,1535878799,0.02000000,0.02006000,0.02000000,0.02006000,56.10000000
1535878800,1535882399,0.01959000,0.01959000,0.01959000,0.01959000,102.00000000
1535882400,1535885999,0.01951000,0.01951000,0.01951000,0.01951000,200.00000000
1535886000,1535889599,0.01951000,0.01951000,0.01944000,0.01944000,7042.00000000
1535889600,1535893199,0.01944000,0.01944000,0.01944000,0.01944000,0.00000000
1535893200,1535896799,0.01924000,0.01924000,0.01923000,0.01923000,3826.20000000
1535896800,1535900399,0.01923000,0.01923000,0.01923000,0.01923000,208.00000000
1535900400,1535903999,0.01923000,0.01923000,0.01923000,0.01923000,104.00000000
1535904000,1535907599,0.01901000,0.01901000,0.01901000,0.01901000,599.40000000
1535907600,1535911199,0.01901000,0.01901000,0.01901000,0.01901000,0.00000000
1535911200,1535914799,0.01911000,0.01911000,0.01911000,0.01911000,99.00000000
1535914800,1535918399,0.01911000,0.01911000,0.01911000,0.01911000,0.00000000
1535918400,1535921999,0.01911000,0.01911000,0.01911000,0.01911000,0.00000000
1535922000,1535925599,0.01911000,0.01911000,0.01911000,0.01911000,0.00000000
1535925600,1535929199,0.01911000,0.01911000,0.01911000,0.01911000,0.00000000
1535929200,1535932799,0.01938000,0.01938000,0.01911000,0.01911000,700.30000000
1535932800,1535936399,0.01902000,0.01913000,0.01901000,0.01913000,1493.90000000
1535936400,1535939999,0.01913000,0.01913000,0.01899000,0.01899000,255.00000000
1535940000,1535943599,0.01899000,0.01899000,0.01899000,0.01899000,0.00000000
1535943600,1535947199,0.01899000,0.01899000,0.01899000,0.01899000,0.00000000
1535947200,1535950799,0.01920000,0.01920000,0.01920000,0.01920000,57.70000000
1535950800,1535954399,0.01920000,0.01920000,0.01920000,0.01920000,0.00000000
1535954400,1535957999,0.01941000,0.01941000,0.01941000,0.01941000,100.00000000
1535958000,1535961599,0.01941000,0.01941000,0.01941000,0.01941000,0.90000000
1535961600,1535965199,0.01916000,0.01916000,0.01916000,0.01916000,0.10000000
1535965200,1535968799,0.01916000,0.01916000,0.01916000,0.01916000,0.00000000
1535968800,1535972399,0.01944000,0.01947000,0.01944000,0.01947000,1623.00000000
1535972400,1535975999,0.01947000,0.01947000,0.01947000,0.01947000,0.00000000
1535976000,1535979599,0.01924000,0.01959000,0.01924000,0.01959000,6909.50000000
1535979600,1535983199,0.01939000,0.01939000,0.01939000,0.01939000,401.00000000
1535983200,1535986799,0.01939000,0.01939000,0.01939000,0.01939000,0.00000000
1535986800,1535990399,0.01939000,0.01939000,0.01939000,0.01939000,0.00000000
1535990400,1535993999,0.01939000,0.01939000,0.01939000,0.01939000,0.00000000
1535994000,1535997599,0.01926000,0.01926000,0.01926000,0.01926000,759.70000000
1535997600,1536001199,0.01926000,0.01926000,0.01926000,0.01926000,0.00000000
1536001200,1536004799,0.01956000,0.01961000,0.01956000,0.01961000,2079.80000000
1536004800,1536008399,0.01961000,0.02010000,0.01961000,0.02000000,979.50000000
1536008400,1536011999,0.02020000,0.02020000,0.01978000,0.01978000,2263.70000000
1536012000,1536015599,0.01978000,0.01978000,0.01978000,0.01978000,0.00000000
1536015600,1536019199,0.01968000,0.01971000,0.01968000,0.01971000,547.30000000
1536019200,1536022799,0.01956000,0.01957000,0.01956000,0.01956000,602.80000000
1536022800,1536026399,0.01974000,0.01974000,0.01936000,0.01937000,4403.30000000
1536026400,1536029999,0.01962000,0.01962000,0.01962000,0.01962000,85.00000000
1536030000,1536033599,0.01962000,0.01962000,0.01962000,0.01962000,0.00000000
1536033600,1536037199,0.01962000,0.01962000,0.01962000,0.01962000,0.00000000
1536037200,1536040799,0.01932000,0.01936000,0.01932000,0.01936000,686.60000000
1536040800,1536044399,0.01923000,0.01936000,0.01912000,0.01912000,545.00000000
1536044400,1536047999,0.01912000,0.01912000,0.01912000,0.01912000,0.00000000
1536048000,1536051599,0.01913000,0.01913000,0.01913000,0.01913000,62.00000000
1536051600,1536055199,0.01931000,0.01932000,0.01910000,0.01910000,694.30000000
1536055200,1536058799,0.01910000,0.01910000,0.01910000,0.01910000,0.90000000
1536058800,1536062399,0.01910000,0.01910000,0.01910000,0.01910000,0.00000000
1536062400,1536065999,0.01910000,0.01949000,0.01910000,0.01949000,2499.60000000
1536066000,1536069599,0.01919000,0.01924000,0.01905000,0.01912000,409.70000000
1536069600,1536073199,0.01949000,0.01949000,0.01945000,0.01945000,1028.80000000
1536073200,1536076799,0.01945000,0.01945000,0.01945000,0.01945000,0.00000000
1536076800,1536080399,0.01945000,0.01945000,0.01945000,0.01945000,0.00000000
1536080400,1536083999,0.01945000,0.01945000,0.01945000,0.01945000,0.00000000
1536084000,1536087599,0.01945000,0.01945000,0.01945000,0.01945000,0.00000000
1536087600,1536091199,0.01945000,0.01952000,0.01945000,0.01952000,395.30000000
1536091200,1536094799,0.01957000,0.01957000,0.01955000,0.01955000,4327.40000000
1536094800,1536098399,0.01941000,0.01941000,0.01941000,0.01941000,0.90000000
1536098400,1536101999,0.01945000,0.01950000,0.01922000,0.01922000,4659.10000000
1536102000,1536105599,0.01960000,0.01960000,0.01960000,0.01960000,2.70000000
1536105600,1536109199,0.01960000,0.01960000,0.01960000,0.01960000,0.00000000
1536109200,1536112799,0.01919000,0.01959000,0.01919000,0.01959000,694.50000000
1536112800,1536116399,0.01966000,0.01966000,0.01966000,0.01966000,1.90000000
1536116400,1536119999,0.01966000,0.01966000,0.01966000,0.01966000,0.00000000
1536120000,1536123599,0.01966000,0.01966000,0.01966000,0.01966000,0.00000000
1536123600,1536127199,0.01957000,0.01957000,0.01944000,0.01944000,3751.90000000
1536127200,1536130799,0.01919000,0.01931000,0.01908000,0.01908000,3085.00000000
1536130800,1536134399,0.01908000,0.01908000,0.01908000,0.01908000,0.00000000
1536134400,1536137999,0.01900000,0.01919000,0.01900000,0.01919000,313.40000000
1536138000,1536141599,0.01933000,0.01933000,0.01933000,0.01933000,78.10000000
1536141600,1536145199,0.01911000,0.01911000,0.01791000,0.01808000,2575.30000000
1536145200,1536148799,0.01808000,0.01854000,0.01808000,0.01831000,2064.50000000
1536148800,1536152399,0.01826000,0.01826000,0.01797000,0.01810000,1937.00000000
1536152400,1536155999,0.01800000,0.01800000,0.01800000,0.01800000,80.00000000
1536156000,1536159599,0.01799000,0.01827000,0.01799000,0.01821000,7338.20000000
1536159600,1536163199,0.01821000,0.01821000,0.01821000,0.01821000,0.00000000
1536163200,1536166799,0.01821000,0.01821000,0.01821000,0.01821000,0.00000000
1536166800,1536170399,0.01790000,0.01796000,0.01741000,0.01741000,2796.00000000
1536170400,1536173999,0.01731000,0.01769000,0.01731000,0.01769000,1.00000000
1536174000,1536177599,0.01801000,0.01801000,0.01780000,0.01780000,116.60000000
1536177600,1536181199,0.01764000,0.01765000,0.01743000,0.01743000,464.20000000
1536181200,1536184799,0.01771000,0.01783000,0.01737000,0.01737000,834.50000000
1536184800,1536188399,0.01737000,0.01737000,0.01737000,0.01737000,0.00000000
1536188400,1536191999,0.01783000,0.01783000,0.01708000,0.01708000,929.60000000
1536192000,1536195599,0.01722000,0.01777000,0.01702000,0.01702000,825.90000000
1536195600,1536199199,0.01722000,0.01739000,0.01699000,0.01719000,378.10000000
1536199200,1536202799,0.01719000,0.01719000,0.01719000,0.01719000,59.20000000
1536202800,1536206399,0.01727000,0.01727000,0.01721000,0.01721000,4265.30000000
1536206400,1536209999,0.01708000,0.01710000,0.01682000,0.01708000,4872.60000000
1536210000,1536213599,0.01708000,0.01708000,0.01708000,0.01708000,0.00000000
1536213600,1536217199,0.01708000,0.01708000,0.01708000,0.01708000,0.00000000
1536217200,1536220799,0.01708000,0.01708000,0.01708000,0.01708000,0.00000000
1536220800,1536224399,0.01708000,0.01708000,0.01708000,0.01708000,0.00000000
1536224400,1536227999,0.01685000,0.01685000,0.01685000,0.01685000,62.30000000
1536228000,1536231599,0.01666000,0.01666000,0.01666000,0.01666000,62.30000000
1536231600,1536235199,0.01652000,0.01691000,0.01652000,0.01691000,62.90000000
1536235200,1536238799,0.01691000,0.01691000,0.01691000,0.01691000,0.00000000
1536238800,1536242399,0.01691000,0.01691000,0.01691000,0.01691000,0.00000000
1536242400,1536245999,0.01691000,0.01691000,0.01691000,0.01691000,0.00000000
1536246000,1536249599,0.01691000,0.01691000,0.01691000,0.01691000,0.00000000
1536249600,1536253199,0.01691000,0.01691000,0.01691000,0.01691000,0.00000000
1536253200,1536256799,0.01691000,0.01691000,0.01691000,0.01691000,0.00000000
1536256800,1536260399,0.01691000,0.01691000,0.01691000,0.01691000,0.00000000
1536260400,1536263999,0.01691000,0.01691000,0.01691000,0.01691000,0.00000000
1536264000,1536267599,0.01672000,0.01688000,0.01672000,0.01688000,461.70000000
1536267600,1536271199,0.01688000,0.01688000,0.01688000,0.01688000,0.00000000
1536271200,1536274799,0.01671000,0.01671000,0.01671000,0.01671000,700.00000000
1536274800,1536278399,0.01679000,0.01728000,0.01679000,0.01728000,224.60000000
1536278400,1536281999,0.01689000,0.01689000,0.01684000,0.01684000,188.50000000
1536282000,1536285599,0.01684000,0.01697000,0.01684000,0.01697000,142.40000000
1536285600,1536289199,0.01697000,0.01697000,0.01697000,0.01697000,0.00000000
1536289200,1536292799,0.01697000,0.01697000,0.01697000,0.01697000,117.80000000
1536292800,1536296399,0.01702000,0.01713000,0.01702000,0.01713000,2421.10000000
1536296400,1536299999,0.01704000,0.01704000,0.01700000,0.01700000,6236.40000000
1536300000,1536303599,0.01724000,0.01724000,0.01724000,0.01724000,411.70000000
1536303600,1536307199,0.01724000,0.01724000,0.01724000,0.01724000,0.00000000
1536307200,1536310799,0.01693000,0.01693000,0.01693000,0.01693000,415.60000000
1536310800,1536314399,0.01669000,0.01669000,0.01665000,0.01668000,2865.90000000
1536314400,1536317999,0.01668000,0.01668000,0.01668000,0.01668000,176.80000000
1536318000,1536321599,0.01668000,0.01668000,0.01668000,0.01668000,0.00000000
1536321600,1536325199,0.01668000,0.01668000,0.01668000,0.01668000,179.80000000
1536325200,1536328799,0.01668000,0.01668000,0.01668000,0.01668000,0.00000000
1536328800,1536332399,0.01668000,0.01668000,0.01668000,0.01668000,500.00000000
1536332400,1536335999,0.01668000,0.01668000,0.01668000,0.01668000,440.70000000
1536336000,1536339599,0.01668000,0.01668000,0.01668000,0.01668000,2398.00000000
1536339600,1536343199,0.01668000,0.01668000,0.01668000,0.01668000,0.00000000
1536343200,1536346799,0.01677000,0.01677000,0.01677000,0.01677000,62.60000000
1536346800,1536350399,0.01677000,0.01677000,0.01677000,0.01677000,711.00000000
1536350400,1536353999,0.01677000,0.01677000,0.01677000,0.01677000,82.90000000
1536354000,1536357599,0.01677000,0.01677000,0.01677000,0.01677000,92.80000000
1536357600,1536361199,0.01677000,0.01677000,0.01677000,0.01677000,2838.70000000
1536361200,1536364799,0.01679000,0.01679000,0.01679000,0.01679000,0.20000000
1536364800,1536368399,0.01726000,0.01726000,0.01726000,0.01726000,65.70000000
1536368400,1536371999,0.01726000,0.01726000,0.01726000,0.01726000,0.00000000
1536372000,1536375599,0.01726000,0.01726000,0.01726000,0.01726000,0.00000000
1536375600,1536379199,0.01726000,0.01726000,0.01726000,0.01726000,0.00000000
1536379200,1536382799,0.01726000,0.01726000,0.01726000,0.01726000,0.00000000
1536382800,1536386399,0.01726000,0.01726000,0.01726000,0.01726000,0.00000000
1536386400,1536389999,0.01726000,0.01726000,0.01726000,0.01726000,0.00000000
1536390000,1536393599,0.01726000,0.01726000,0.01726000,0.01726000,0.00000000
1536393600,1536397199,0.01683000,0.01683000,0.01677000,0.01677000,248.50000000
1536397200,1536400799,0.01677000,0.01677000,0.01677000,0.01677000,0.00000000
1536400800,1536404399,0.01677000,0.01677000,0.01677000,0.01677000,0.00000000
1536404400,1536407999,0.01677000,0.01677000,0.01677000,0.01677000,2035.90000000
1536408000,1536411599,0.01677000,0.01677000,0.01677000,0.01677000,0.00000000
1536411600,1536415199,0.01650000,0.01650000,0.01650000,0.01650000,2.80000000
1536415200,1536418799,0.01679000,0.01679000,0.01663000,0.01663000,4744.30000000
1536418800,1536422399,0.01663000,0.01663000,0.01663000,0.01663000,0.00000000
1536422400,1536425999,0.01663000,0.01663000,0.01663000,0.01663000,0.00000000
1536426000,1536429599,0.01663000,0.01663000,0.01663000,0.01663000,0.00000000
1536429600,1536433199,0.01652000,0.01652000,0.01652000,0.01652000,63.50000000
1536433200,1536436799,0.01652000,0.01652000,0.01652000,0.01652000,0.00000000
1536436800,1536440399,0.01652000,0.01652000,0.01645000,0.01645000,1642.90000000
1536440400,1536443999,0.01633000,0.01733000,0.01633000,0.01656000,11665.90000000
1536444000,1536447599,0.01656000,0.01656000,0.01656000,0.01656000,0.00000000
1536447600,1536451199,0.01656000,0.01656000,0.01656000,0.01656000,0.00000000
1536451200,1536454799,0.01656000,0.01656000,0.01656000,0.01656000,0.00000000
1536454800,1536458399,0.01681000,0.01695000,0.01681000,0.01695000,690.30000000
1536458400,1536461999,0.01703000,0.01703000,0.01703000,0.01703000,58.90000000
1536462000,1536465599,0.01703000,0.01703000,0.01703000,0.01703000,0.00000000
1536465600,1536469199,0.01703000,0.01703000,0.01703000,0.01703000,0.00000000
1536469200,1536472799,0.01703000,0.01703000,0.01703000,0.01703000,0.00000000
1536472800,1536476399,0.01703000,0.01703000,0.01703000,0.01703000,0.00000000
1536476400,1536479999,0.01703000,0.01703000,0.01703000,0.01703000,0.00000000
1536480000,1536483599,0.01703000,0.01703000,0.01703000,0.01703000,0.00000000
1536483600,1536487199,0.01703000,0.01703000,0.01703000,0.01703000,2.70000000
1536487200,1536490799,0.01752000,0.01752000,0.01752000,0.01752000,64.60000000
1536490800,1536494399,0.01752000,0.01752000,0.01752000,0.01752000,0.00000000
1536494400,1536497999,0.01752000,0.01752000,0.01752000,0.01752000,235.40000000
1536498000,1536501599,0.01766000,0.01801000,0.01752000,0.01752000,2828.30000000
1536501600,1536505199,0.01799000,0.01799000,0.01799000,0.01799000,38.10000000
1536505200,1536508799,0.01776000,0.01777000,0.01736000,0.01777000,320.80000000
1536508800,1536512399,0.01776000,0.01969000,0.01776000,0.01969000,2181.60000000
1536512400,1536515999,0.01914000,0.01962000,0.01864000,0.01898000,7691.80000000
1536516000,1536519599,0.01858000,0.01858000,0.01819000,0.01819000,1541.30000000
1536519600,1536523199,0.01846000,0.01904000,0.01845000,0.01900000,1249.80000000
1536523200,1536526799,0.01878000,0.01894000,0.01878000,0.01894000,3229.30000000
1536526800,1536530399,0.01834000,0.01864000,0.01834000,0.01864000,508.10000000
1536530400,1536533999,0.01864000,0.01864000,0.01864000,0.01864000,0.00000000
1536534000,1536537599,0.01826000,0.01854000,0.01826000,0.01840000,528.50000000
1536537600,1536541199,0.01828000,0.01833000,0.01773000,0.01773000,2970.50000000
1536541200,1536544799,0.01789000,0.01789000,0.01789000,0.01789000,268.10000000
1536544800,1536548399,0.01757000,0.01757000,0.01757000,0.01757000,0.90000000
1536548400,1536551999,0.01757000,0.01757000,0.01757000,0.01757000,0.00000000
1536552000,1536555599,0.01757000,0.01757000,0.01757000,0.01757000,0.00000000
1536555600,1536559199,0.01757000,0.01757000,0.01757000,0.01757000,0.00000000
1536559200,1536562799,0.01757000,0.01757000,0.01757000,0.01757000,0.00000000
1536562800,1536566399,0.01786000,0.01786000,0.01786000,0.01786000,58.70000000
1536566400,1536569999,0.01829000,0.01901000,0.01829000,0.01851000,1281.40000000
1536570000,1536573599,0.01820000,0.01832000,0.01788000,0.01832000,1812.20000000
1536573600,1536577199,0.01832000,0.01850000,0.01756000,0.01756000,18486.40000000
1536577200,1536580799,0.01756000,0.01756000,0.01756000,0.01756000,0.00000000
1536580800,1536584399,0.01836000,0.01849000,0.01818000,0.01818000,3562.10000000
1536584400,1536587999,0.01841000,0.01841000,0.01840000,0.01840000,3963.00000000
1536588000,1536591599,0.01840000,0.01840000,0.01840000,0.01840000,0.00000000
1536591600,1536595199,0.01832000,0.01832000,0.01832000,0.01832000,276.80000000
1536595200,1536598799,0.01832000,0.01832000,0.01832000,0.01832000,0.00000000
1536598800,1536602399,0.01794000,0.01794000,0.01788000,0.01788000,1089.20000000
1536602400,1536605999,0.01788000,0.01788000,0.01786000,0.01786000,678.30000000
1536606000,1536609599,0.01786000,0.01786000,0.01786000,0.01786000,0.00000000
1536609600,1536613199,0.01786000,0.01786000,0.01786000,0.01786000,0.00000000
1536613200,1536616799,0.01786000,0.01786000,0.01786000,0.01786000,0.00000000
1536616800,1536620399,0.01786000,0.01786000,0.01786000,0.01786000,0.00000000
1536620400,1536623999,0.01803000,0.01803000,0.01803000,0.01803000,2.70000000
1536624000,1536627599,0.01803000,0.01803000,0.01803000,0.01803000,0.00000000
1536627600,1536631199,0.01803000,0.01803000,0.01803000,0.01803000,0.00000000
1536631200,1536634799,0.01798000,0.01798000,0.01798000,0.01798000,58.30000000
1536634800,1536638399,0.01802000,0.01802000,0.01802000,0.01802000,55.50000000
1536638400,1536641999,0.01777000,0.01777000,0.01771000,0.01771000,235.70000000
1536642000,1536645599,0.01771000,0.01771000,0.01771000,0.01771000,0.00000000
1536645600,1536649199,0.01771000,0.01771000,0.01771000,0.01771000,0.00000000
1536649200,1536652799,0.01771000,0.01771000,0.01771000,0.01771000,0.00000000
1536652800,1536656399,0.01771000,0.01771000,0.01753000,0.01753000,2560.30000000
1536656400,1536659999,0.01753000,0.01753000,0.01753000,0.01753000,192.10000000
1536660000,1536663599,0.01753000,0.01753000,0.01753000,0.01753000,0.00000000
1536663600,1536667199,0.01753000,0.01753000,0.01753000,0.01753000,0.00000000
1536667200,1536670799,0.01753000,0.01753000,0.01753000,0.01753000,0.00000000
1536670800,1536674399,0.01753000,0.01753000,0.01753000,0.01753000,0.00000000
1536674400,1536677999,0.01715000,0.01715000,0.01715000,0.01715000,162.60000000
1536678000,1536681599,0.01685000,0.01700000,0.01685000,0.01695000,360.60000000
1536681600,1536685199,0.01714000,0.01715000,0.01713000,0.01715000,3217.80000000
1536685200,1536688799,0.01715000,0.01715000,0.01715000,0.01715000,0.00000000
1536688800,1536692399,0.01649000,0.01649000,0.01649000,0.01649000,60.80000000
1536692400,1536695999,0.01684000,0.01684000,0.01684000,0.01684000,62.30000000
1536696000,1536699599,0.01684000,0.01684000,0.01684000,0.01684000,0.00000000
1536699600,1536703199,0.01680000,0.01680000,0.01680000,0.01680000,1.90000000
1536703200,1536706799,0.01680000,0.01680000,0.01680000,0.01680000,0.80000000
1536706800,1536710399,0.01718000,0.01718000,0.01718000,0.01718000,1.70000000
1536710400,1536713999,0.01720000,0.01720000,0.01720000,0.01720000,1.10000000
1536714000,1536717599,0.01720000,0.01720000,0.01720000,0.01720000,0.00000000
1536717600,1536721199,0.01665000,0.01665000,0.01665000,0.01665000,62.30000000
1536721200,1536724799,0.01665000,0.01665000,0.01665000,0.01665000,0.00000000
1536724800,1536728399,0.01665000,0.01665000,0.01665000,0.01665000,0.00000000
1536728400,1536731999,0.01661000,0.01661000,0.01650000,0.01650000,597.30000000
1536732000,1536735599,0.01650000,0.01650000,0.01650000,0.01650000,0.00000000
1536735600,1536739199,0.01651000,0.01651000,0.01636000,0.01636000,7322.00000000
1536739200,1536742799,0.01610000,0.01610000,0.01607000,0.01609000,1596.40000000
1536742800,1536746399,0.01608000,0.01653000,0.01608000,0.01653000,1437.00000000
1536746400,1536749999,0.01653000,0.01653000,0.01653000,0.01653000,0.00000000
1536750000,1536753599,0.01602000,0.01602000,0.01602000,0.01602000,64.70000000
1536753600,1536757199,0.01602000,0.01602000,0.01602000,0.01602000,0.00000000
1536757200,1536760799,0.01602000,0.01602000,0.01602000,0.01602000,0.00000000
1536760800,1536764399,0.01641000,0.01641000,0.01641000,0.01641000,63.90000000
1536764400,1536767999,0.01641000,0.01641000,0.01641000,0.01641000,0.00000000
1536768000,1536771599,0.01641000,0.01641000,0.01641000,0.01641000,0.00000000
1536771600,1536775199,0.01622000,0.01622000,0.01622000,0.01622000,63.90000000
1536775200,1536778799,0.01660000,0.01660000,0.01660000,0.01660000,63.20000000
1536778800,1536782399,0.01660000,0.01660000,0.01660000,0.01660000,0.00000000
1536782400,1536785999,0.01660000,0.01660000,0.01660000,0.01660000,0.00000000
1536786000,1536789599,0.01660000,0.01660000,0.01660000,0.01660000,0.00000000
1536789600,1536793199,0.01708000,0.01708000,0.01708000,0.01708000,66.30000000
1536793200,1536796799,0.01684000,0.01684000,0.01684000,0.01684000,1.10000000
1536796800,1536800399,0.01718000,0.01718000,0.01718000,0.01718000,291.00000000
1536800400,1536803999,0.01718000,0.01718000,0.01718000,0.01718000,0.00000000
1536804000,1536807599,0.01718000,0.01718000,0.01718000,0.01718000,0.00000000
1536807600,1536811199,0.01718000,0.01718000,0.01718000,0.01718000,0.00000000
1536811200,1536814799,0.01684000,0.01684000,0.01684000,0.01684000,246.00000000
1536814800,1536818399,0.01684000,0.01684000,0.01684000,0.01684000,0.00000000
1536818400,1536821999,0.01684000,0.01684000,0.01684000,0.01684000,0.00000000
1536822000,1536825599,0.01684000,0.01684000,0.01684000,0.01684000,1073.80000000
1536825600,1536829199,0.01691000,0.01692000,0.01665000,0.01665000,4564.50000000
1536829200,1536832799,0.01665000,0.01677000,0.01624000,0.01624000,261.80000000
1536832800,1536836399,0.01624000,0.01624000,0.01624000,0.01624000,0.00000000
1536836400,1536839999,0.01690000,0.01721000,0.01690000,0.01721000,5771.70000000
1536840000,1536843599,0.01721000,0.01721000,0.01698000,0.01698000,1632.60000000
1536843600,1536847199,0.01698000,0.01698000,0.01698000,0.01698000,0.00000000
1536847200,1536850799,0.01698000,0.01698000,0.01698000,0.01698000,0.00000000
1536850800,1536854399,0.01731000,0.01739000,0.01722000,0.01722000,6414.50000000
1536854400,1536857999,0.01739000,0.01739000,0.01739000,0.01739000,7.10000000
1536858000,1536861599,0.01743000,0.01743000,0.01743000,0.01743000,116.20000000
1536861600,1536865199,0.01743000,0.01743000,0.01743000,0.01743000,0.00000000
1536865200,1536868799,0.01743000,0.01743000,0.01743000,0.01743000,0.00000000
1536868800,1536872399,0.01743000,0.01743000,0.01743000,0.01743000,0.00000000
1536872400,1536875999,0.01743000,0.01743000,0.01743000,0.01743000,0.00000000
1536876000,1536879599,0.01743000,0.01743000,0.01743000,0.01743000,0.00000000
1536879600,1536883199,0.01725000,0.01725000,0.01725000,0.01725000,2.00000000
1536883200,1536886799,0.01756000,0.01756000,0.01756000,0.01756000,107.90000000
1536886800,1536890399,0.01756000,0.01756000,0.01756000,0.01756000,0.00000000
1536890400,1536893999,0.01720000,0.01720000,0.01720000,0.01720000,107.90000000
1536894000,1536897599,0.01720000,0.01720000,0.01720000,0.01720000,0.00000000
1536897600,1536901199,0.01744000,0.01744000,0.01743000,0.01743000,6195.00000000
1536901200,1536904799,0.01743000,0.01743000,0.01743000,0.01743000,0.00000000
1536904800,1536908399,0.01743000,0.01743000,0.01743000,0.01743000,0.00000000
1536908400,1536911999,0.01764000,0.01771000,0.01764000,0.01771000,2951.70000000
1536912000,1536915599,0.01747000,0.01747000,0.01747000,0.01747000,101.00000000
1536915600,1536919199,0.01747000,0.01747000,0.01705000,0.01705000,657.30000000
1536919200,1536922799,0.01695000,0.01728000,0.01695000,0.01708000,667.60000000
1536922800,1536926399,0.01708000,0.01708000,0.01708000,0.01708000,0.00000000
1536926400,1536929999,0.01708000,0.01708000,0.01708000,0.01708000,0.00000000
1536930000,1536933599,0.01687000,0.01687000,0.01685000,0.01685000,386.30000000
1536933600,1536937199,0.01670000,0.01670000,0.01670000,0.01670000,997.00000000
1536937200,1536940799,0.01670000,0.01670000,0.01670000,0.01670000,0.00000000
1536940800,1536944399,0.01669000,0.01681000,0.01651000,0.01681000,196.80000000
1536944400,1536947999,0.01662000,0.01662000,0.01662000,0.01662000,0.10000000
1536948000,1536951599,0.01662000,0.01662000,0.01662000,0.01662000,0.00000000
1536951600,1536955199,0.01662000,0.01662000,0.01662000,0.01662000,0.00000000
1536955200,1536958799,0.01669000,0.01669000,0.01669000,0.01669000,8345.40000000
1536958800,1536962399,0.01665000,0.01665000,0.01665000,0.01665000,66.00000000
1536962400,1536965999,0.01665000,0.01665000,0.01665000,0.01665000,0.00000000
1536966000,1536969599,0.01694000,0.01694000,0.01662000,0.01662000,187.60000000
1536969600,1536973199,0.01642000,0.01644000,0.01642000,0.01644000,325.20000000
1536973200,1536976799,0.01644000,0.01644000,0.01644000,0.01644000,0.00000000
1536976800,1536980399,0.01644000,0.01644000,0.01644000,0.01644000,0.00000000
1536980400,1536983999,0.01644000,0.01644000,0.01644000,0.01644000,0.00000000
1536984000,1536987599,0.01644000,0.01644000,0.01644000,0.01644000,0.00000000
1536987600,1536991199,0.01644000,0.01644000,0.01644000,0.01644000,0.00000000
1536991200,1536994799,0.01644000,0.01644000,0.01644000,0.01644000,0.00000000
1536994800,1536998399,0.01635000,0.01635000,0.01635000,0.01635000,64.20000000
1536998400,1537001999,0.01635000,0.01635000,0.01635000,0.01635000,269.10000000
1537002000,1537005599,0.01644000,0.01647000,0.01644000,0.01647000,532.80000000
1537005600,1537009199,0.01661000,0.01661000,0.01661000,0.01661000,2428.80000000
1537009200,1537012799,0.01661000,0.01661000,0.01661000,0.01661000,0.00000000
1537012800,1537016399,0.01665000,0.01665000,0.01665000,0.01665000,0.30000000
1537016400,1537019999,0.01665000,0.01665000,0.01658000,0.01658000,415.60000000
1537020000,1537023599,0.01683000,0.01683000,0.01683000,0.01683000,67.40000000
1537023600,1537027199,0.01711000,0.01711000,0.01707000,0.01707000,17.90000000
1537027200,1537030799,0.01707000,0.01707000,0.01707000,0.01707000,0.00000000
1537030800,1537034399,0.01715000,0.01715000,0.01714000,0.01714000,21.30000000
1537034400,1537037999,0.01714000,0.01714000,0.01714000,0.01714000,0.00000000
1537038000,1537041599,0.01693000,0.01693000,0.01693000,0.01693000,0.10000000
1537041600,1537045199,0.01693000,0.01693000,0.01693000,0.01693000,0.00000000
1537045200,1537048799,0.01693000,0.01693000,0.01693000,0.01693000,0.00000000
1537048800,1537052399,0.01693000,0.01693000,0.01693000,0.01693000,0.00000000
1537052400,1537055999,0.01728000,0.02000000,0.01728000,0.01894000,42807.70000000
1537056000,1537059599,0.01890000,0.01936000,0.01800000,0.01838000,10115.00000000
1537059600,1537063199,0.01817000,0.01851000,0.01817000,0.01851000,406.80000000
1537063200,1537066799,0.01871000,0.01900000,0.01830000,0.01830000,376.30000000
1537066800,1537070399,0.01830000,0.01837000,0.01790000,0.01800000,1670.60000000
1537070400,1537073999,0.01808000,0.01808000,0.01808000,0.01808000,0.10000000
1537074000,1537077599,0.01785000,0.01815000,0.01785000,0.01815000,2363.40000000
1537077600,1537081199,0.01815000,0.01837000,0.01802000,0.01812000,816.50000000
1537081200,1537084799,0.01812000,0.01812000,0.01812000,0.01812000,0.00000000
1537084800,1537088399,0.01812000,0.01812000,0.01812000,0.01812000,0.00000000
1537088400,1537091999,0.01825000,0.01825000,0.01804000,0.01804000,6708.70000000
1537092000,1537095599,0.01810000,0.01810000,0.01810000,0.01810000,57.00000000
1537095600,1537099199,0.01810000,0.01810000,0.01810000,0.01810000,0.00000000
1537099200,1537102799,0.01810000,0.01810000,0.01810000,0.01810000,0.00000000
1537102800,1537106399,0.01859000,0.01887000,0.01859000,0.01887000,4094.60000000
1537106400,1537109999,0.01820000,0.01820000,0.01814000,0.01814000,815.90000000
1537110000,1537113599,0.01815000,0.01888000,0.01805000,0.01888000,2356.90000000
1537113600,1537117199,0.01922000,0.01997000,0.01896000,0.01915000,10441.60000000
1537117200,1537120799,0.01951000,0.01951000,0.01886000,0.01886000,529.70000000
1537120800,1537124399,0.01877000,0.01937000,0.01877000,0.01937000,4266.20000000
1537124400,1537127999,0.01959000,0.02017000,0.01931000,0.01960000,5016.50000000
1537128000,1537131599,0.01945000,0.01949000,0.01919000,0.01919000,565.40000000
1537131600,1537135199,0.01928000,0.01928000,0.01928000,0.01928000,1453.50000000
1537135200,1537138799,0.01899000,0.01915000,0.01877000,0.01895000,757.60000000
1537138800,1537142399,0.01877000,0.01877000,0.01877000,0.01877000,9.20000000
1537142400,1537145999,0.01891000,0.01907000,0.01891000,0.01907000,289.40000000
1537146000,1537149599,0.01917000,0.01959000,0.01917000,0.01959000,4610.00000000
1537149600,1537153199,0.01937000,0.01937000,0.01913000,0.01913000,706.10000000
1537153200,1537156799,0.01942000,0.01966000,0.01935000,0.01958000,1073.20000000
1537156800,1537160399,0.01966000,0.02105000,0.01933000,0.02034000,9686.20000000
1537160400,1537163999,0.02003000,0.02007000,0.01972000,0.01998000,3080.90000000
1537164000,1537167599,0.01953000,0.01953000,0.01945000,0.01945000,4012.10000000
1537167600,1537171199,0.01957000,0.01977000,0.01930000,0.01930000,503.60000000
1537171200,1537174799,0.01945000,0.01945000,0.01945000,0.01945000,321.00000000
1537174800,1537178399,0.01945000,0.01945000,0.01945000,0.01945000,0.00000000
1537178400,1537181999,0.01927000,0.01953000,0.01927000,0.01953000,23.70000000
1537182000,1537185599,0.01953000,0.01953000,0.01953000,0.01953000,0.00000000
1537185600,1537189199,0.01918000,0.01934000,0.01908000,0.01934000,2849.20000000
1537189200,1537192799,0.01934000,0.01934000,0.01934000,0.01934000,54.20000000
1537192800,1537196399,0.01912000,0.01926000,0.01860000,0.01926000,10120.20000000
1537196400,1537199999,0.01861000,0.01861000,0.01854000,0.01854000,776.70000000
1537200000,1537203599,0.01849000,0.01854000,0.01849000,0.01854000,3424.90000000
1537203600,1537207199,0.01854000,0.01854000,0.01854000,0.01854000,0.00000000
1537207200,1537210799,0.01828000,0.01843000,0.01824000,0.01843000,596.10000000
1537210800,1537214399,0.01843000,0.01843000,0.01843000,0.01843000,59.60000000
1537214400,1537217999,0.01812000,0.01812000,0.01812000,0.01812000,55.30000000
1537218000,1537221599,0.01812000,0.01812000,0.01812000,0.01812000,4.70000000
1537221600,1537225199,0.01812000,0.01812000,0.01812000,0.01812000,0.00000000
1537225200,1537228799,0.01840000,0.01840000,0.01792000,0.01792000,72.90000000
1537228800,1537232399,0.01792000,0.01792000,0.01792000,0.01792000,0.00000000
1537232400,1537235999,0.01813000,0.01830000,0.01813000,0.01830000,2302.80000000
1537236000,1537239599,0.01836000,0.01836000,0.01836000,0.01836000,791.20000000
1537239600,1537243199,0.01870000,0.01870000,0.01866000,0.01866000,4.30000000
1537243200,1537246799,0.01817000,0.01856000,0.01817000,0.01856000,139.20000000
1537246800,1537250399,0.01856000,0.01856000,0.01856000,0.01856000,0.00000000
1537250400,1537253999,0.01856000,0.01856000,0.01856000,0.01856000,0.00000000
1537254000,1537257599,0.01856000,0.01856000,0.01856000,0.01856000,0.00000000
1537257600,1537261199,0.01856000,0.01856000,0.01856000,0.01856000,0.00000000
1537261200,1537264799,0.01857000,0.01857000,0.01856000,0.01856000,20.00000000
1537264800,1537268399,0.01821000,0.01821000,0.01821000,0.01821000,274.00000000
1537268400,1537271999,0.01845000,0.01845000,0.01845000,0.01845000,69.60000000
1537272000,1537275599,0.01857000,0.01959000,0.01857000,0.01904000,1544.80000000
1537275600,1537279199,0.01944000,0.01944000,0.01903000,0.01903000,347.40000000
1537279200,1537282799,0.01878000,0.01910000,0.01878000,0.01880000,364.40000000
1537282800,1537286399,0.01917000,0.01956000,0.01898000,0.01898000,3130.30000000
1537286400,1537289999,0.01909000,0.01909000,0.01909000,0.01909000,331.30000000
1537290000,1537293599,0.01909000,0.01909000,0.01909000,0.01909000,0.00000000
1537293600,1537297199,0.01879000,0.01885000,0.01843000,0.01843000,2888.90000000
1537297200,1537300799,0.01843000,0.01843000,0.01843000,0.01843000,0.00000000
1537300800,1537304399,0.01877000,0.01880000,0.01856000,0.01873000,234.50000000
1537304400,1537307999,0.01873000,0.01873000,0.01873000,0.01873000,0.00000000
1537308000,1537311599,0.01873000,0.01873000,0.01873000,0.01873000,0.00000000
1537311600,1537315199,0.01868000,0.01868000,0.01825000,0.01825000,800.00000000
1537315200,1537318799,0.01860000,0.01880000,0.01832000,0.01880000,392.50000000
1537318800,1537322399,0.01845000,0.01845000,0.01820000,0.01820000,158.40000000
1537322400,1537325999,0.01858000,0.01858000,0.01858000,0.01858000,56.50000000
1537326000,1537329599,0.01858000,0.01858000,0.01858000,0.01858000,0.00000000
1537329600,1537333199,0.01872000,0.01872000,0.01850000,0.01850000,107.70000000
1537333200,1537336799,0.01850000,0.01850000,0.01850000,0.01850000,0.00000000
1537336800,1537340399,0.01857000,0.01857000,0.01828000,0.01851000,9242.50000000
1537340400,1537343999,0.01851000,0.01851000,0.01851000,0.01851000,0.00000000
1537344000,1537347599,0.01851000,0.01851000,0.01851000,0.01851000,0.00000000
1537347600,1537351199,0.01851000,0.01851000,0.01851000,0.01851000,0.00000000
1537351200,1537354799,0.01871000,0.01873000,0.01871000,0.01873000,174.70000000
1537354800,1537358399,0.01855000,0.01855000,0.01855000,0.01855000,0.20000000
1537358400,1537361999,0.01849000,0.01849000,0.01800000,0.01807000,756.50000000
1537362000,1537365599,0.01807000,0.01807000,0.01807000,0.01807000,0.00000000
1537365600,1537369199,0.01820000,0.01841000,0.01820000,0.01841000,0.40000000
1537369200,1537372799,0.01841000,0.01841000,0.01841000,0.01841000,0.00000000
1537372800,1537376399,0.01841000,0.01841000,0.01841000,0.01841000,0.00000000
1537376400,1537379999,0.01841000,0.01841000,0.01841000,0.01841000,0.00000000
1537380000,1537383599,0.01794000,0.01794000,0.01794000,0.01794000,364.00000000
1537383600,1537387199,0.01816000,0.01818000,0.01816000,0.01818000,333.30000000
1537387200,1537390799,0.01855000,0.01855000,0.01855000,0.01855000,845.80000000
1537390800,1537394399,0.01855000,0.01855000,0.01855000,0.01855000,0.00000000
1537394400,1537397999,0.01855000,0.01855000,0.01855000,0.01855000,0.00000000
1537398000,1537401599,0.01798000,0.01841000,0.01798000,0.01841000,74.00000000
1537401600,1537405199,0.01809000,0.01809000,0.01809000,0.01809000,1.00000000
1537405200,1537408799,0.01809000,0.01809000,0.01809000,0.01809000,0.90000000
1537408800,1537412399,0.01809000,0.01809000,0.01809000,0.01809000,2419.10000000
1537412400,1537415999,0.01797000,0.01799000,0.01797000,0.01799000,133.70000000
1537416000,1537419599,0.01799000,0.01799000,0.01799000,0.01799000,0.00000000
1537419600,1537423199,0.01797000,0.01797000,0.01797000,0.01797000,1.90000000
1537423200,1537426799,0.01807000,0.01807000,0.01807000,0.01807000,547.00000000
1537426800,1537430399,0.01791000,0.01791000,0.01791000,0.01791000,73.00000000
1537430400,1537433999,0.01791000,0.01791000,0.01757000,0.01784000,1345.20000000
1537434000,1537437599,0.01760000,0.01786000,0.01713000,0.01786000,440.40000000
1537437600,1537441199,0.01770000,0.01770000,0.01769000,0.01769000,262.60000000
1537441200,1537444799,0.01785000,0.01785000,0.01784000,0.01784000,1382.50000000
1537444800,1537448399,0.01786000,0.01794000,0.01786000,0.01794000,245.70000000
1537448400,1537451999,0.01807000,0.01807000,0.01805000,0.01805000,796.60000000
1537452000,1537455599,0.01805000,0.01805000,0.01805000,0.01805000,0.00000000
1537455600,1537459199,0.01805000,0.01805000,0.01805000,0.01805000,0.00000000
1537459200,1537462799,0.01804000,0.01804000,0.01803000,0.01803000,1396.00000000
1537462800,1537466399,0.01803000,0.01803000,0.01803000,0.01803000,0.00000000
1537466400,1537469999,0.01803000,0.01803000,0.01803000,0.01803000,0.00000000
1537470000,1537473599,0.01803000,0.01803000,0.01803000,0.01803000,3.80000000
1537473600,1537477199,0.01803000,0.01803000,0.01803000,0.01803000,0.00000000
1537477200,1537480799,0.01773000,0.01803000,0.01773000,0.01803000,5332.70000000
1537480800,1537484399,0.01803000,0.01881000,0.01803000,0.01881000,8245.60000000
1537484400,1537487999,0.01851000,0.01879000,0.01827000,0.01833000,535.40000000
1537488000,1537491599,0.01836000,0.01837000,0.01836000,0.01837000,3858.50000000
1537491600,1537495199,0.01809000,0.01809000,0.01809000,0.01809000,119.30000000
1537495200,1537498799,0.01808000,0.01808000,0.01807000,0.01807000,407.30000000
1537498800,1537502399,0.01810000,0.01810000,0.01807000,0.01807000,2675.20000000
1537502400,1537505999,0.01807000,0.01817000,0.01807000,0.01813000,1120.80000000
1537506000,1537509599,0.01813000,0.01813000,0.01813000,0.01813000,0.00000000
1537509600,1537513199,0.01813000,0.01813000,0.01813000,0.01813000,191.00000000
1537513200,1537516799,0.01813000,0.01817000,0.01813000,0.01817000,1.10000000
1537516800,1537520399,0.01817000,0.01817000,0.01817000,0.01817000,0.00000000
1537520400,1537523999,0.01817000,0.01817000,0.01817000,0.01817000,0.00000000
1537524000,1537527599,0.01815000,0.01847000,0.01815000,0.01847000,185.70000000
1537527600,1537531199,0.01824000,0.01826000,0.01819000,0.01825000,5030.70000000
1537531200,1537534799,0.01798000,0.01832000,0.01783000,0.01832000,336.20000000
1537534800,1537538399,0.01872000,0.01881000,0.01848000,0.01868000,4519.00000000
1537538400,1537541999,0.01865000,0.01929000,0.01865000,0.01880000,5102.00000000
1537542000,1537545599,0.01904000,0.01904000,0.01873000,0.01873000,58.10000000
1537545600,1537549199,0.01873000,0.01940000,0.01873000,0.01940000,6097.30000000
1537549200,1537552799,0.01940000,0.01946000,0.01901000,0.01915000,273.10000000
1537552800,1537556399,0.01948000,0.02112000,0.01925000,0.01977000,3708.50000000
1537556400,1537559999,0.02010000,0.02132000,0.02002000,0.02002000,9201.40000000
1537560000,1537563599,0.02020000,0.02021000,0.01928000,0.01965000,568.10000000
1537563600,1537567199,0.01966000,0.01967000,0.01966000,0.01967000,58.30000000
1537567200,1537570799,0.02017000,0.02018000,0.01939000,0.01962000,1731.90000000
1537570800,1537574399,0.01942000,0.01960000,0.01925000,0.01960000,4787.00000000
1537574400,1537577999,0.01880000,0.01926000,0.01880000,0.01904000,187.20000000
1537578000,1537581599,0.01904000,0.01904000,0.01904000,0.01904000,0.00000000
1537581600,1537585199,0.01908000,0.01908000,0.01908000,0.01908000,55.00000000
1537585200,1537588799,0.01908000,0.01908000,0.01908000,0.01908000,0.00000000
1537588800,1537592399,0.01956000,0.02052000,0.01943000,0.01943000,6903.20000000
1537592400,1537595999,0.01929000,0.01944000,0.01929000,0.01937000,1213.00000000
1537596000,1537599599,0.01897000,0.01897000,0.01897000,0.01897000,0.90000000
1537599600,1537603199,0.01915000,0.01915000,0.01850000,0.01850000,5038.90000000
1537603200,1537606799,0.01918000,0.01930000,0.01897000,0.01897000,860.90000000
1537606800,1537610399,0.01878000,0.01892000,0.01878000,0.01892000,663.10000000
1537610400,1537613999,0.01879000,0.01890000,0.01879000,0.01890000,868.10000000
1537614000,1537617599,0.01908000,0.01908000,0.01904000,0.01904000,655.00000000
1537617600,1537621199,0.01886000,0.01886000,0.01830000,0.01830000,141.90000000
1537621200,1537624799,0.01830000,0.01830000,0.01830000,0.01830000,0.00000000
1537624800,1537628399,0.01840000,0.01840000,0.01840000,0.01840000,0.80000000
1537628400,1537631999,0.01849000,0.01849000,0.01839000,0.01841000,711.10000000
1537632000,1537635599,0.01830000,0.01830000,0.01830000,0.01830000,0.60000000
1537635600,1537639199,0.01873000,0.01873000,0.01873000,0.01873000,56.00000000
1537639200,1537642799,0.01851000,0.01851000,0.01851000,0.01851000,56.00000000
1537642800,1537646399,0.01877000,0.01877000,0.01877000,0.01877000,55.90000000
1537646400,1537649999,0.01920000,0.01920000,0.01890000,0.01890000,272.00000000
1537650000,1537653599,0.01890000,0.01890000,0.01890000,0.01890000,67.40000000
1537653600,1537657199,0.01890000,0.01890000,0.01890000,0.01890000,169.80000000
1537657200,1537660799,0.01932000,0.01932000,0.01880000,0.01880000,7.90000000
1537660800,1537664399,0.01928000,0.01933000,0.01928000,0.01933000,126.60000000
1537664400,1537667999,0.01924000,0.01945000,0.01893000,0.01893000,638.50000000
1537668000,1537671599,0.01893000,0.01893000,0.01893000,0.01893000,0.00000000
1537671600,1537675199,0.01981000,0.01981000,0.01965000,0.01965000,10.00000000
1537675200,1537678799,0.01965000,0.01965000,0.01965000,0.01965000,0.00000000
1537678800,1537682399,0.01960000,0.01960000,0.01960000,0.01960000,1.00000000
1537682400,1537685999,0.01960000,0.01966000,0.01960000,0.01966000,4507.90000000
1537686000,1537689599,0.01989000,0.02000000,0.01975000,0.01993000,856.40000000
1537689600,1537693199,0.02000000,0.02022000,0.01962000,0.01975000,5571.90000000
1537693200,1537696799,0.01985000,0.01985000,0.01985000,0.01985000,1000.00000000
1537696800,1537700399,0.01961000,0.01961000,0.01961000,0.01961000,453.70000000
1537700400,1537703999,0.02007000,0.02009000,0.02000000,0.02000000,2142.00000000
1537704000,1537707599,0.02011000,0.02011000,0.01926000,0.01926000,6431.40000000
1537707600,1537711199,0.01926000,0.01926000,0.01926000,0.01926000,0.00000000
1537711200,1537714799,0.01994000,0.01994000,0.01955000,0.01955000,152.60000000
1537714800,1537718399,0.01939000,0.01939000,0.01917000,0.01917000,5869.20000000
1537718400,1537721999,0.01917000,0.01917000,0.01917000,0.01917000,0.00000000
1537722000,1537725599,0.01923000,0.01923000,0.01913000,0.01913000,362.50000000
1537725600,1537729199,0.01913000,0.01913000,0.01913000,0.01913000,0.00000000
1537729200,1537732799,0.01934000,0.01934000,0.01934000,0.01934000,54.20000000
1537732800,1537736399,0.01912000,0.01912000,0.01912000,0.01912000,0.80000000
1537736400,1537739999,0.01936000,0.01937000,0.01917000,0.01917000,2564.20000000
1537740000,1537743599,0.01917000,0.01917000,0.01917000,0.01917000,0.00000000
1537743600,1537747199,0.01917000,0.01917000,0.01917000,0.01917000,0.00000000
1537747200,1537750799,0.01914000,0.01914000,0.01914000,0.01914000,1.30000000
1537750800,1537754399,0.01914000,0.01914000,0.01914000,0.01914000,0.00000000
1537754400,1537757999,0.01914000,0.01914000,0.01914000,0.01914000,0.00000000
1537758000,1537761599,0.01919000,0.01919000,0.01919000,0.01919000,94.90000000
1537761600,1537765199,0.01957000,0.01958000,0.01957000,0.01958000,1855.50000000
1537765200,1537768799,0.01924000,0.01924000,0.01924000,0.01924000,80.60000000
1537768800,1537772399,0.01924000,0.01924000,0.01924000,0.01924000,0.00000000
1537772400,1537775999,0.01953000,0.01953000,0.01953000,0.01953000,5.00000000
1537776000,1537779599,0.01919000,0.01919000,0.01895000,0.01895000,418.80000000
1537779600,1537783199,0.01895000,0.01895000,0.01895000,0.01895000,0.00000000
1537783200,1537786799,0.01869000,0.01869000,0.01869000,0.01869000,0.90000000
1537786800,1537790399,0.01869000,0.01869000,0.01869000,0.01869000,0.00000000
1537790400,1537793999,0.01869000,0.01869000,0.01869000,0.01869000,573.50000000
1537794000,1537797599,0.01871000,0.01872000,0.01871000,0.01872000,136.80000000
1537797600,1537801199,0.01870000,0.01870000,0.01870000,0.01870000,75.30000000
1537801200,1537804799,0.01870000,0.01870000,0.01870000,0.01870000,0.00000000
1537804800,1537808399,0.01870000,0.01870000,0.01870000,0.01870000,0.00000000
1537808400,1537811999,0.01870000,0.01870000,0.01870000,0.01870000,0.00000000
1537812000,1537815599,0.01896000,0.01896000,0.01896000,0.01896000,55.30000000
1537815600,1537819199,0.01896000,0.01896000,0.01896000,0.01896000,0.00000000
1537819200,1537822799,0.01896000,0.01896000,0.01896000,0.01896000,0.00000000
1537822800,1537826399,0.01896000,0.01896000,0.01896000,0.01896000,0.00000000
1537826400,1537829999,0.01874000,0.01874000,0.01874000,0.01874000,55.30000000
1537830000,1537833599,0.01874000,0.01874000,0.01874000,0.01874000,0.00000000
1537833600,1537837199,0.01850000,0.01931000,0.01849000,0.01930000,9913.10000000
1537837200,1537840799,0.01874000,0.01874000,0.01874000,0.01874000,2277.70000000
1537840800,1537844399,0.01874000,0.01874000,0.01874000,0.01874000,0.00000000
1537844400,1537847999,0.01874000,0.01874000,0.01874000,0.01874000,0.00000000
1537848000,1537851599,0.01890000,0.01890000,0.01890000,0.01890000,55.50000000
1537851600,1537855199,0.01868000,0.01868000,0.01868000,0.01868000,55.50000000
1537855200,1537858799,0.01884000,0.01884000,0.01884000,0.01884000,191.40000000
1537858800,1537862399,0.01849000,0.01849000,0.01824000,0.01824000,417.40000000
1537862400,1537865999,0.01808000,0.01847000,0.01808000,0.01847000,55.00000000
1537866000,1537869599,0.01847000,0.01847000,0.01847000,0.01847000,0.00000000
1537869600,1537873199,0.01847000,0.01847000,0.01803000,0.01847000,712.80000000
1537873200,1537876799,0.01847000,0.01847000,0.01847000,0.01847000,0.00000000
1537876800,1537880399,0.01848000,0.02316000,0.01848000,0.02014000,46002.40000000
1537880400,1537883999,0.02026000,0.02226000,0.02026000,0.02093000,25244.60000000
1537884000,1537887599,0.02149000,0.02320000,0.02046000,0.02215000,14107.10000000
1537887600,1537891199,0.02260000,0.02260000,0.02153000,0.02178000,10342.40000000
1537891200,1537894799,0.02207000,0.02208000,0.02091000,0.02091000,6050.80000000
1537894800,1537898399,0.02123000,0.02155000,0.02120000,0.02144000,4079.40000000
1537898400,1537901999,0.02124000,0.02160000,0.02070000,0.02148000,11685.80000000
1537902000,1537905599,0.02131000,0.02147000,0.02099000,0.02136000,8107.20000000
1537905600,1537909199,0.02136000,0.02136000,0.02113000,0.02113000,195.90000000
1537909200,1537912799,0.02099000,0.02100000,0.02091000,0.02091000,340.10000000
1537912800,1537916399,0.02090000,0.02090000,0.02068000,0.02068000,560.60000000
1537916400,1537919999,0.02047000,0.02079000,0.02001000,0.02010000,1984.50000000
1537920000,1537923599,0.02010000,0.02030000,0.02007000,0.02016000,689.10000000
1537923600,1537927199,0.01980000,0.02000000,0.01978000,0.02000000,403.80000000
1537927200,1537930799,0.01969000,0.01991000,0.01969000,0.01991000,4440.50000000
1537930800,1537934399,0.01956000,0.01956000,0.01933000,0.01933000,111.40000000
1537934400,1537937999,0.01933000,0.01933000,0.01933000,0.01933000,0.00000000
1537938000,1537941599,0.01946000,0.01978000,0.01946000,0.01978000,981.70000000
1537941600,1537945199,0.01965000,0.01965000,0.01965000,0.01965000,354.90000000
1537945200,1537948799,0.01984000,0.01984000,0.01981000,0.01981000,408.20000000
1537948800,1537952399,0.02016000,0.02030000,0.02016000,0.02030000,515.80000000
1537952400,1537955999,0.01983000,0.01983000,0.01960000,0.01967000,3652.30000000
1537956000,1537959599,0.01987000,0.01987000,0.01981000,0.01981000,1124.90000000
1537959600,1537963199,0.01991000,0.01991000,0.01987000,0.01987000,808.00000000
1537963200,1537966799,0.02005000,0.02005000,0.01971000,0.01995000,5764.00000000
1537966800,1537970399,0.02039000,0.02052000,0.02034000,0.02052000,2391.00000000
1537970400,1537973999,0.02049000,0.02054000,0.02036000,0.02036000,1953.00000000
1537974000,1537977599,0.02036000,0.02036000,0.02036000,0.02036000,206.20000000
1537977600,1537981199,0.02070000,0.02070000,0.02070000,0.02070000,48.80000000
1537981200,1537984799,0.02036000,0.02036000,0.02036000,0.02036000,229.20000000
1537984800,1537988399,0.02036000,0.02036000,0.02036000,0.02036000,0.00000000
1537988400,1537991999,0.02069000,0.02069000,0.02069000,0.02069000,5.00000000
1537992000,1537995599,0.02069000,0.02069000,0.02069000,0.02069000,10.00000000
1537995600,1537999199,0.02025000,0.02050000,0.02004000,0.02004000,5026.90000000
1537999200,1538002799,0.02004000,0.02004000,0.02004000,0.02004000,0.00000000
1538002800,1538006399,0.02050000,0.02050000,0.01990000,0.01990000,2596.50000000
1538006400,1538009999,0.02008000,0.02008000,0.01998000,0.02008000,539.60000000
1538010000,1538013599,0.02008000,0.02054000,0.01980000,0.01995000,4623.30000000
1538013600,1538017199,0.02028000,0.02049000,0.01991000,0.02049000,1.60000000
1538017200,1538020799,0.02038000,0.02038000,0.02034000,0.02037000,706.90000000
1538020800,1538024399,0.02008000,0.02010000,0.01999000,0.02007000,4412.40000000
1538024400,1538027999,0.01992000,0.02019000,0.01970000,0.01975000,392.90000000
1538028000,1538031599,0.01971000,0.01983000,0.01964000,0.01983000,5430.00000000
1538031600,1538035199,0.01975000,0.01975000,0.01949000,0.01950000,3903.30000000
1538035200,1538038799,0.01950000,0.01950000,0.01950000,0.01950000,0.00000000
1538038800,1538042399,0.01950000,0.01950000,0.01950000,0.01950000,0.00000000
1538042400,1538045999,0.01950000,0.01950000,0.01950000,0.01950000,0.00000000
1538046000,1538049599,0.01997000,0.02004000,0.01997000,0.02004000,2211.10000000
1538049600,1538053199,0.02004000,0.02004000,0.02004000,0.02004000,0.00000000
1538053200,1538056799,0.02014000,0.02014000,0.02014000,0.02014000,343.00000000
1538056800,1538060399,0.02014000,0.02014000,0.02014000,0.02014000,0.00000000
1538060400,1538063999,0.02043000,0.02105000,0.02043000,0.02059000,1410.70000000
1538064000,1538067599,0.02018000,0.02033000,0.02018000,0.02033000,53.00000000
1538067600,1538071199,0.02047000,0.02047000,0.01995000,0.01995000,179.30000000
1538071200,1538074799,0.02055000,0.02055000,0.02055000,0.02055000,233.40000000
1538074800,1538078399,0.02062000,0.02071000,0.02048000,0.02048000,192.30000000
1538078400,1538081999,0.02071000,0.02072000,0.02051000,0.02051000,368.50000000
1538082000,1538085599,0.02051000,0.02051000,0.02051000,0.02051000,0.00000000
1538085600,1538089199,0.02007000,0.02007000,0.02007000,0.02007000,5805.10000000
1538089200,1538092799,0.01989000,0.01990000,0.01989000,0.01990000,50.00000000
1538092800,1538096399,0.02018000,0.02018000,0.02018000,0.02018000,2.00000000
1538096400,1538099999,0.02018000,0.02018000,0.02018000,0.02018000,70.00000000
1538100000,1538103599,0.02018000,0.02018000,0.02018000,0.02018000,0.00000000
1538103600,1538107199,0.02016000,0.02016000,0.02016000,0.02016000,1.30000000
1538107200,1538110799,0.02016000,0.02016000,0.02016000,0.02016000,0.00000000
1538110800,1538114399,0.02016000,0.02016000,0.02016000,0.02016000,0.00000000
1538114400,1538117999,0.02016000,0.02016000,0.02016000,0.02016000,0.00000000
1538118000,1538121599,0.02009000,0.02009000,0.01979000,0.01979000,762.10000000
1538121600,1538125199,0.01983000,0.01983000,0.01983000,0.01983000,248.00000000
1538125200,1538128799,0.02006000,0.02006000,0.02001000,0.02001000,3277.40000000
1538128800,1538132399,0.02001000,0.02001000,0.02001000,0.02001000,0.00000000
1538132400,1538135999,0.02001000,0.02001000,0.02001000,0.02001000,0.00000000
1538136000,1538139599,0.01931000,0.01931000,0.01931000,0.01931000,0.60000000
1538139600,1538143199,0.01931000,0.01931000,0.01931000,0.01931000,0.00000000
1538143200,1538146799,0.01931000,0.01931000,0.01931000,0.01931000,0.00000000
1538146800,1538150399,0.01931000,0.01931000,0.01931000,0.01931000,0.00000000
1538150400,1538153999,0.01997000,0.01997000,0.01997000,0.01997000,7.90000000
1538154000,1538157599,0.02001000,0.02001000,0.02001000,0.02001000,0.10000000
1538157600,1538161199,0.02001000,0.02001000,0.02001000,0.02001000,0.00000000
1538161200,1538164799,0.02001000,0.02001000,0.02001000,0.02001000,0.00000000
1538164800,1538168399,0.02001000,0.02001000,0.02001000,0.02001000,0.00000000
1538168400,1538171999,0.02023000,0.02023000,0.01997000,0.02016000,558.30000000
1538172000,1538175599,0.02014000,0.02022000,0.01997000,0.01997000,815.50000000
1538175600,1538179199,0.02017000,0.02022000,0.01997000,0.02022000,3195.50000000
1538179200,1538182799,0.01992000,0.01992000,0.01992000,0.01992000,1.60000000
1538182800,1538186399,0.01997000,0.02002000,0.01975000,0.01975000,4214.80000000
1538186400,1538189999,0.01975000,0.01975000,0.01975000,0.01975000,0.00000000
1538190000,1538193599,0.01965000,0.01965000,0.01965000,0.01965000,209.40000000
1538193600,1538197199,0.01965000,0.01965000,0.01965000,0.01965000,0.00000000
1538197200,1538200799,0.01983000,0.01983000,0.01983000,0.01983000,100.60000000
1538200800,1538204399,0.01981000,0.01983000,0.01981000,0.01983000,7716.30000000
1538204400,1538207999,0.01983000,0.01983000,0.01983000,0.01983000,0.00000000
1538208000,1538211599,0.01967000,0.01985000,0.01967000,0.01985000,270.00000000
1538211600,1538215199,0.01985000,0.02013000,0.01985000,0.02013000,414.30000000
1538215200,1538218799,0.02022000,0.02022000,0.02022000,0.02022000,0.30000000
1538218800,1538222399,0.02022000,0.02022000,0.02022000,0.02022000,0.00000000
1538222400,1538225999,0.02022000,0.02022000,0.02022000,0.02022000,0.00000000
1538226000,1538229599,0.02010000,0.02018000,0.02010000,0.02018000,3564.90000000
1538229600,1538233199,0.01985000,0.01985000,0.01985000,0.01985000,3.60000000
1538233200,1538236799,0.02024000,0.02024000,0.02024000,0.02024000,710.00000000
1538236800,1538240399,0.02024000,0.02024000,0.02024000,0.02024000,0.00000000
1538240400,1538243999,0.02014000,0.02014000,0.02013000,0.02013000,2810.70000000
1538244000,1538247599,0.02046000,0.02046000,0.02005000,0.02005000,52.20000000
1538247600,1538251199,0.02005000,0.02005000,0.02005000,0.02005000,0.00000000
1538251200,1538254799,0.02050000,0.02100000,0.02049000,0.02067000,12552.00000000
1538254800,1538258399,0.02066000,0.02066000,0.02047000,0.02047000,8331.70000000
1538258400,1538261999,0.02044000,0.02045000,0.02044000,0.02045000,2118.90000000
1538262000,1538265599,0.02052000,0.02086000,0.02052000,0.02086000,44.60000000
1538265600,1538269199,0.02031000,0.02031000,0.02031000,0.02031000,3.90000000
1538269200,1538272799,0.02086000,0.02086000,0.02086000,0.02086000,55.20000000
1538272800,1538276399,0.02082000,0.02082000,0.02082000,0.02082000,48.60000000
1538276400,1538279999,0.02102000,0.02276000,0.02102000,0.02175000,11402.00000000
1538280000,1538283599,0.02115000,0.02142000,0.02115000,0.02137000,62.20000000
1538283600,1538287199,0.02137000,0.02137000,0.02094000,0.02094000,537.60000000
1538287200,1538290799,0.02094000,0.02094000,0.02094000,0.02094000,0.00000000
1538290800,1538294399,0.02094000,0.02094000,0.02094000,0.02094000,236.90000000
1538294400,1538297999,0.02100000,0.02100000,0.02100000,0.02100000,270.60000000
1538298000,1538301599,0.02119000,0.02119000,0.02119000,0.02119000,437.00000000
1538301600,1538305199,0.02119000,0.02119000,0.02119000,0.02119000,0.00000000
1538305200,1538308799,0.02119000,0.02119000,0.02119000,0.02119000,0.00000000
1538308800,1538312399,0.02111000,0.02111000,0.02111000,0.02111000,4.70000000
1538312400,1538315999,0.02111000,0.02111000,0.02111000,0.02111000,0.00000000
1538316000,1538319599,0.02080000,0.02091000,0.02070000,0.02070000,2290.90000000
1538319600,1538323199,0.02070000,0.02070000,0.02049000,0.02049000,4897.70000000
1538323200,1538326799,0.02049000,0.02049000,0.02049000,0.02049000,823.00000000
1538326800,1538330399,0.02049000,0.02049000,0.02049000,0.02049000,0.00000000
1538330400,1538333999,0.02049000,0.02049000,0.02049000,0.02049000,0.00000000
1538334000,1538337599,0.02049000,0.02050000,0.02049000,0.02050000,104.00000000
1538337600,1538341199,0.02049000,0.02049000,0.02049000,0.02049000,0.90000000
1538341200,1538344799,0.02049000,0.02049000,0.02049000,0.02049000,0.00000000
1538344800,1538348399,0.02049000,0.02049000,0.02049000,0.02049000,0.00000000
1538348400,1538351999,0.02049000,0.02049000,0.02049000,0.02049000,0.00000000
1538352000,1538355599,0.02074000,0.02074000,0.02074000,0.02074000,2.30000000
1538355600,1538359199,0.02074000,0.02074000,0.02074000,0.02074000,0.00000000
1538359200,1538362799,0.02074000,0.02074000,0.02074000,0.02074000,0.00000000
1538362800,1538366399,0.02074000,0.02074000,0.02074000,0.02074000,0.00000000
1538366400,1538369999,0.02074000,0.02074000,0.02074000,0.02074000,0.00000000
1538370000,1538373599,0.02040000,0.02040000,0.02040000,0.02040000,232.40000000
1538373600,1538377199,0.02040000,0.02040000,0.02040000,0.02040000,0.00000000
1538377200,1538380799,0.02040000,0.02040000,0.02040000,0.02040000,2028.90000000
1538380800,1538384399,0.02040000,0.02040000,0.02040000,0.02040000,98.00000000
1538384400,1538387999,0.02046000,0.02046000,0.02010000,0.02010000,189.10000000
1538388000,1538391599,0.02037000,0.02037000,0.02037000,0.02037000,348.90000000
1538391600,1538395199,0.02026000,0.02052000,0.02026000,0.02051000,6981.30000000
1538395200,1538398799,0.02051000,0.02051000,0.02047000,0.02047000,1997.00000000
1538398800,1538402399,0.02047000,0.02047000,0.02047000,0.02047000,0.00000000
1538402400,1538405999,0.01989000,0.01989000,0.01987000,0.01987000,214.70000000
1538406000,1538409599,0.02007000,0.02007000,0.02007000,0.02007000,50.00000000
1538409600,1538413199,0.02007000,0.02007000,0.02007000,0.02007000,0.00000000
1538413200,1538416799,0.02007000,0.02007000,0.02007000,0.02007000,0.00000000
1538416800,1538420399,0.02007000,0.02007000,0.02007000,0.02007000,0.00000000
1538420400,1538423999,0.02007000,0.02007000,0.02007000,0.02007000,0.00000000
1538424000,1538427599,0.02007000,0.02007000,0.02007000,0.02007000,0.00000000
1538427600,1538431199,0.02045000,0.02045000,0.02045000,0.02045000,149.00000000
1538431200,1538434799,0.02025000,0.02059000,0.02025000,0.02059000,183.30000000
1538434800,1538438399,0.02059000,0.02059000,0.02059000,0.02059000,109.00000000
1538438400,1538441999,0.02032000,0.02062000,0.02032000,0.02033000,1836.30000000
1538442000,1538445599,0.02041000,0.02065000,0.02041000,0.02065000,2024.90000000
1538445600,1538449199,0.02065000,0.02065000,0.02065000,0.02065000,0.00000000
1538449200,1538452799,0.02068000,0.02068000,0.02055000,0.02064000,737.20000000
1538452800,1538456399,0.02068000,0.02068000,0.02068000,0.02068000,5.00000000
1538456400,1538459999,0.02067000,0.02067000,0.02059000,0.02059000,433.00000000
1538460000,1538463599,0.02059000,0.02059000,0.02059000,0.02059000,0.00000000
1538463600,1538467199,0.02059000,0.02059000,0.02059000,0.02059000,0.00000000
1538467200,1538470799,0.02059000,0.02059000,0.02059000,0.02059000,0.00000000
1538470800,1538474399,0.02050000,0.02050000,0.02050000,0.02050000,62.50000000
1538474400,1538477999,0.02045000,0.02045000,0.02029000,0.02029000,109.80000000
1538478000,1538481599,0.02029000,0.02029000,0.02029000,0.02029000,0.00000000
1538481600,1538485199,0.02012000,0.02012000,0.02012000,0.02012000,65.90000000
1538485200,1538488799,0.02029000,0.02029000,0.02029000,0.02029000,3.30000000
1538488800,1538492399,0.02029000,0.02029000,0.02029000,0.02029000,0.00000000
1538492400,1538495999,0.02014000,0.02014000,0.02013000,0.02013000,2851.10000000
1538496000,1538499599,0.02013000,0.02013000,0.02013000,0.02013000,0.00000000
1538499600,1538503199,0.02013000,0.02013000,0.02013000,0.02013000,0.00000000
1538503200,1538506799,0.02013000,0.02013000,0.02013000,0.02013000,0.00000000
1538506800,1538510399,0.02033000,0.02033000,0.02033000,0.02033000,20.40000000
1538510400,1538513999,0.01971000,0.01998000,0.01943000,0.01943000,5918.70000000
1538514000,1538517599,0.01943000,0.01943000,0.01940000,0.01940000,604.10000000
1538517600,1538521199,0.01912000,0.01953000,0.01893000,0.01893000,222.90000000
1538521200,1538524799,0.01907000,0.01923000,0.01907000,0.01923000,414.20000000
1538524800,1538528399,0.01945000,0.01948000,0.01907000,0.01907000,1345.60000000
1538528400,1538531999,0.01907000,0.01907000,0.01907000,0.01907000,0.00000000
1538532000,1538535599,0.01888000,0.01888000,0.01888000,0.01888000,53.00000000
1538535600,1538539199,0.01870000,0.01870000,0.01870000,0.01870000,245.00000000
1538539200,1538542799,0.01870000,0.01870000,0.01870000,0.01870000,0.00000000
1538542800,1538546399,0.01870000,0.01870000,0.01870000,0.01870000,0.00000000
1538546400,1538549999,0.01871000,0.01871000,0.01871000,0.01871000,88.90000000
1538550000,1538553599,0.01871000,0.01871000,0.01871000,0.01871000,0.00000000
1538553600,1538557199,0.01911000,0.01911000,0.01911000,0.01911000,257.50000000
1538557200,1538560799,0.01905000,0.01905000,0.01905000,0.01905000,6.00000000
1538560800,1538564399,0.01870000,0.01870000,0.01870000,0.01870000,58.80000000
1538564400,1538567999,0.01870000,0.01870000,0.01870000,0.01870000,0.00000000
1538568000,1538571599,0.01871000,0.01871000,0.01871000,0.01871000,93.00000000
1538571600,1538575199,0.01872000,0.01872000,0.01872000,0.01872000,130.70000000
1538575200,1538578799,0.01858000,0.01858000,0.01857000,0.01858000,1122.20000000
1538578800,1538582399,0.01885000,0.01886000,0.01868000,0.01868000,473.50000000
1538582400,1538585999,0.01868000,0.01868000,0.01868000,0.01868000,0.00000000
1538586000,1538589599,0.01868000,0.01868000,0.01868000,0.01868000,67.40000000
1538589600,1538593199,0.01868000,0.01868000,0.01868000,0.01868000,0.00000000
1538593200,1538596799,0.01883000,0.01883000,0.01882000,0.01882000,406.20000000
1538596800,1538600399,0.01882000,0.01882000,0.01882000,0.01882000,0.00000000
1538600400,1538603999,0.01876000,0.01876000,0.01876000,0.01876000,198.40000000
1538604000,1538607599,0.01851000,0.01874000,0.01851000,0.01874000,35.00000000
1538607600,1538611199,0.01874000,0.01874000,0.01874000,0.01874000,0.00000000
1538611200,1538614799,0.01905000,0.01918000,0.01905000,0.01916000,21.00000000
1538614800,1538618399,0.01890000,0.01890000,0.01890000,0.01890000,158.70000000
1538618400,1538621999,0.01904000,0.01916000,0.01904000,0.01916000,172.70000000
1538622000,1538625599,0.01916000,0.01916000,0.01916000,0.01916000,0.00000000
1538625600,1538629199,0.01916000,0.01916000,0.01916000,0.01916000,0.00000000
1538629200,1538632799,0.01916000,0.01916000,0.01916000,0.01916000,0.00000000
1538632800,1538636399,0.01916000,0.01916000,0.01916000,0.01916000,0.00000000
1538636400,1538639999,0.01916000,0.01916000,0.01916000,0.01916000,0.00000000
1538640000,1538643599,0.01897000,0.01897000,0.01897000,0.01897000,760.40000000
1538643600,1538647199,0.01895000,0.01895000,0.01888000,0.01894000,1946.10000000
1538647200,1538650799,0.01894000,0.01894000,0.01894000,0.01894000,0.00000000
1538650800,1538654399,0.01894000,0.01894000,0.01894000,0.01894000,0.00000000
1538654400,1538657999,0.01882000,0.01882000,0.01879000,0.01879000,1792.80000000
1538658000,1538661599,0.01879000,0.01879000,0.01879000,0.01879000,0.00000000
1538661600,1538665199,0.01883000,0.01954000,0.01883000,0.01954000,4256.20000000
1538665200,1538668799,0.01903000,0.01916000,0.01903000,0.01916000,6.90000000
1538668800,1538672399,0.01916000,0.01916000,0.01916000,0.01916000,0.00000000
1538672400,1538675999,0.01976000,0.01976000,0.01953000,0.01953000,63.50000000
1538676000,1538679599,0.01957000,0.01957000,0.01957000,0.01957000,0.20000000
1538679600,1538683199,0.01935000,0.01948000,0.01935000,0.01948000,1078.50000000
1538683200,1538686799,0.01948000,0.01948000,0.01948000,0.01948000,0.00000000
1538686800,1538690399,0.01905000,0.01905000,0.01905000,0.01905000,5.00000000
1538690400,1538693999,0.01905000,0.01905000,0.01905000,0.01905000,0.00000000
1538694000,1538697599,0.01941000,0.01941000,0.01927000,0.01927000,84.60000000
1538697600,1538701199,0.01907000,0.01939000,0.01907000,0.01939000,3184.50000000
1538701200,1538704799,0.01948000,0.01950000,0.01948000,0.01950000,937.40000000
1538704800,1538708399,0.01970000,0.01970000,0.01970000,0.01970000,0.20000000
1538708400,1538711999,0.01970000,0.01970000,0.01970000,0.01970000,0.00000000
1538712000,1538715599,0.01916000,0.01916000,0.01916000,0.01916000,5.00000000
1538715600,1538719199,0.01960000,0.01960000,0.01960000,0.01960000,4.50000000
1538719200,1538722799,0.01991000,0.01991000,0.01977000,0.01984000,3340.00000000
1538722800,1538726399,0.01983000,0.01990000,0.01971000,0.01990000,153.00000000
1538726400,1538729999,0.01990000,0.01990000,0.01961000,0.01961000,2757.60000000
1538730000,1538733599,0.01959000,0.01959000,0.01959000,0.01959000,76.00000000
1538733600,1538737199,0.01945000,0.01945000,0.01944000,0.01945000,4126.00000000
1538737200,1538740799,0.01945000,0.01945000,0.01945000,0.01945000,0.00000000
1538740800,1538744399,0.01958000,0.01961000,0.01958000,0.01960000,3976.30000000
1538744400,1538747999,0.01957000,0.01957000,0.01923000,0.01923000,174.20000000
1538748000,1538751599,0.01920000,0.01932000,0.01920000,0.01932000,304.00000000
1538751600,1538755199,0.01932000,0.01932000,0.01932000,0.01932000,0.00000000
1538755200,1538758799,0.01932000,0.01932000,0.01932000,0.01932000,0.00000000
1538758800,1538762399,0.01928000,0.01947000,0.01928000,0.01947000,451.10000000
1538762400,1538765999,0.01947000,0.01947000,0.01947000,0.01947000,0.00000000
1538766000,1538769599,0.01947000,0.01947000,0.01938000,0.01938000,377.00000000
1538769600,1538773199,0.01938000,0.01938000,0.01938000,0.01938000,0.00000000
1538773200,1538776799,0.01938000,0.01938000,0.01938000,0.01938000,0.00000000
1538776800,1538780399,0.01938000,0.01938000,0.01938000,0.01938000,0.00000000
1538780400,1538783999,0.01937000,0.01937000,0.01937000,0.01937000,2.20000000
1538784000,1538787599,0.01908000,0.01908000,0.01908000,0.01908000,2.50000000
1538787600,1538791199,0.01908000,0.01908000,0.01908000,0.01908000,0.00000000
1538791200,1538794799,0.01944000,0.01944000,0.01944000,0.01944000,257.80000000
1538794800,1538798399,0.01945000,0.01945000,0.01922000,0.01924000,357.70000000
1538798400,1538801999,0.01951000,0.01951000,0.01951000,0.01951000,5.70000000
1538802000,1538805599,0.01925000,0.01925000,0.01925000,0.01925000,52.10000000
1538805600,1538809199,0.01925000,0.01925000,0.01925000,0.01925000,0.00000000
1538809200,1538812799,0.01925000,0.01925000,0.01925000,0.01925000,0.00000000
1538812800,1538816399,0.01925000,0.01925000,0.01925000,0.01925000,0.00000000
1538816400,1538819999,0.01925000,0.01925000,0.01925000,0.01925000,0.00000000
1538820000,1538823599,0.01925000,0.01925000,0.01925000,0.01925000,0.00000000
1538823600,1538827199,0.01963000,0.01963000,0.01963000,0.01963000,13.00000000
1538827200,1538830799,0.01955000,0.01955000,0.01955000,0.01955000,0.20000000
1538830800,1538834399,0.01942000,0.01942000,0.01910000,0.01910000,330.00000000
1538834400,1538837999,0.01912000,0.01912000,0.01912000,0.01912000,2346.50000000
1538838000,1538841599,0.01912000,0.01912000,0.01912000,0.01912000,0.00000000
1538841600,1538845199,0.01912000,0.01912000,0.01912000,0.01912000,0.00000000
1538845200,1538848799,0.01911000,0.01911000,0.01911000,0.01911000,134.40000000
1538848800,1538852399,0.01911000,0.01911000,0.01911000,0.01911000,0.00000000
1538852400,1538855999,0.01911000,0.01911000,0.01911000,0.01911000,0.80000000
1538856000,1538859599,0.01923000,0.01939000,0.01923000,0.01939000,3185.00000000
1538859600,1538863199,0.01914000,0.01914000,0.01899000,0.01899000,610.70000000
1538863200,1538866799,0.01899000,0.01899000,0.01899000,0.01899000,0.00000000
1538866800,1538870399,0.01927000,0.01927000,0.01927000,0.01927000,1.90000000
1538870400,1538873999,0.01927000,0.01927000,0.01927000,0.01927000,1.80000000
1538874000,1538877599,0.01895000,0.01895000,0.01895000,0.01895000,52.80000000
1538877600,1538881199,0.01928000,0.01928000,0.01927000,0.01927000,270.70000000
1538881200,1538884799,0.01927000,0.01927000,0.01927000,0.01927000,0.00000000
1538884800,1538888399,0.01927000,0.01927000,0.01927000,0.01927000,0.00000000
1538888400,1538891999,0.01927000,0.01927000,0.01927000,0.01927000,0.00000000
1538892000,1538895599,0.01925000,0.01925000,0.01917000,0.01917000,209.70000000
1538895600,1538899199,0.01917000,0.01925000,0.01917000,0.01925000,721.50000000
1538899200,1538902799,0.01925000,0.01925000,0.01925000,0.01925000,0.00000000
1538902800,1538906399,0.01927000,0.01933000,0.01924000,0.01924000,327.00000000
1538906400,1538909999,0.01924000,0.01924000,0.01924000,0.01924000,0.00000000
1538910000,1538913599,0.01924000,0.01924000,0.01924000,0.01924000,0.00000000
1538913600,1538917199,0.01930000,0.01930000,0.01930000,0.01930000,5.00000000
1538917200,1538920799,0.01930000,0.01930000,0.01930000,0.01930000,0.00000000
1538920800,1538924399,0.01922000,0.01922000,0.01922000,0.01922000,25.50000000
1538924400,1538927999,0.01922000,0.01922000,0.01922000,0.01922000,0.00000000
1538928000,1538931599,0.01935000,0.01935000,0.01933000,0.01933000,2512.20000000
1538931600,1538935199,0.01933000,0.01933000,0.01933000,0.01933000,2190.00000000
1538935200,1538938799,0.01939000,0.01939000,0.01939000,0.01939000,396.70000000
1538938800,1538942399,0.01920000,0.01920000,0.01919000,0.01919000,570.00000000
1538942400,1538945999,0.01961000,0.01990000,0.01959000,0.01984000,12808.90000000
1538946000,1538949599,0.01940000,0.01984000,0.01939000,0.01984000,8054.80000000
1538949600,1538953199,0.01995000,0.02069000,0.01988000,0.02069000,2156.80000000
1538953200,1538956799,0.02044000,0.02055000,0.02044000,0.02052000,571.40000000
1538956800,1538960399,0.02001000,0.02001000,0.02001000,0.02001000,6.30000000
1538960400,1538963999,0.02001000,0.02001000,0.02001000,0.02001000,0.00000000
1538964000,1538967599,0.02001000,0.02001000,0.02001000,0.02001000,0.00000000
1538967600,1538971199,0.02001000,0.02001000,0.02001000,0.02001000,0.00000000
1538971200,1538974799,0.02001000,0.02001000,0.02001000,0.02001000,0.00000000
1538974800,1538978399,0.02050000,0.02050000,0.02050000,0.02050000,276.20000000
1538978400,1538981999,0.02010000,0.02010000,0.02010000,0.02010000,121.00000000
1538982000,1538985599,0.02000000,0.02000000,0.02000000,0.02000000,0.30000000
1538985600,1538989199,0.02021000,0.02021000,0.01970000,0.01970000,300.50000000
1538989200,1538992799,0.01970000,0.01970000,0.01970000,0.01970000,0.00000000
1538992800,1538996399,0.01995000,0.01995000,0.01995000,0.01995000,10.40000000
1538996400,1538999999,0.01995000,0.01995000,0.01995000,0.01995000,0.00000000
1539000000,1539003599,0.01995000,0.01995000,0.01995000,0.01995000,0.00000000
1539003600,1539007199,0.02009000,0.02009000,0.02005000,0.02005000,301.20000000
1539007200,1539010799,0.02005000,0.02005000,0.02005000,0.02005000,0.00000000
1539010800,1539014399,0.01982000,0.01982000,0.01982000,0.01982000,1.00000000
1539014400,1539017999,0.01985000,0.01985000,0.01985000,0.01985000,853.10000000
1539018000,1539021599,0.02006000,0.02006000,0.02006000,0.02006000,1.00000000
1539021600,1539025199,0.02006000,0.02006000,0.02006000,0.02006000,268.50000000
1539025200,1539028799,0.01983000,0.01983000,0.01983000,0.01983000,0.90000000
1539028800,1539032399,0.01983000,0.01983000,0.01983000,0.01983000,0.00000000
1539032400,1539035999,0.02018000,0.02018000,0.02018000,0.02018000,11.00000000
1539036000,1539039599,0.02018000,0.02018000,0.02018000,0.02018000,0.00000000
1539039600,1539043199,0.02018000,0.02018000,0.02018000,0.02018000,3.10000000
1539043200,1539046799,0.02018000,0.02018000,0.02018000,0.02018000,4.00000000
1539046800,1539050399,0.02018000,0.02018000,0.02018000,0.02018000,0.00000000
1539050400,1539053999,0.02018000,0.02018000,0.02018000,0.02018000,0.00000000
1539054000,1539057599,0.02018000,0.02018000,0.02018000,0.02018000,0.00000000
1539057600,1539061199,0.02018000,0.02018000,0.02018000,0.02018000,0.00000000
1539061200,1539064799,0.02045000,0.02045000,0.02045000,0.02045000,4.00000000
1539064800,1539068399,0.02045000,0.02045000,0.02045000,0.02045000,0.00000000
1539068400,1539071999,0.02045000,0.02045000,0.02045000,0.02045000,0.00000000
1539072000,1539075599,0.02045000,0.02045000,0.02045000,0.02045000,49.00000000
1539075600,1539079199,0.02045000,0.02045000,0.02045000,0.02045000,0.00000000
1539079200,1539082799,0.01988000,0.01988000,0.01988000,0.01988000,5.00000000
1539082800,1539086399,0.01985000,0.01985000,0.01985000,0.01985000,0.90000000
1539086400,1539089999,0.01973000,0.01973000,0.01973000,0.01973000,0.90000000
1539090000,1539093599,0.01971000,0.01971000,0.01967000,0.01967000,65.30000000
1539093600,1539097199,0.01967000,0.01967000,0.01967000,0.01967000,0.00000000
1539097200,1539100799,0.02018000,0.02035000,0.02017000,0.02022000,1881.70000000
1539100800,1539104399,0.02022000,0.02022000,0.02022000,0.02022000,0.00000000
1539104400,1539107999,0.02003000,0.02003000,0.01993000,0.01993000,3.20000000
1539108000,1539111599,0.02013000,0.02030000,0.02013000,0.02030000,99.20000000
1539111600,1539115199,0.01992000,0.02014000,0.01992000,0.02014000,190.20000000
1539115200,1539118799,0.01994000,0.02008000,0.01994000,0.02008000,809.20000000
1539118800,1539122399,0.02008000,0.02008000,0.02008000,0.02008000,0.00000000
1539122400,1539125999,0.02008000,0.02008000,0.02008000,0.02008000,0.00000000
1539126000,1539129599,0.02014000,0.02038000,0.02014000,0.02038000,13.30000000
1539129600,1539133199,0.02034000,0.02036000,0.02034000,0.02036000,5633.30000000
1539133200,1539136799,0.02036000,0.02036000,0.02036000,0.02036000,0.00000000
1539136800,1539140399,0.02036000,0.02036000,0.02036000,0.02036000,0.00000000
1539140400,1539143999,0.02033000,0.02033000,0.01984000,0.02029000,272.90000000
1539144000,1539147599,0.02030000,0.02030000,0.01994000,0.01994000,273.30000000
1539147600,1539151199,0.01994000,0.01994000,0.01994000,0.01994000,0.00000000
1539151200,1539154799,0.01981000,0.02012000,0.01981000,0.02012000,308.20000000
1539154800,1539158399,0.02009000,0.02009000,0.01977000,0.01977000,362.00000000
1539158400,1539161999,0.02002000,0.02002000,0.02002000,0.02002000,1.00000000
1539162000,1539165599,0.02018000,0.02020000,0.02015000,0.02015000,640.80000000
1539165600,1539169199,0.02015000,0.02015000,0.02015000,0.02015000,0.00000000
1539169200,1539172799,0.02015000,0.02015000,0.02015000,0.02015000,0.00000000
1539172800,1539176399,0.02024000,0.02508000,0.02024000,0.02343000,18400.10000000
1539176400,1539179999,0.02446000,0.02637000,0.02351000,0.02351000,30969.10000000
1539180000,1539183599,0.02404000,0.02410000,0.02285000,0.02410000,13885.50000000
1539183600,1539187199,0.02375000,0.02638000,0.02372000,0.02499000,27726.60000000
1539187200,1539190799,0.02529000,0.02529000,0.02321000,0.02360000,13025.10000000
1539190800,1539194399,0.02361000,0.02380000,0.02313000,0.02366000,3154.30000000
1539194400,1539197999,0.02368000,0.02395000,0.02268000,0.02296000,17991.50000000
1539198000,1539201599,0.02296000,0.02296000,0.02181000,0.02253000,18040.20000000
1539201600,1539205199,0.02187000,0.02220000,0.02187000,0.02219000,3240.80000000
1539205200,1539208799,0.02198000,0.02233000,0.02198000,0.02214000,12303.70000000
1539208800,1539212399,0.02218000,0.02228000,0.02198000,0.02228000,4683.20000000
1539212400,1539215999,0.02230000,0.02271000,0.02225000,0.02250000,7828.40000000
1539216000,1539219599,0.02234000,0.02280000,0.02215000,0.02237000,8055.10000000
1539219600,1539223199,0.02290000,0.02292000,0.02059000,0.02070000,10428.20000000
1539223200,1539226799,0.02047000,0.02097000,0.02045000,0.02097000,3259.10000000
1539226800,1539230399,0.02097000,0.02119000,0.02052000,0.02056000,21121.30000000
1539230400,1539233999,0.02047000,0.02056000,0.02043000,0.02043000,1481.70000000
1539234000,1539237599,0.02055000,0.02055000,0.02043000,0.02043000,298.00000000
1539237600,1539241199,0.02040000,0.02055000,0.02019000,0.02019000,3704.30000000
1539241200,1539244799,0.02018000,0.02018000,0.02015000,0.02015000,760.80000000
1539244800,1539248399,0.02081000,0.02189000,0.02081000,0.02164000,20658.20000000
1539248400,1539251999,0.02134000,0.02183000,0.02134000,0.02166000,4703.10000000
1539252000,1539255599,0.02149000,0.02160000,0.02133000,0.02160000,1676.60000000
1539255600,1539259199,0.02163000,0.02500000,0.02160000,0.02317000,45656.40000000
1539259200,1539262799,0.02313000,0.02466000,0.02233000,0.02250000,11422.70000000
1539262800,1539266399,0.02260000,0.02275000,0.02172000,0.02207000,6736.60000000
1539266400,1539269999,0.02196000,0.02211000,0.02157000,0.02171000,7550.20000000
1539270000,1539273599,0.02188000,0.02238000,0.02188000,0.02221000,1433.00000000
1539273600,1539277199,0.02211000,0.02211000,0.02133000,0.02151000,8464.90000000
1539277200,1539280799,0.02136000,0.02151000,0.02135000,0.02136000,418.20000000
1539280800,1539284399,0.02129000,0.02136000,0.02115000,0.02136000,3105.50000000
1539284400,1539287999,0.02136000,0.02136000,0.02136000,0.02136000,0.00000000
1539288000,1539291599,0.02152000,0.02152000,0.02136000,0.02136000,1756.20000000
1539291600,1539295199,0.02138000,0.02138000,0.02116000,0.02116000,1105.20000000
1539295200,1539298799,0.02115000,0.02120000,0.02100000,0.02100000,6789.70000000
1539298800,1539302399,0.02100000,0.02105000,0.02040000,0.02040000,4125.50000000
1539302400,1539305999,0.02049000,0.02211000,0.02046000,0.02074000,16319.30000000
1539306000,1539309599,0.02062000,0.02115000,0.02049000,0.02049000,4582.30000000
1539309600,1539313199,0.02027000,0.02033000,0.02019000,0.02019000,379.50000000
1539313200,1539316799,0.02033000,0.02059000,0.02033000,0.02059000,2959.00000000
1539316800,1539320399,0.02083000,0.02109000,0.02074000,0.02086000,6071.50000000
1539320400,1539323999,0.02075000,0.02087000,0.02075000,0.02087000,2349.50000000
1539324000,1539327599,0.02085000,0.02089000,0.02069000,0.02089000,6931.30000000
1539327600,1539331199,0.02076000,0.02076000,0.02076000,0.02076000,391.60000000
1539331200,1539334799,0.02075000,0.02075000,0.02072000,0.02072000,500.90000000
1539334800,1539338399,0.02077000,0.02098000,0.02040000,0.02040000,1960.80000000
1539338400,1539341999,0.02036000,0.02036000,0.02036000,0.02036000,44.00000000
1539342000,1539345599,0.02046000,0.02046000,0.02046000,0.02046000,54.20000000
1539345600,1539349199,0.02050000,0.02081000,0.02050000,0.02081000,6814.90000000
1539349200,1539352799,0.02081000,0.02103000,0.02081000,0.02103000,4298.50000000
1539352800,1539356399,0.02047000,0.02047000,0.02047000,0.02047000,172.00000000
1539356400,1539359999,0.02035000,0.02035000,0.02035000,0.02035000,110.00000000
1539360000,1539363599,0.02048000,0.02048000,0.02021000,0.02021000,962.80000000
1539363600,1539367199,0.02021000,0.02021000,0.02021000,0.02021000,0.00000000
1539367200,1539370799,0.02035000,0.02035000,0.02035000,0.02035000,3481.30000000
1539370800,1539374399,0.02026000,0.02032000,0.02026000,0.02032000,3001.00000000
1539374400,1539377999,0.02028000,0.02028000,0.02028000,0.02028000,1892.00000000
1539378000,1539381599,0.02033000,0.02033000,0.02000000,0.02000000,5823.50000000
1539381600,1539385199,0.02000000,0.02000000,0.02000000,0.02000000,0.00000000
1539385200,1539388799,0.02009000,0.02009000,0.02002000,0.02002000,385.00000000
1539388800,1539392399,0.02020000,0.02093000,0.02020000,0.02093000,4184.20000000
1539392400,1539395999,0.02093000,0.02093000,0.02093000,0.02093000,0.00000000
1539396000,1539399599,0.02036000,0.02037000,0.02007000,0.02037000,836.60000000
1539399600,1539403199,0.02026000,0.02026000,0.02026000,0.02026000,98.00000000
1539403200,1539406799,0.02026000,0.02026000,0.02026000,0.02026000,0.00000000
1539406800,1539410399,0.02029000,0.02029000,0.02029000,0.02029000,57.00000000
1539410400,1539413999,0.02035000,0.02112000,0.02035000,0.02112000,1478.90000000
1539414000,1539417599,0.02081000,0.02128000,0.02068000,0.02068000,142.00000000
1539417600,1539421199,0.02062000,0.02066000,0.02060000,0.02060000,4168.00000000
1539421200,1539424799,0.02066000,0.02104000,0.02066000,0.02103000,553.90000000
1539424800,1539428399,0.02122000,0.02122000,0.02122000,0.02122000,47.60000000
1539428400,1539431999,0.02131000,0.02148000,0.02131000,0.02148000,171.90000000
1539432000,1539435599,0.02169000,0.02169000,0.02114000,0.02123000,509.00000000
1539435600,1539439199,0.02096000,0.02100000,0.02096000,0.02100000,120.00000000
1539439200,1539442799,0.02089000,0.02150000,0.02089000,0.02150000,2817.90000000
1539442800,1539446399,0.02177000,0.02203000,0.02152000,0.02197000,4635.30000000
1539446400,1539449999,0.02177000,0.02177000,0.02163000,0.02163000,2638.20000000
1539450000,1539453599,0.02147000,0.02147000,0.02127000,0.02127000,60.30000000
1539453600,1539457199,0.02144000,0.02222000,0.02144000,0.02222000,7208.00000000
1539457200,1539460799,0.02188000,0.02188000,0.02187000,0.02187000,546.20000000
1539460800,1539464399,0.02188000,0.02188000,0.02187000,0.02188000,1104.30000000
1539464400,1539467999,0.02186000,0.02187000,0.02156000,0.02156000,1652.30000000
1539468000,1539471599,0.02156000,0.02156000,0.02156000,0.02156000,0.00000000
1539471600,1539475199,0.02155000,0.02170000,0.02154000,0.02170000,53.40000000
1539475200,1539478799,0.02153000,0.02183000,0.02151000,0.02151000,1455.20000000
1539478800,1539482399,0.02151000,0.02151000,0.02151000,0.02151000,41.50000000
1539482400,1539485999,0.02130000,0.02130000,0.02120000,0.02120000,3702.50000000
1539486000,1539489599,0.02114000,0.02114000,0.02089000,0.02089000,2293.10000000
1539489600,1539493199,0.02089000,0.02089000,0.02089000,0.02089000,0.00000000
1539493200,1539496799,0.02110000,0.02110000,0.02110000,0.02110000,142.10000000
1539496800,1539500399,0.02082000,0.02082000,0.02082000,0.02082000,0.90000000
1539500400,1539503999,0.02082000,0.02082000,0.02082000,0.02082000,0.00000000
1539504000,1539507599,0.02080000,0.02080000,0.02080000,0.02080000,72.50000000
1539507600,1539511199,0.02080000,0.02080000,0.02080000,0.02080000,0.00000000
1539511200,1539514799,0.02080000,0.02080000,0.02080000,0.02080000,0.00000000
1539514800,1539518399,0.02142000,0.02142000,0.02142000,0.02142000,92.70000000
1539518400,1539521999,0.02142000,0.02171000,0.02141000,0.02171000,732.40000000
1539522000,1539525599,0.02171000,0.02171000,0.02171000,0.02171000,0.00000000
1539525600,1539529199,0.02171000,0.02171000,0.02171000,0.02171000,0.00000000
1539529200,1539532799,0.02171000,0.02171000,0.02171000,0.02171000,0.00000000
1539532800,1539536399,0.02150000,0.02150000,0.02150000,0.02150000,100.00000000
1539536400,1539539999,0.02150000,0.02150000,0.02150000,0.02150000,0.00000000
1539540000,1539543599,0.02184000,0.02184000,0.02128000,0.02128000,7.30000000
1539543600,1539547199,0.02128000,0.02128000,0.02128000,0.02128000,0.00000000
1539547200,1539550799,0.02132000,0.02132000,0.02108000,0.02110000,8313.50000000
1539550800,1539554399,0.02110000,0.02110000,0.02110000,0.02110000,0.00000000
1539554400,1539557999,0.02118000,0.02118000,0.02118000,0.02118000,2.20000000
1539558000,1539561599,0.02105000,0.02105000,0.02105000,0.02105000,1.80000000
1539561600,1539565199,0.02136000,0.02136000,0.02031000,0.02087000,5716.70000000
1539565200,1539568799,0.02083000,0.02083000,0.02078000,0.02078000,120.90000000
1539568800,1539572399,0.02078000,0.02078000,0.02078000,0.02078000,0.00000000
1539572400,1539575999,0.02078000,0.02078000,0.02078000,0.02078000,0.00000000
1539576000,1539579599,0.02078000,0.02078000,0.02078000,0.02078000,0.00000000
1539579600,1539583199,0.02053000,0.02098000,0.02053000,0.02076000,891.40000000
1539583200,1539586799,0.02060000,0.02060000,0.02013000,0.02013000,2438.00000000
1539586800,1539590399,0.01961000,0.01987000,0.01956000,0.01987000,1924.70000000
1539590400,1539593999,0.02017000,0.02060000,0.02017000,0.02060000,1063.10000000
1539594000,1539597599,0.02060000,0.02060000,0.02060000,0.02060000,0.00000000
1539597600,1539601199,0.02018000,0.02075000,0.02018000,0.02067000,150.50000000
1539601200,1539604799,0.01997000,0.02042000,0.01996000,0.02042000,1195.50000000
1539604800,1539608399,0.02042000,0.02042000,0.02042000,0.02042000,0.00000000
1539608400,1539611999,0.02042000,0.02042000,0.02042000,0.02042000,0.00000000
1539612000,1539615599,0.02022000,0.02022000,0.02022000,0.02022000,3537.50000000
1539615600,1539619199,0.02000000,0.02002000,0.02000000,0.02002000,8601.80000000
1539619200,1539622799,0.02005000,0.02005000,0.01967000,0.01998000,1674.50000000
1539622800,1539626399,0.01960000,0.01965000,0.01960000,0.01965000,655.00000000
1539626400,1539629999,0.01926000,0.01926000,0.01926000,0.01926000,130.00000000
1539630000,1539633599,0.01953000,0.01954000,0.01953000,0.01954000,1405.00000000
1539633600,1539637199,0.01953000,0.01953000,0.01943000,0.01949000,633.40000000
1539637200,1539640799,0.01956000,0.01956000,0.01954000,0.01954000,1.50000000
1539640800,1539644399,0.01944000,0.01944000,0.01944000,0.01944000,0.20000000
1539644400,1539647999,0.01987000,0.01987000,0.01987000,0.01987000,2.90000000
1539648000,1539651599,0.01987000,0.01987000,0.01970000,0.01970000,146.70000000
1539651600,1539655199,0.01970000,0.01970000,0.01970000,0.01970000,0.00000000
1539655200,1539658799,0.02040000,0.02040000,0.02018000,0.02018000,1.00000000
1539658800,1539662399,0.02018000,0.02018000,0.02018000,0.02018000,0.00000000
1539662400,1539665999,0.02045000,0.02145000,0.02020000,0.02140000,23916.80000000
1539666000,1539669599,0.02185000,0.02232000,0.02125000,0.02139000,13343.60000000
1539669600,1539673199,0.02170000,0.02170000,0.02170000,0.02170000,46.60000000
1539673200,1539676799,0.02152000,0.02172000,0.02143000,0.02155000,3829.10000000
1539676800,1539680399,0.02180000,0.02180000,0.02179000,0.02180000,386.10000000
1539680400,1539683999,0.02191000,0.02211000,0.02191000,0.02211000,92.70000000
1539684000,1539687599,0.02190000,0.02190000,0.02182000,0.02182000,505.00000000
1539687600,1539691199,0.02211000,0.02211000,0.02175000,0.02175000,91.70000000
1539691200,1539694799,0.02167000,0.02196000,0.02167000,0.02196000,383.10000000
1539694800,1539698399,0.02155000,0.02155000,0.02141000,0.02145000,11529.20000000
1539698400,1539701999,0.02145000,0.02295000,0.02141000,0.02204000,29606.90000000
1539702000,1539705599,0.02262000,0.02264000,0.02225000,0.02233000,57456.00000000
1539705600,1539709199,0.02218000,0.02247000,0.02202000,0.02211000,107.30000000
1539709200,1539712799,0.02247000,0.02247000,0.02226000,0.02226000,6.00000000
1539712800,1539716399,0.02226000,0.02226000,0.02226000,0.02226000,0.00000000
1539716400,1539719999,0.02248000,0.02310000,0.02248000,0.02310000,374.70000000
1539720000,1539723599,0.02249000,0.02249000,0.02240000,0.02240000,1534.30000000
1539723600,1539727199,0.02228000,0.02228000,0.02166000,0.02166000,7823.90000000
1539727200,1539730799,0.02192000,0.02192000,0.02163000,0.02170000,11084.50000000
1539730800,1539734399,0.02155000,0.02195000,0.02155000,0.02195000,887.90000000
1539734400,1539737999,0.02179000,0.02179000,0.02142000,0.02156000,4696.60000000
1539738000,1539741599,0.02143000,0.02143000,0.02141000,0.02141000,15592.90000000
1539741600,1539745199,0.02139000,0.02141000,0.02137000,0.02137000,1898.20000000
1539745200,1539748799,0.02126000,0.02128000,0.02126000,0.02128000,960.20000000
1539748800,1539752399,0.02133000,0.02135000,0.02133000,0.02135000,582.70000000
1539752400,1539755999,0.02138000,0.02151000,0.02135000,0.02135000,2144.80000000
1539756000,1539759599,0.02132000,0.02147000,0.02132000,0.02147000,6555.80000000
1539759600,1539763199,0.02149000,0.02183000,0.02149000,0.02182000,6814.20000000
1539763200,1539766799,0.02193000,0.02199000,0.02174000,0.02174000,3387.40000000
1539766800,1539770399,0.02158000,0.02158000,0.02151000,0.02152000,18407.70000000
1539770400,1539773999,0.02152000,0.02152000,0.02137000,0.02146000,4852.00000000
1539774000,1539777599,0.02151000,0.02180000,0.02145000,0.02180000,17187.90000000
1539777600,1539781199,0.02180000,0.02200000,0.02180000,0.02200000,10399.10000000
1539781200,1539784799,0.02209000,0.02209000,0.02205000,0.02205000,336.00000000
1539784800,1539788399,0.02207000,0.02207000,0.02184000,0.02193000,4887.90000000
1539788400,1539791999,0.02168000,0.02168000,0.02160000,0.02160000,97.10000000
1539792000,1539795599,0.02160000,0.02161000,0.02160000,0.02161000,1528.60000000
1539795600,1539799199,0.02195000,0.02195000,0.02195000,0.02195000,3684.50000000
1539799200,1539802799,0.02195000,0.02195000,0.02195000,0.02195000,0.00000000
1539802800,1539806399,0.02197000,0.02197000,0.02169000,0.02169000,3806.00000000
1539806400,1539809999,0.02169000,0.02169000,0.02169000,0.02169000,0.00000000
1539810000,1539813599,0.02169000,0.02169000,0.02169000,0.02169000,1789.00000000
1539813600,1539817199,0.02169000,0.02174000,0.02169000,0.02174000,183.80000000
1539817200,1539820799,0.02187000,0.02187000,0.02164000,0.02165000,946.70000000
1539820800,1539824399,0.02181000,0.02187000,0.02181000,0.02187000,49.60000000
1539824400,1539827999,0.02189000,0.02194000,0.02186000,0.02193000,599.30000000
1539828000,1539831599,0.02194000,0.02195000,0.02194000,0.02195000,2129.20000000
1539831600,1539835199,0.02202000,0.02240000,0.02202000,0.02240000,7430.80000000
1539835200,1539838799,0.02249000,0.02249000,0.02249000,0.02249000,729.60000000
1539838800,1539842399,0.02228000,0.02228000,0.02185000,0.02185000,6808.10000000
1539842400,1539845999,0.02203000,0.02203000,0.02186000,0.02186000,3525.70000000
1539846000,1539849599,0.02197000,0.02208000,0.02197000,0.02208000,446.00000000
1539849600,1539853199,0.02195000,0.02220000,0.02185000,0.02185000,10556.30000000
1539853200,1539856799,0.02181000,0.02181000,0.02181000,0.02181000,5.30000000
1539856800,1539860399,0.02181000,0.02181000,0.02181000,0.02181000,0.00000000
1539860400,1539863999,0.02181000,0.02181000,0.02181000,0.02181000,0.00000000
1539864000,1539867599,0.02181000,0.02181000,0.02181000,0.02181000,0.00000000
1539867600,1539871199,0.02181000,0.02181000,0.02181000,0.02181000,0.00000000
1539871200,1539874799,0.02181000,0.02202000,0.02181000,0.02202000,2601.80000000
1539874800,1539878399,0.02215000,0.02229000,0.02159000,0.02177000,1306.50000000
1539878400,1539881999,0.02182000,0.02182000,0.02158000,0.02158000,2289.90000000
1539882000,1539885599,0.02174000,0.02174000,0.02174000,0.02174000,46.00000000
1539885600,1539889199,0.02156000,0.02189000,0.02133000,0.02152000,2574.40000000
1539889200,1539892799,0.02191000,0.02192000,0.02187000,0.02187000,2763.20000000
1539892800,1539896399,0.02206000,0.02206000,0.02185000,0.02185000,91.60000000
1539896400,1539899999,0.02181000,0.02187000,0.02151000,0.02187000,1408.00000000
1539900000,1539903599,0.02177000,0.02177000,0.02176000,0.02176000,538.30000000
1539903600,1539907199,0.02167000,0.02223000,0.02166000,0.02198000,9880.80000000
1539907200,1539910799,0.02204000,0.02249000,0.02150000,0.02219000,47351.80000000
1539910800,1539914399,0.02193000,0.02211000,0.02193000,0.02211000,898.10000000
1539914400,1539917999,0.02211000,0.02211000,0.02211000,0.02211000,0.00000000
1539918000,1539921599,0.02216000,0.02216000,0.02215000,0.02215000,10.40000000
1539921600,1539925199,0.02215000,0.02215000,0.02215000,0.02215000,0.00000000
1539925200,1539928799,0.02195000,0.02195000,0.02189000,0.02189000,733.50000000
1539939600,1539943199,0.02169000,0.02190000,0.02162000,0.02162000,3190.30000000
1539943200,1539946799,0.02141000,0.02203000,0.02141000,0.02203000,1568.70000000
1539946800,1539950399,0.02203000,0.02203000,0.02203000,0.02203000,0.00000000
1539950400,1539953999,0.02182000,0.02182000,0.02182000,0.02182000,50.00000000
1539954000,1539957599,0.02182000,0.02182000,0.02182000,0.02182000,0.00000000
1539957600,1539961199,0.02223000,0.02223000,0.02223000,0.02223000,288.00000000
1539961200,1539964799,0.02223000,0.02223000,0.02223000,0.02223000,69.10000000
1539964800,1539968399,0.02223000,0.02223000,0.02223000,0.02223000,0.00000000
1539968400,1539971999,0.02233000,0.02233000,0.02233000,0.02233000,680.50000000
1539972000,1539975599,0.02244000,0.02244000,0.02235000,0.02237000,4235.30000000
1539975600,1539979199,0.02234000,0.02234000,0.02216000,0.02216000,1572.60000000
1539979200,1539982799,0.02229000,0.02236000,0.02221000,0.02236000,5350.50000000
1539982800,1539986399,0.02241000,0.02291000,0.02241000,0.02291000,1520.40000000
1539986400,1539989999,0.02333000,0.02457000,0.02333000,0.02424000,30401.50000000
1539990000,1539993599,0.02425000,0.02430000,0.02354000,0.02366000,11344.90000000
1539993600,1539997199,0.02376000,0.02404000,0.02334000,0.02352000,7154.00000000
1539997200,1540000799,0.02391000,0.02410000,0.02391000,0.02410000,1416.00000000
1540000800,1540004399,0.02398000,0.02507000,0.02398000,0.02445000,18969.20000000
1540004400,1540007999,0.02468000,0.02775000,0.02468000,0.02678000,16217.50000000
1540008000,1540011599,0.02693000,0.02904000,0.02693000,0.02713000,35701.70000000
1540011600,1540015199,0.02711000,0.02745000,0.02653000,0.02706000,14504.30000000
1540015200,1540018799,0.02712000,0.02712000,0.02621000,0.02656000,21565.60000000
1540018800,1540022399,0.02664000,0.02831000,0.02664000,0.02737000,18742.10000000
1540022400,1540025999,0.02737000,0.02821000,0.02731000,0.02740000,10337.60000000
1540026000,1540029599,0.02732000,0.02745000,0.02691000,0.02745000,9755.80000000
1540029600,1540033199,0.02738000,0.02738000,0.02650000,0.02650000,21761.00000000
1540033200,1540036799,0.02638000,0.02694000,0.02630000,0.02690000,33614.10000000
1540036800,1540040399,0.02690000,0.02801000,0.02604000,0.02676000,54367.30000000
1540040400,1540043999,0.02679000,0.02679000,0.02625000,0.02639000,2642.20000000
1540044000,1540047599,0.02626000,0.02684000,0.02617000,0.02672000,2903.40000000
1540047600,1540051199,0.02677000,0.02677000,0.02565000,0.02565000,5445.50000000
1540051200,1540054799,0.02588000,0.02594000,0.02588000,0.02588000,428.20000000
1540054800,1540058399,0.02592000,0.02607000,0.02584000,0.02594000,2513.90000000
1540058400,1540061999,0.02584000,0.02623000,0.02567000,0.02623000,5104.90000000
1540062000,1540065599,0.02618000,0.02664000,0.02609000,0.02664000,805.80000000
1540065600,1540069199,0.02695000,0.02780000,0.02606000,0.02606000,23433.20000000
1540069200,1540072799,0.02606000,0.02643000,0.02605000,0.02635000,2700.30000000
1540072800,1540076399,0.02627000,0.02648000,0.02604000,0.02616000,2284.50000000
1540076400,1540079999,0.02616000,0.02673000,0.02616000,0.02656000,578.70000000
1540080000,1540083599,0.02646000,0.02770000,0.02629000,0.02761000,17974.10000000
1540083600,1540087199,0.02747000,0.02781000,0.02701000,0.02701000,3284.30000000
1540087200,1540090799,0.02701000,0.02708000,0.02668000,0.02674000,5206.40000000
1540090800,1540094399,0.02673000,0.02699000,0.02656000,0.02695000,5601.00000000
1540094400,1540097999,0.02676000,0.02680000,0.02663000,0.02678000,2231.80000000
1540098000,1540101599,0.02672000,0.02672000,0.02655000,0.02655000,2542.80000000
1540101600,1540105199,0.02658000,0.02672000,0.02655000,0.02672000,196.40000000
1540105200,1540108799,0.02656000,0.02665000,0.02628000,0.02628000,5203.70000000
1540108800,1540112399,0.02628000,0.02641000,0.02619000,0.02631000,9114.00000000
1540112400,1540115999,0.02615000,0.02621000,0.02588000,0.02609000,2681.40000000
1540116000,1540119599,0.02588000,0.02651000,0.02543000,0.02603000,14385.90000000
1540119600,1540123199,0.02578000,0.02578000,0.02578000,0.02578000,46.40000000
1540123200,1540126799,0.02590000,0.02590000,0.02565000,0.02565000,276.60000000
1540126800,1540130399,0.02581000,0.02581000,0.02528000,0.02528000,5072.40000000
1540130400,1540133999,0.02545000,0.02545000,0.02506000,0.02525000,1220.50000000
1540134000,1540137599,0.02528000,0.02530000,0.02506000,0.02530000,1702.80000000
1540137600,1540141199,0.02504000,0.02520000,0.02504000,0.02520000,2425.30000000
1540141200,1540144799,0.02507000,0.02509000,0.02498000,0.02509000,3311.80000000
1540144800,1540148399,0.02497000,0.02518000,0.02495000,0.02518000,1058.30000000
1540148400,1540151999,0.02495000,0.02521000,0.02495000,0.02518000,5899.90000000
1540152000,1540155599,0.02510000,0.02512000,0.02510000,0.02512000,440.00000000
1540155600,1540159199,0.02538000,0.02560000,0.02511000,0.02511000,1521.00000000
1540159200,1540162799,0.02501000,0.02501000,0.02501000,0.02501000,128.00000000
1540162800,1540166399,0.02533000,0.02547000,0.02502000,0.02547000,3575.50000000
1540166400,1540169999,0.02533000,0.02533000,0.02478000,0.02481000,8585.30000000
1540170000,1540173599,0.02497000,0.02510000,0.02497000,0.02510000,2524.00000000
1540173600,1540177199,0.02499000,0.02499000,0.02470000,0.02470000,714.10000000
1540177200,1540180799,0.02460000,0.02474000,0.02430000,0.02442000,11486.10000000
1540180800,1540184399,0.02442000,0.02442000,0.02442000,0.02442000,222.10000000
1540184400,1540187999,0.02455000,0.02458000,0.02455000,0.02458000,2393.00000000
1540188000,1540191599,0.02444000,0.02445000,0.02435000,0.02436000,3181.60000000
1540191600,1540195199,0.02435000,0.02453000,0.02422000,0.02425000,8770.40000000
1540195200,1540198799,0.02438000,0.02452000,0.02422000,0.02422000,442.40000000
1540198800,1540202399,0.02455000,0.02461000,0.02452000,0.02452000,1752.00000000
1540202400,1540205999,0.02462000,0.02504000,0.02403000,0.02504000,15310.50000000
1540206000,1540209599,0.02483000,0.02494000,0.02459000,0.02459000,1991.20000000
1540209600,1540213199,0.02473000,0.02488000,0.02473000,0.02480000,2844.70000000
1540213200,1540216799,0.02473000,0.02473000,0.02450000,0.02461000,718.50000000
1540216800,1540220399,0.02470000,0.02470000,0.02470000,0.02470000,373.00000000
1540220400,1540223999,0.02480000,0.02480000,0.02452000,0.02452000,4475.00000000
1540224000,1540227599,0.02461000,0.02501000,0.02461000,0.02501000,1009.00000000
1540227600,1540231199,0.02482000,0.02504000,0.02482000,0.02504000,2559.60000000
1540231200,1540234799,0.02511000,0.02531000,0.02495000,0.02502000,5613.40000000
1540234800,1540238399,0.02516000,0.02516000,0.02496000,0.02506000,1931.80000000
1540238400,1540241999,0.02500000,0.02514000,0.02481000,0.02481000,1104.60000000
1540242000,1540245599,0.02480000,0.02496000,0.02478000,0.02478000,1332.80000000
1540245600,1540249199,0.02478000,0.02478000,0.02478000,0.02478000,0.00000000
1540249200,1540252799,0.02500000,0.02502000,0.02483000,0.02483000,1024.20000000
1540252800,1540256399,0.02498000,0.02524000,0.02496000,0.02500000,5236.70000000
1540256400,1540259999,0.02500000,0.02500000,0.02485000,0.02485000,1542.00000000
1540260000,1540263599,0.02491000,0.02491000,0.02472000,0.02472000,796.30000000
1540263600,1540267199,0.02434000,0.02451000,0.02434000,0.02451000,1664.00000000
1540267200,1540270799,0.02451000,0.02451000,0.02451000,0.02451000,0.00000000
1540270800,1540274399,0.02463000,0.02463000,0.02439000,0.02439000,7.00000000
1540274400,1540277999,0.02439000,0.02439000,0.02439000,0.02439000,0.00000000
1540278000,1540281599,0.02439000,0.02456000,0.02436000,0.02436000,7040.50000000
1540281600,1540285199,0.02458000,0.02458000,0.02427000,0.02427000,96.70000000
1540285200,1540288799,0.02427000,0.02436000,0.02395000,0.02399000,6307.90000000
1540288800,1540292399,0.02386000,0.02403000,0.02375000,0.02394000,2841.50000000
1540292400,1540295999,0.02380000,0.02392000,0.02366000,0.02392000,5482.80000000
1540296000,1540299599,0.02381000,0.02381000,0.02374000,0.02374000,1051.40000000
1540299600,1540303199,0.02377000,0.02377000,0.02377000,0.02377000,0.90000000
1540303200,1540306799,0.02395000,0.02398000,0.02395000,0.02398000,2470.60000000
1540306800,1540310399,0.02399000,0.02399000,0.02386000,0.02386000,88.80000000
1540310400,1540313999,0.02386000,0.02386000,0.02386000,0.02386000,0.00000000
1540314000,1540317599,0.02387000,0.02411000,0.02387000,0.02399000,6901.80000000
1540317600,1540321199,0.02407000,0.02407000,0.02384000,0.02384000,1810.20000000
1540321200,1540324799,0.02391000,0.02396000,0.02391000,0.02393000,1108.00000000
1540324800,1540328399,0.02381000,0.02381000,0.02366000,0.02370000,1293.50000000
1540328400,1540331999,0.02370000,0.02370000,0.02370000,0.02370000,170.00000000
1540332000,1540335599,0.02369000,0.02369000,0.02369000,0.02369000,915.00000000
1540335600,1540339199,0.02375000,0.02394000,0.02375000,0.02394000,9.70000000
1540339200,1540342799,0.02395000,0.02434000,0.02374000,0.02374000,7743.60000000
1540342800,1540346399,0.02369000,0.02374000,0.02353000,0.02356000,1338.90000000
1540346400,1540349999,0.02356000,0.02356000,0.02347000,0.02347000,3029.10000000
1540350000,1540353599,0.02349000,0.02358000,0.02320000,0.02328000,6640.70000000
1540353600,1540357199,0.02335000,0.02335000,0.02335000,0.02335000,437.00000000
1540357200,1540360799,0.02345000,0.02348000,0.02345000,0.02348000,489.20000000
1540360800,1540364399,0.02348000,0.02348000,0.02348000,0.02348000,0.00000000
1540364400,1540367999,0.02348000,0.02348000,0.02348000,0.02348000,834.20000000
1540368000,1540371599,0.02373000,0.02403000,0.02370000,0.02370000,9501.10000000
1540371600,1540375199,0.02358000,0.02370000,0.02343000,0.02343000,6002.30000000
1540375200,1540378799,0.02351000,0.02373000,0.02351000,0.02361000,2728.80000000
1540378800,1540382399,0.02355000,0.02355000,0.02348000,0.02348000,608.10000000
1540382400,1540385999,0.02348000,0.02348000,0.02348000,0.02348000,0.00000000
1540386000,1540389599,0.02372000,0.02379000,0.02372000,0.02379000,5594.80000000
1540389600,1540393199,0.02383000,0.02383000,0.02371000,0.02371000,2794.00000000
1540393200,1540396799,0.02366000,0.02366000,0.02345000,0.02345000,233.20000000
1540396800,1540400399,0.02367000,0.02379000,0.02367000,0.02377000,2029.90000000
1540400400,1540403999,0.02370000,0.02381000,0.02367000,0.02381000,1230.60000000
1540404000,1540407599,0.02404000,0.02404000,0.02404000,0.02404000,8.10000000
1540407600,1540411199,0.02412000,0.02412000,0.02398000,0.02410000,1509.60000000
1540411200,1540414799,0.02409000,0.02428000,0.02397000,0.02397000,4931.20000000
1540414800,1540418399,0.02397000,0.02397000,0.02397000,0.02397000,0.00000000
1540418400,1540421999,0.02372000,0.02372000,0.02372000,0.02372000,145.00000000
1540422000,1540425599,0.02372000,0.02394000,0.02367000,0.02378000,1743.90000000
1540425600,1540429199,0.02392000,0.02392000,0.02387000,0.02392000,183.70000000
1540429200,1540432799,0.02392000,0.02392000,0.02382000,0.02382000,548.70000000
1540432800,1540436399,0.02386000,0.02390000,0.02359000,0.02359000,2722.00000000
1540436400,1540439999,0.02346000,0.02346000,0.02346000,0.02346000,2534.20000000
1540440000,1540443599,0.02350000,0.02350000,0.02350000,0.02350000,254.80000000
1540443600,1540447199,0.02333000,0.02350000,0.02333000,0.02350000,528.60000000
1540447200,1540450799,0.02350000,0.02350000,0.02350000,0.02350000,0.00000000
1540450800,1540454399,0.02334000,0.02352000,0.02322000,0.02352000,1013.70000000
1540454400,1540457999,0.02339000,0.02351000,0.02339000,0.02351000,365.00000000
1540458000,1540461599,0.02351000,0.02351000,0.02351000,0.02351000,0.00000000
1540461600,1540465199,0.02355000,0.02360000,0.02312000,0.02357000,1322.00000000
1540465200,1540468799,0.02347000,0.02347000,0.02347000,0.02347000,85.40000000
1540468800,1540472399,0.02346000,0.02358000,0.02346000,0.02358000,2912.40000000
1540472400,1540475999,0.02365000,0.02367000,0.02365000,0.02367000,753.50000000
1540476000,1540479599,0.02372000,0.02391000,0.02372000,0.02376000,2991.90000000
1540479600,1540483199,0.02377000,0.02377000,0.02376000,0.02376000,343.60000000
1540483200,1540486799,0.02383000,0.02409000,0.02381000,0.02381000,166.60000000
1540486800,1540490399,0.02381000,0.02382000,0.02381000,0.02381000,242.90000000
1540490400,1540493999,0.02391000,0.02397000,0.02388000,0.02388000,2203.50000000
1540494000,1540497599,0.02390000,0.02438000,0.02390000,0.02405000,10966.30000000
1540497600,1540501199,0.02408000,0.02433000,0.02403000,0.02433000,4700.80000000
1540501200,1540504799,0.02420000,0.02478000,0.02420000,0.02423000,3818.30000000
1540504800,1540508399,0.02403000,0.02403000,0.02396000,0.02396000,4035.50000000
1540508400,1540511999,0.02412000,0.02414000,0.02412000,0.02414000,848.20000000
1540512000,1540515599,0.02423000,0.02423000,0.02411000,0.02411000,1515.90000000
1540515600,1540519199,0.02396000,0.02396000,0.02370000,0.02370000,2991.90000000
1540519200,1540522799,0.02368000,0.02383000,0.02366000,0.02366000,585.20000000
1540522800,1540526399,0.02367000,0.02369000,0.02367000,0.02369000,1434.00000000
1540526400,1540529999,0.02369000,0.02369000,0.02369000,0.02369000,0.00000000
1540530000,1540533599,0.02371000,0.02371000,0.02366000,0.02366000,1796.10000000
1540533600,1540537199,0.02362000,0.02362000,0.02352000,0.02352000,267.70000000
1540537200,1540540799,0.02361000,0.02361000,0.02341000,0.02341000,462.70000000
1540540800,1540544399,0.02360000,0.02426000,0.02360000,0.02391000,9217.70000000
1540544400,1540547999,0.02399000,0.02399000,0.02399000,0.02399000,129.30000000
1540548000,1540551599,0.02404000,0.02404000,0.02399000,0.02399000,628.50000000
1540551600,1540555199,0.02376000,0.02376000,0.02373000,0.02373000,236.00000000
1540555200,1540558799,0.02373000,0.02373000,0.02373000,0.02373000,0.00000000
1540558800,1540562399,0.02376000,0.02376000,0.02371000,0.02371000,680.90000000
1540562400,1540565999,0.02371000,0.02371000,0.02354000,0.02362000,3282.80000000
1540566000,1540569599,0.02366000,0.02369000,0.02366000,0.02369000,526.20000000
1540569600,1540573199,0.02369000,0.02369000,0.02369000,0.02369000,0.00000000
1540573200,1540576799,0.02371000,0.02371000,0.02371000,0.02371000,273.10000000
1540576800,1540580399,0.02378000,0.02378000,0.02378000,0.02378000,79.00000000
1540580400,1540583999,0.02378000,0.02378000,0.02378000,0.02378000,0.00000000
1540584000,1540587599,0.02380000,0.02381000,0.02372000,0.02372000,3665.20000000
1540587600,1540591199,0.02368000,0.02399000,0.02368000,0.02399000,723.50000000
1540591200,1540594799,0.02399000,0.02399000,0.02372000,0.02372000,126.40000000
1540594800,1540598399,0.02359000,0.02376000,0.02359000,0.02376000,568.10000000
1540598400,1540601999,0.02393000,0.02393000,0.02393000,0.02393000,1.90000000
1540602000,1540605599,0.02393000,0.02393000,0.02393000,0.02393000,0.00000000
1540605600,1540609199,0.02393000,0.02393000,0.02393000,0.02393000,0.00000000
1540609200,1540612799,0.02389000,0.02389000,0.02389000,0.02389000,11.00000000
1540612800,1540616399,0.02385000,0.02399000,0.02385000,0.02399000,2571.90000000
1540616400,1540619999,0.02399000,0.02399000,0.02399000,0.02399000,0.00000000
1540620000,1540623599,0.02387000,0.02387000,0.02385000,0.02385000,744.30000000
1540623600,1540627199,0.02398000,0.02409000,0.02393000,0.02393000,1777.50000000
1540627200,1540630799,0.02409000,0.02418000,0.02409000,0.02418000,756.00000000
1540630800,1540634399,0.02420000,0.02420000,0.02375000,0.02379000,3532.60000000
1540634400,1540637999,0.02390000,0.02391000,0.02384000,0.02384000,603.50000000
1540638000,1540641599,0.02398000,0.02405000,0.02384000,0.02384000,1353.00000000
1540641600,1540645199,0.02389000,0.02389000,0.02389000,0.02389000,377.40000000
1540645200,1540648799,0.02383000,0.02383000,0.02382000,0.02382000,442.10000000
1540648800,1540652399,0.02375000,0.02375000,0.02375000,0.02375000,264.90000000
1540652400,1540655999,0.02370000,0.02370000,0.02369000,0.02370000,216.60000000
1540656000,1540659599,0.02358000,0.02358000,0.02334000,0.02334000,2444.20000000
1540659600,1540663199,0.02334000,0.02334000,0.02334000,0.02334000,0.00000000
1540663200,1540666799,0.02359000,0.02359000,0.02359000,0.02359000,375.20000000
1540666800,1540670399,0.02345000,0.02345000,0.02345000,0.02345000,0.90000000
1540670400,1540673999,0.02343000,0.02343000,0.02331000,0.02331000,596.50000000
1540674000,1540677599,0.02323000,0.02345000,0.02320000,0.02345000,2450.90000000
1540677600,1540681199,0.02331000,0.02331000,0.02331000,0.02331000,642.30000000
1540681200,1540684799,0.02342000,0.02342000,0.02322000,0.02335000,6069.00000000
1540684800,1540688399,0.02337000,0.02345000,0.02335000,0.02335000,670.70000000
1540688400,1540691999,0.02336000,0.02336000,0.02330000,0.02335000,4246.00000000
1540692000,1540695599,0.02329000,0.02329000,0.02329000,0.02329000,709.00000000
1540695600,1540699199,0.02329000,0.02329000,0.02329000,0.02329000,0.00000000
1540699200,1540702799,0.02329000,0.02329000,0.02329000,0.02329000,0.00000000
1540702800,1540706399,0.02337000,0.02349000,0.02337000,0.02349000,782.40000000
1540706400,1540709999,0.02350000,0.02350000,0.02350000,0.02350000,89.50000000
1540710000,1540713599,0.02350000,0.02350000,0.02350000,0.02350000,0.00000000
1540713600,1540717199,0.02348000,0.02348000,0.02348000,0.02348000,1147.40000000
1540717200,1540720799,0.02364000,0.02364000,0.02364000,0.02364000,250.00000000
1540720800,1540724399,0.02364000,0.02364000,0.02364000,0.02364000,0.00000000
1540724400,1540727999,0.02363000,0.02364000,0.02360000,0.02364000,4027.30000000
1540728000,1540731599,0.02354000,0.02355000,0.02350000,0.02350000,1832.40000000
1540731600,1540735199,0.02358000,0.02381000,0.02358000,0.02372000,1254.50000000
1540735200,1540738799,0.02387000,0.02401000,0.02385000,0.02385000,1557.00000000
1540738800,1540742399,0.02386000,0.02401000,0.02386000,0.02401000,29.40000000
1540742400,1540745999,0.02383000,0.02383000,0.02383000,0.02383000,57.40000000
1540746000,1540749599,0.02385000,0.02385000,0.02375000,0.02375000,699.00000000
1540749600,1540753199,0.02376000,0.02431000,0.02376000,0.02415000,2167.20000000
1540753200,1540756799,0.02415000,0.02437000,0.02375000,0.02421000,5052.30000000
1540756800,1540760399,0.02412000,0.02412000,0.02403000,0.02403000,711.40000000
1540760400,1540763999,0.02402000,0.02402000,0.02386000,0.02386000,951.50000000
1540764000,1540767599,0.02382000,0.02391000,0.02381000,0.02391000,531.70000000
1540767600,1540771199,0.02391000,0.02392000,0.02391000,0.02392000,1038.10000000
1540771200,1540774799,0.02375000,0.02375000,0.02372000,0.02372000,252.00000000
1540774800,1540778399,0.02372000,0.02372000,0.02365000,0.02365000,2100.10000000
1540778400,1540781999,0.02365000,0.02365000,0.02365000,0.02365000,0.00000000
1540782000,1540785599,0.02368000,0.02368000,0.02368000,0.02368000,337.40000000
1540785600,1540789199,0.02368000,0.02368000,0.02368000,0.02368000,0.00000000
1540789200,1540792799,0.02386000,0.02392000,0.02369000,0.02392000,122.60000000
1540792800,1540796399,0.02399000,0.02400000,0.02399000,0.02400000,692.00000000
1540796400,1540799999,0.02400000,0.02400000,0.02400000,0.02400000,0.00000000
1540800000,1540803599,0.02417000,0.02417000,0.02412000,0.02412000,353.00000000
1540803600,1540807199,0.02417000,0.02424000,0.02407000,0.02407000,519.90000000
1540807200,1540810799,0.02407000,0.02407000,0.02407000,0.02407000,0.00000000
1540810800,1540814399,0.02413000,0.02413000,0.02368000,0.02368000,3202.60000000
1540814400,1540817999,0.02358000,0.02368000,0.02276000,0.02276000,3111.40000000
1540818000,1540821599,0.02276000,0.02321000,0.02276000,0.02310000,1655.60000000
1540821600,1540825199,0.02300000,0.02311000,0.02284000,0.02311000,2637.20000000
1540825200,1540828799,0.02303000,0.02303000,0.02303000,0.02303000,319.90000000
1540828800,1540832399,0.02310000,0.02310000,0.02284000,0.02284000,5197.00000000
1540832400,1540835999,0.02284000,0.02288000,0.02256000,0.02256000,1538.30000000
1540836000,1540839599,0.02281000,0.02282000,0.02269000,0.02269000,720.00000000
1540839600,1540843199,0.02282000,0.02282000,0.02282000,0.02282000,1.00000000
1540843200,1540846799,0.02268000,0.02268000,0.02268000,0.02268000,0.80000000
1540846800,1540850399,0.02281000,0.02281000,0.02281000,0.02281000,67.00000000
1540850400,1540853999,0.02268000,0.02276000,0.02237000,0.02264000,701.10000000
1540854000,1540857599,0.02288000,0.02288000,0.02288000,0.02288000,44.10000000
1540857600,1540861199,0.02283000,0.02283000,0.02242000,0.02242000,1042.90000000
1540861200,1540864799,0.02249000,0.02249000,0.02237000,0.02244000,797.10000000
1540864800,1540868399,0.02247000,0.02247000,0.02247000,0.02247000,53.40000000
1540868400,1540871999,0.02232000,0.02232000,0.02231000,0.02231000,413.00000000
1540872000,1540875599,0.02231000,0.02231000,0.02231000,0.02231000,0.00000000
1540875600,1540879199,0.02253000,0.02258000,0.02253000,0.02258000,766.50000000
1540879200,1540882799,0.02258000,0.02258000,0.02244000,0.02258000,1605.60000000
1540882800,1540886399,0.02258000,0.02258000,0.02258000,0.02258000,0.00000000
1540886400,1540889999,0.02258000,0.02283000,0.02258000,0.02283000,252.50000000
1540890000,1540893599,0.02283000,0.02283000,0.02283000,0.02283000,0.00000000
1540893600,1540897199,0.02265000,0.02265000,0.02249000,0.02249000,87.80000000
1540897200,1540900799,0.02263000,0.02301000,0.02263000,0.02297000,12097.90000000
1540900800,1540904399,0.02297000,0.02324000,0.02292000,0.02320000,7288.00000000
1540904400,1540907999,0.02337000,0.02361000,0.02326000,0.02361000,6915.50000000
1540908000,1540911599,0.02362000,0.02419000,0.02360000,0.02364000,4988.30000000
1540911600,1540915199,0.02353000,0.02401000,0.02353000,0.02356000,4047.40000000
1540915200,1540918799,0.02355000,0.02467000,0.02355000,0.02406000,13915.80000000
1540918800,1540922399,0.02435000,0.02467000,0.02361000,0.02385000,12333.70000000
1540922400,1540925999,0.02387000,0.02445000,0.02387000,0.02420000,2841.90000000
1540926000,1540929599,0.02410000,0.02414000,0.02410000,0.02414000,713.50000000
1540929600,1540933199,0.02418000,0.02422000,0.02398000,0.02398000,2835.30000000
1540933200,1540936799,0.02399000,0.02399000,0.02387000,0.02392000,1532.20000000
1540936800,1540940399,0.02399000,0.02401000,0.02399000,0.02401000,656.60000000
1540940400,1540943999,0.02411000,0.02412000,0.02401000,0.02412000,2364.70000000
1540944000,1540947599,0.02410000,0.02423000,0.02363000,0.02397000,9718.40000000
1540947600,1540951199,0.02397000,0.02404000,0.02385000,0.02404000,10242.10000000
1540951200,1540954799,0.02385000,0.02404000,0.02381000,0.02386000,3817.90000000
1540954800,1540958399,0.02382000,0.02382000,0.02382000,0.02382000,0.10000000
1540958400,1540961999,0.02402000,0.02405000,0.02402000,0.02405000,1008.60000000
1540962000,1540965599,0.02405000,0.02405000,0.02404000,0.02405000,400.30000000
1540965600,1540969199,0.02400000,0.02401000,0.02399000,0.02399000,1153.00000000
1540969200,1540972799,0.02369000,0.02369000,0.02368000,0.02369000,1453.80000000
1540972800,1540976399,0.02372000,0.02375000,0.02370000,0.02370000,1460.10000000
1540976400,1540979999,0.02369000,0.02380000,0.02368000,0.02380000,828.60000000
1540980000,1540983599,0.02386000,0.02387000,0.02368000,0.02369000,1481.00000000
1540983600,1540987199,0.02358000,0.02369000,0.02358000,0.02369000,1363.80000000
1540987200,1540990799,0.02373000,0.02373000,0.02373000,0.02373000,295.00000000
1540990800,1540994399,0.02366000,0.02377000,0.02366000,0.02377000,1945.00000000
1540994400,1540997999,0.02358000,0.02358000,0.02325000,0.02325000,11425.10000000
1540998000,1541001599,0.02325000,0.02376000,0.02307000,0.02360000,8061.80000000
1541001600,1541005199,0.02360000,0.02369000,0.02358000,0.02358000,1208.60000000
1541005200,1541008799,0.02358000,0.02358000,0.02358000,0.02358000,0.00000000
1541008800,1541012399,0.02365000,0.02378000,0.02363000,0.02378000,2949.60000000
1541012400,1541015999,0.02372000,0.02403000,0.02372000,0.02394000,2911.30000000
1541016000,1541019599,0.02378000,0.02384000,0.02377000,0.02384000,1349.20000000
1541019600,1541023199,0.02388000,0.02396000,0.02388000,0.02396000,3081.70000000
1541023200,1541026799,0.02396000,0.02398000,0.02396000,0.02398000,382.50000000
1541026800,1541030399,0.02403000,0.02403000,0.02390000,0.02390000,107.50000000
1541030400,1541033999,0.02403000,0.02410000,0.02403000,0.02410000,89.60000000
1541034000,1541037599,0.02411000,0.02419000,0.02388000,0.02398000,2064.10000000
1541037600,1541041199,0.02403000,0.02404000,0.02403000,0.02403000,559.70000000
1541041200,1541044799,0.02403000,0.02403000,0.02403000,0.02403000,0.00000000
1541044800,1541048399,0.02387000,0.02387000,0.02368000,0.02368000,874.80000000
1541048400,1541051999,0.02368000,0.02395000,0.02368000,0.02395000,1283.60000000
1541052000,1541055599,0.02375000,0.02375000,0.02375000,0.02375000,193.00000000
1541055600,1541059199,0.02375000,0.02375000,0.02375000,0.02375000,0.00000000
1541059200,1541062799,0.02389000,0.02414000,0.02387000,0.02414000,966.80000000
1541062800,1541066399,0.02415000,0.02415000,0.02415000,0.02415000,41.90000000
1541066400,1541069999,0.02392000,0.02397000,0.02388000,0.02397000,610.00000000
1541070000,1541073599,0.02411000,0.02433000,0.02401000,0.02401000,3105.80000000
1541073600,1541077199,0.02411000,0.02411000,0.02411000,0.02411000,53.40000000
1541077200,1541080799,0.02420000,0.02427000,0.02416000,0.02422000,243.20000000
1541080800,1541084399,0.02437000,0.02450000,0.02437000,0.02442000,1046.40000000
1541084400,1541087999,0.02445000,0.02445000,0.02401000,0.02401000,2249.30000000
1541088000,1541091599,0.02431000,0.02442000,0.02423000,0.02423000,2026.80000000
1541091600,1541095199,0.02451000,0.02467000,0.02411000,0.02456000,6125.70000000
1541095200,1541098799,0.02448000,0.02450000,0.02432000,0.02432000,1845.00000000
1541098800,1541102399,0.02438000,0.02483000,0.02436000,0.02467000,1911.90000000
1541102400,1541105999,0.02463000,0.02463000,0.02463000,0.02463000,436.80000000
1541106000,1541109599,0.02463000,0.02478000,0.02463000,0.02478000,436.50000000
1541109600,1541113199,0.02462000,0.02462000,0.02432000,0.02432000,3045.40000000
1541113200,1541116799,0.02440000,0.02440000,0.02436000,0.02436000,1027.80000000
1541116800,1541120399,0.02447000,0.02447000,0.02414000,0.02414000,2898.60000000
1541120400,1541123999,0.02429000,0.02429000,0.02402000,0.02402000,2303.40000000
1541124000,1541127599,0.02399000,0.02400000,0.02398000,0.02400000,735.00000000
1541127600,1541131199,0.02400000,0.02409000,0.02400000,0.02408000,2604.90000000
1541131200,1541134799,0.02413000,0.02452000,0.02412000,0.02413000,12039.10000000
1541134800,1541138399,0.02443000,0.02445000,0.02443000,0.02445000,767.00000000
1541138400,1541141999,0.02448000,0.02477000,0.02448000,0.02461000,5390.60000000
1541142000,1541145599,0.02444000,0.02446000,0.02444000,0.02446000,279.10000000
1541145600,1541149199,0.02446000,0.02446000,0.02446000,0.02446000,548.00000000
1541149200,1541152799,0.02442000,0.02459000,0.02387000,0.02450000,6156.90000000
1541152800,1541156399,0.02456000,0.02456000,0.02454000,0.02456000,667.20000000
1541156400,1541159999,0.02467000,0.02467000,0.02467000,0.02467000,897.00000000
1541160000,1541163599,0.02458000,0.02477000,0.02458000,0.02464000,1327.80000000
1541163600,1541167199,0.02476000,0.02494000,0.02461000,0.02461000,783.20000000
1541167200,1541170799,0.02465000,0.02465000,0.02453000,0.02453000,41.80000000
1541170800,1541174399,0.02460000,0.02481000,0.02442000,0.02442000,1169.70000000
1541174400,1541177999,0.02472000,0.02472000,0.02430000,0.02430000,699.80000000
1541178000,1541181599,0.02445000,0.02445000,0.02420000,0.02420000,610.30000000
1541181600,1541185199,0.02443000,0.02443000,0.02443000,0.02443000,1.00000000
1541185200,1541188799,0.02421000,0.02421000,0.02419000,0.02419000,798.90000000
1541188800,1541192399,0.02419000,0.02419000,0.02410000,0.02411000,1210.00000000
1541192400,1541195999,0.02407000,0.02407000,0.02397000,0.02406000,1799.80000000
1541196000,1541199599,0.02406000,0.02406000,0.02406000,0.02406000,0.00000000
1541199600,1541203199,0.02406000,0.02406000,0.02406000,0.02406000,0.00000000
1541203200,1541206799,0.02406000,0.02406000,0.02406000,0.02406000,0.00000000
1541206800,1541210399,0.02400000,0.02400000,0.02400000,0.02400000,219.00000000
1541210400,1541213999,0.02397000,0.02397000,0.02397000,0.02397000,91.00000000
1541214000,1541217599,0.02397000,0.02397000,0.02368000,0.02395000,406.60000000
1541217600,1541221199,0.02395000,0.02395000,0.02395000,0.02395000,0.00000000
1541221200,1541224799,0.02395000,0.02395000,0.02395000,0.02395000,42.10000000
1541224800,1541228399,0.02368000,0.02368000,0.02368000,0.02368000,349.30000000
1541228400,1541231999,0.02368000,0.02368000,0.02368000,0.02368000,0.00000000
1541232000,1541235599,0.02367000,0.02367000,0.02367000,0.02367000,0.70000000
1541235600,1541239199,0.02372000,0.02372000,0.02339000,0.02353000,2685.70000000
1541239200,1541242799,0.02347000,0.02357000,0.02347000,0.02357000,566.50000000
1541242800,1541246399,0.02358000,0.02361000,0.02358000,0.02360000,1260.20000000
1541246400,1541249999,0.02334000,0.02344000,0.02324000,0.02342000,4123.80000000
1541250000,1541253599,0.02342000,0.02344000,0.02342000,0.02344000,242.10000000
1541253600,1541257199,0.02356000,0.02356000,0.02356000,0.02356000,154.30000000
1541257200,1541260799,0.02355000,0.02355000,0.02355000,0.02355000,503.50000000
1541260800,1541264399,0.02354000,0.02356000,0.02354000,0.02356000,474.00000000
1541264400,1541267999,0.02361000,0.02361000,0.02361000,0.02361000,83.40000000
1541268000,1541271599,0.02370000,0.02370000,0.02370000,0.02370000,1153.00000000
1541271600,1541275199,0.02370000,0.02370000,0.02370000,0.02370000,0.00000000
1541275200,1541278799,0.02391000,0.02392000,0.02372000,0.02373000,6749.00000000
1541278800,1541282399,0.02373000,0.02373000,0.02373000,0.02373000,0.00000000
1541282400,1541285999,0.02358000,0.02358000,0.02352000,0.02352000,201.00000000
1541286000,1541289599,0.02352000,0.02352000,0.02352000,0.02352000,76.40000000
1541289600,1541293199,0.02345000,0.02367000,0.02345000,0.02356000,2109.30000000
1541293200,1541296799,0.02371000,0.02371000,0.02349000,0.02349000,1471.80000000
1541296800,1541300399,0.02348000,0.02348000,0.02326000,0.02326000,3677.80000000
1541300400,1541303999,0.02338000,0.02338000,0.02337000,0.02338000,532.40000000
1541304000,1541307599,0.02338000,0.02338000,0.02338000,0.02338000,0.00000000
1541307600,1541311199,0.02338000,0.02338000,0.02338000,0.02338000,0.00000000
1541311200,1541314799,0.02336000,0.02369000,0.02304000,0.02323000,10376.20000000
1541314800,1541318399,0.02329000,0.02332000,0.02303000,0.02305000,2268.80000000
1541318400,1541321999,0.02305000,0.02306000,0.02290000,0.02293000,2432.70000000
1541322000,1541325599,0.02295000,0.02299000,0.02273000,0.02286000,3455.60000000
1541325600,1541329199,0.02276000,0.02277000,0.02272000,0.02274000,1448.90000000
1541329200,1541332799,0.02274000,0.02274000,0.02262000,0.02270000,3752.30000000
1541332800,1541336399,0.02283000,0.02285000,0.02283000,0.02285000,885.10000000
1541336400,1541339999,0.02274000,0.02285000,0.02272000,0.02285000,396.00000000
1541340000,1541343599,0.02285000,0.02285000,0.02285000,0.02285000,0.90000000
1541343600,1541347199,0.02285000,0.02285000,0.02285000,0.02285000,0.00000000
1541347200,1541350799,0.02296000,0.02299000,0.02282000,0.02299000,5960.70000000
1541350800,1541354399,0.02289000,0.02299000,0.02287000,0.02287000,1811.50000000
1541354400,1541357999,0.02302000,0.02332000,0.02219000,0.02219000,13931.80000000
1541358000,1541361599,0.02271000,0.02278000,0.02269000,0.02278000,2118.70000000
1541361600,1541365199,0.02267000,0.02291000,0.02267000,0.02274000,3238.90000000
1541365200,1541368799,0.02283000,0.02298000,0.02283000,0.02298000,3966.90000000
1541368800,1541372399,0.02291000,0.02292000,0.02291000,0.02292000,764.20000000
1541372400,1541375999,0.02287000,0.02355000,0.02287000,0.02319000,6959.60000000
1541376000,1541379599,0.02324000,0.02324000,0.02324000,0.02324000,142.10000000
1541379600,1541383199,0.02318000,0.02318000,0.02303000,0.02303000,2149.30000000
1541383200,1541386799,0.02322000,0.02336000,0.02280000,0.02280000,2073.50000000
1541386800,1541390399,0.02302000,0.02302000,0.02302000,0.02302000,347.80000000
1541390400,1541393999,0.02300000,0.02300000,0.02300000,0.02300000,520.80000000
1541394000,1541397599,0.02300000,0.02300000,0.02280000,0.02280000,419.40000000
1541397600,1541401199,0.02280000,0.02284000,0.02280000,0.02281000,1313.00000000
1541401200,1541404799,0.02280000,0.02287000,0.02210000,0.02252000,4422.10000000
1541404800,1541408399,0.02225000,0.02225000,0.02224000,0.02224000,203.10000000
1541408400,1541411999,0.02268000,0.02268000,0.02268000,0.02268000,88.10000000
1541412000,1541415599,0.02268000,0.02268000,0.02268000,0.02268000,0.00000000
1541415600,1541419199,0.02268000,0.02269000,0.02268000,0.02269000,782.20000000
1541419200,1541422799,0.02269000,0.02269000,0.02269000,0.02269000,0.00000000
1541422800,1541426399,0.02246000,0.02246000,0.02242000,0.02242000,1711.00000000
1541426400,1541429999,0.02259000,0.02259000,0.02250000,0.02251000,958.50000000
1541430000,1541433599,0.02237000,0.02237000,0.02178000,0.02235000,4493.10000000
1541433600,1541437199,0.02235000,0.02237000,0.02222000,0.02222000,1043.10000000
1541437200,1541440799,0.02222000,0.02222000,0.02219000,0.02219000,606.00000000
1541440800,1541444399,0.02232000,0.02235000,0.02232000,0.02235000,1507.60000000
1541444400,1541447999,0.02250000,0.02250000,0.02232000,0.02232000,388.20000000
1541448000,1541451599,0.02232000,0.02232000,0.02232000,0.02232000,0.00000000
1541451600,1541455199,0.02232000,0.02232000,0.02232000,0.02232000,0.00000000
1541455200,1541458799,0.02242000,0.02267000,0.02238000,0.02238000,1911.50000000
1541458800,1541462399,0.02238000,0.02238000,0.02233000,0.02233000,2404.30000000
1541462400,1541465999,0.02244000,0.02244000,0.02167000,0.02219000,3038.60000000
1541466000,1541469599,0.02212000,0.02213000,0.02212000,0.02213000,436.70000000
1541469600,1541473199,0.02217000,0.02217000,0.02217000,0.02217000,1.00000000
1541473200,1541476799,0.02213000,0.02213000,0.02212000,0.02212000,1000.70000000
1541476800,1541480399,0.02212000,0.02212000,0.02212000,0.02212000,0.00000000
1541480400,1541483999,0.02236000,0.02236000,0.02198000,0.02198000,4874.00000000
1541484000,1541487599,0.02204000,0.02204000,0.02204000,0.02204000,116.40000000
1541487600,1541491199,0.02204000,0.02204000,0.02204000,0.02204000,0.00000000
1541491200,1541494799,0.02196000,0.02198000,0.02059000,0.02160000,10944.20000000
1541494800,1541498399,0.02160000,0.02191000,0.02158000,0.02191000,5577.70000000
1541498400,1541501999,0.02180000,0.02180000,0.02160000,0.02160000,6428.40000000
1541502000,1541505599,0.02159000,0.02159000,0.02145000,0.02145000,864.60000000
1541505600,1541509199,0.02155000,0.02161000,0.02155000,0.02161000,2365.00000000
1541509200,1541512799,0.02174000,0.02175000,0.02153000,0.02161000,1132.50000000
1541512800,1541516399,0.02176000,0.02176000,0.02176000,0.02176000,65.00000000
1541516400,1541519999,0.02168000,0.02168000,0.02140000,0.02153000,3346.40000000
1541520000,1541523599,0.02157000,0.02168000,0.02157000,0.02168000,1641.60000000
1541523600,1541527199,0.02168000,0.02175000,0.02168000,0.02175000,1205.70000000
1541527200,1541530799,0.02180000,0.02180000,0.02180000,0.02180000,92.00000000
1541530800,1541534399,0.02180000,0.02189000,0.02176000,0.02189000,668.40000000
1541534400,1541537999,0.02197000,0.02205000,0.02197000,0.02205000,593.60000000
1541538000,1541541599,0.02198000,0.02198000,0.02182000,0.02182000,0.60000000
1541541600,1541545199,0.02186000,0.02199000,0.02186000,0.02199000,161.50000000
1541545200,1541548799,0.02199000,0.02199000,0.02199000,0.02199000,0.00000000
1541548800,1541552399,0.02199000,0.02199000,0.02195000,0.02195000,919.00000000
1541552400,1541555999,0.02206000,0.02206000,0.02193000,0.02193000,365.10000000
1541556000,1541559599,0.02187000,0.02200000,0.02184000,0.02184000,898.10000000
1541559600,1541563199,0.02184000,0.02197000,0.02180000,0.02197000,2032.00000000
1541563200,1541566799,0.02203000,0.02272000,0.02188000,0.02272000,9657.10000000
1541566800,1541570399,0.02267000,0.02284000,0.02267000,0.02282000,198.20000000
1541570400,1541573999,0.02289000,0.02289000,0.02289000,0.02289000,223.90000000
1541574000,1541577599,0.02245000,0.02267000,0.02243000,0.02261000,1285.80000000
1541577600,1541581199,0.02269000,0.02269000,0.02260000,0.02260000,996.40000000
1541581200,1541584799,0.02260000,0.02260000,0.02260000,0.02260000,0.00000000
1541584800,1541588399,0.02260000,0.02260000,0.02260000,0.02260000,0.00000000
1541588400,1541591999,0.02260000,0.02260000,0.02260000,0.02260000,0.00000000
1541592000,1541595599,0.02257000,0.02264000,0.02255000,0.02255000,1143.00000000
1541595600,1541599199,0.02257000,0.02257000,0.02246000,0.02246000,559.00000000
1541599200,1541602799,0.02246000,0.02246000,0.02202000,0.02237000,5440.30000000
1541602800,1541606399,0.02237000,0.02239000,0.02223000,0.02223000,3513.80000000
1541606400,1541609999,0.02226000,0.02233000,0.02202000,0.02226000,5279.70000000
1541610000,1541613599,0.02233000,0.02257000,0.02233000,0.02255000,1560.70000000
1541613600,1541617199,0.02255000,0.02293000,0.02255000,0.02293000,5251.80000000
1541617200,1541620799,0.02293000,0.02312000,0.02276000,0.02276000,1206.30000000
1541620800,1541624399,0.02276000,0.02276000,0.02276000,0.02276000,0.00000000
1541624400,1541627999,0.02263000,0.02263000,0.02261000,0.02261000,832.00000000
1541628000,1541631599,0.02246000,0.02255000,0.02246000,0.02255000,730.60000000
1541631600,1541635199,0.02258000,0.02258000,0.02258000,0.02258000,52.00000000
1541635200,1541638799,0.02246000,0.02246000,0.02246000,0.02246000,1.50000000
1541638800,1541642399,0.02265000,0.02265000,0.02265000,0.02265000,1.60000000
1541642400,1541645999,0.02281000,0.02281000,0.02244000,0.02244000,877.20000000
1541646000,1541649599,0.02229000,0.02229000,0.02229000,0.02229000,1194.00000000
1541649600,1541653199,0.02229000,0.02236000,0.02208000,0.02208000,621.10000000
1541653200,1541656799,0.02226000,0.02226000,0.02226000,0.02226000,89.80000000
1541656800,1541660399,0.02229000,0.02251000,0.02229000,0.02251000,89.40000000
1541660400,1541663999,0.02254000,0.02264000,0.02245000,0.02245000,269.70000000
1541664000,1541667599,0.02256000,0.02256000,0.02255000,0.02255000,708.80000000
1541667600,1541671199,0.02255000,0.02255000,0.02255000,0.02255000,0.00000000
1541671200,1541674799,0.02242000,0.02245000,0.02242000,0.02242000,988.80000000
1541674800,1541678399,0.02242000,0.02242000,0.02241000,0.02241000,382.30000000
1541678400,1541681999,0.02213000,0.02215000,0.02213000,0.02215000,166.60000000
1541682000,1541685599,0.02224000,0.02233000,0.02223000,0.02224000,1010.30000000
1541685600,1541689199,0.02251000,0.02254000,0.02235000,0.02235000,1819.10000000
1541689200,1541692799,0.02236000,0.02236000,0.02236000,0.02236000,1917.40000000
1541692800,1541696399,0.02243000,0.02252000,0.02235000,0.02252000,853.70000000
1541696400,1541699999,0.02252000,0.02252000,0.02241000,0.02241000,1417.10000000
1541700000,1541703599,0.02241000,0.02241000,0.02241000,0.02241000,0.00000000
1541703600,1541707199,0.02242000,0.02254000,0.02239000,0.02246000,822.40000000
1541707200,1541710799,0.02253000,0.02253000,0.02253000,0.02253000,290.00000000
1541710800,1541714399,0.02246000,0.02246000,0.02216000,0.02219000,1035.70000000
1541714400,1541717999,0.02219000,0.02219000,0.02219000,0.02219000,0.00000000
1541718000,1541721599,0.02219000,0.02221000,0.02207000,0.02221000,1235.00000000
1541721600,1541725199,0.02212000,0.02212000,0.02212000,0.02212000,355.00000000
1541725200,1541728799,0.02212000,0.02212000,0.02212000,0.02212000,796.90000000
1541728800,1541732399,0.02222000,0.02223000,0.02222000,0.02223000,603.50000000
1541732400,1541735999,0.02217000,0.02217000,0.02217000,0.02217000,53.90000000
1541736000,1541739599,0.02226000,0.02226000,0.02217000,0.02217000,133.90000000
1541739600,1541743199,0.02232000,0.02233000,0.02232000,0.02233000,503.00000000
1541743200,1541746799,0.02233000,0.02233000,0.02233000,0.02233000,0.30000000
1541746800,1541750399,0.02240000,0.02240000,0.02240000,0.02240000,90.10000000
1541750400,1541753999,0.02241000,0.02256000,0.02241000,0.02256000,4266.30000000
1541754000,1541757599,0.02238000,0.02240000,0.02214000,0.02240000,731.10000000
1541757600,1541761199,0.02227000,0.02227000,0.02227000,0.02227000,0.70000000
1541761200,1541764799,0.02227000,0.02227000,0.02227000,0.02227000,0.00000000
1541764800,1541768399,0.02234000,0.02234000,0.02221000,0.02221000,704.80000000
1541768400,1541771999,0.02216000,0.02216000,0.02216000,0.02216000,307.00000000
1541772000,1541775599,0.02216000,0.02216000,0.02216000,0.02216000,0.00000000
1541775600,1541779199,0.02202000,0.02202000,0.02180000,0.02180000,4729.50000000
1541779200,1541782799,0.02193000,0.02194000,0.02193000,0.02194000,345.00000000
1541782800,1541786399,0.02203000,0.02203000,0.02203000,0.02203000,45.40000000
1541786400,1541789999,0.02189000,0.02189000,0.02188000,0.02188000,100.00000000
1541790000,1541793599,0.02188000,0.02188000,0.02188000,0.02188000,0.00000000
1541793600,1541797199,0.02188000,0.02188000,0.02188000,0.02188000,0.00000000
1541797200,1541800799,0.02186000,0.02186000,0.02186000,0.02186000,0.80000000
1541800800,1541804399,0.02186000,0.02229000,0.02186000,0.02229000,6882.50000000
1541804400,1541807999,0.02205000,0.02205000,0.02205000,0.02205000,2.30000000
1541808000,1541811599,0.02189000,0.02189000,0.02188000,0.02188000,270.20000000
1541811600,1541815199,0.02188000,0.02188000,0.02188000,0.02188000,0.00000000
1541815200,1541818799,0.02188000,0.02188000,0.02188000,0.02188000,0.00000000
1541818800,1541822399,0.02188000,0.02188000,0.02188000,0.02188000,0.00000000
1541822400,1541825999,0.02198000,0.02211000,0.02198000,0.02211000,605.90000000
1541826000,1541829599,0.02210000,0.02210000,0.02209000,0.02209000,605.70000000
1541829600,1541833199,0.02208000,0.02208000,0.02208000,0.02208000,352.50000000
1541833200,1541836799,0.02210000,0.02210000,0.02210000,0.02210000,61.00000000
1541836800,1541840399,0.02210000,0.02210000,0.02210000,0.02210000,0.00000000
1541840400,1541843999,0.02210000,0.02210000,0.02210000,0.02210000,7.70000000
1541844000,1541847599,0.02210000,0.02210000,0.02210000,0.02210000,0.00000000
1541847600,1541851199,0.02210000,0.02210000,0.02210000,0.02210000,0.00000000
1541851200,1541854799,0.02202000,0.02202000,0.02201000,0.02201000,347.90000000
1541854800,1541858399,0.02200000,0.02200000,0.02200000,0.02200000,353.00000000
1541858400,1541861999,0.02200000,0.02200000,0.02200000,0.02200000,0.00000000
1541862000,1541865599,0.02201000,0.02201000,0.02201000,0.02201000,90.80000000
1541865600,1541869199,0.02203000,0.02203000,0.02203000,0.02203000,303.00000000
1541869200,1541872799,0.02197000,0.02228000,0.02197000,0.02228000,90.20000000
1541872800,1541876399,0.02214000,0.02216000,0.02214000,0.02216000,869.70000000
1541876400,1541879999,0.02216000,0.02216000,0.02216000,0.02216000,0.00000000
1541880000,1541883599,0.02216000,0.02216000,0.02216000,0.02216000,0.00000000
1541883600,1541887199,0.02224000,0.02224000,0.02224000,0.02224000,324.00000000
1541887200,1541890799,0.02210000,0.02210000,0.02210000,0.02210000,65.20000000
1541890800,1541894399,0.02234000,0.02254000,0.02225000,0.02243000,4702.70000000
1541894400,1541897999,0.02243000,0.02243000,0.02243000,0.02243000,0.00000000
1541898000,1541901599,0.02230000,0.02230000,0.02230000,0.02230000,60.20000000
1541901600,1541905199,0.02230000,0.02230000,0.02230000,0.02230000,0.00000000
1541905200,1541908799,0.02230000,0.02230000,0.02230000,0.02230000,0.00000000
1541908800,1541912399,0.02230000,0.02230000,0.02230000,0.02230000,0.00000000
1541912400,1541915999,0.02230000,0.02230000,0.02230000,0.02230000,0.00000000
1541916000,1541919599,0.02244000,0.02244000,0.02244000,0.02244000,57.00000000
1541919600,1541923199,0.02241000,0.02241000,0.02241000,0.02241000,301.20000000
1541923200,1541926799,0.02243000,0.02243000,0.02243000,0.02243000,2510.00000000
1541926800,1541930399,0.02244000,0.02268000,0.02244000,0.02254000,798.30000000
1541930400,1541933999,0.02254000,0.02324000,0.02254000,0.02287000,3166.30000000
1541934000,1541937599,0.02307000,0.02307000,0.02301000,0.02301000,1841.00000000
1541937600,1541941199,0.02301000,0.02301000,0.02281000,0.02281000,653.60000000
1541941200,1541944799,0.02292000,0.02292000,0.02292000,0.02292000,200.00000000
1541944800,1541948399,0.02315000,0.02315000,0.02284000,0.02284000,5.00000000
1541948400,1541951999,0.02284000,0.02284000,0.02284000,0.02284000,0.00000000
1541952000,1541955599,0.02284000,0.02284000,0.02284000,0.02284000,0.90000000
1541955600,1541959199,0.02293000,0.02293000,0.02293000,0.02293000,0.10000000
1541959200,1541962799,0.02313000,0.02314000,0.02313000,0.02314000,473.80000000
1541962800,1541966399,0.02314000,0.02330000,0.02295000,0.02330000,1829.60000000
1541966400,1541969999,0.02333000,0.02445000,0.02318000,0.02341000,18575.30000000
1541970000,1541973599,0.02316000,0.02316000,0.02268000,0.02290000,5380.90000000
1541973600,1541977199,0.02283000,0.02283000,0.02267000,0.02267000,283.30000000
1541977200,1541980799,0.02273000,0.02273000,0.02273000,0.02273000,0.90000000
1541980800,1541984399,0.02273000,0.02273000,0.02273000,0.02273000,0.00000000
1541984400,1541987999,0.02268000,0.02268000,0.02268000,0.02268000,1.60000000
1541988000,1541991599,0.02257000,0.02257000,0.02228000,0.02255000,3938.70000000
1541991600,1541995199,0.02245000,0.02245000,0.02200000,0.02205000,623.00000000
1541995200,1541998799,0.02219000,0.02231000,0.02209000,0.02231000,453.40000000
1541998800,1542002399,0.02224000,0.02224000,0.02222000,0.02222000,295.30000000
1542002400,1542005999,0.02240000,0.02268000,0.02240000,0.02268000,1484.90000000
1542006000,1542009599,0.02244000,0.02246000,0.02242000,0.02246000,845.90000000
1542009600,1542013199,0.02220000,0.02220000,0.02210000,0.02210000,785.70000000
1542013200,1542016799,0.02217000,0.02217000,0.02190000,0.02190000,7286.50000000
1542016800,1542020399,0.02199000,0.02199000,0.02199000,0.02199000,0.10000000
1542020400,1542023999,0.02218000,0.02220000,0.02218000,0.02218000,2380.90000000
1542024000,1542027599,0.02220000,0.02220000,0.02220000,0.02220000,6.00000000
1542027600,1542031199,0.02220000,0.02220000,0.02220000,0.02220000,0.00000000
1542031200,1542034799,0.02231000,0.02232000,0.02213000,0.02213000,609.70000000
1542034800,1542038399,0.02218000,0.02218000,0.02194000,0.02210000,1438.50000000
1542038400,1542041999,0.02215000,0.02215000,0.02196000,0.02196000,310.00000000
1542042000,1542045599,0.02231000,0.02231000,0.02194000,0.02219000,867.90000000
1542045600,1542049199,0.02215000,0.02247000,0.02215000,0.02229000,10034.90000000
1542049200,1542052799,0.02229000,0.02229000,0.02218000,0.02218000,670.80000000
1542052800,1542056399,0.02218000,0.02221000,0.02218000,0.02220000,4074.00000000
1542056400,1542059999,0.02230000,0.02232000,0.02230000,0.02231000,918.90000000
1542060000,1542063599,0.02231000,0.02231000,0.02231000,0.02231000,0.90000000
1542063600,1542067199,0.02228000,0.02228000,0.02226000,0.02226000,431.00000000
1542067200,1542070799,0.02226000,0.02226000,0.02226000,0.02226000,1096.80000000
1542070800,1542074399,0.02220000,0.02220000,0.02202000,0.02217000,2238.90000000
1542074400,1542077999,0.02218000,0.02218000,0.02218000,0.02218000,321.00000000
1542078000,1542081599,0.02220000,0.02238000,0.02220000,0.02238000,2871.80000000
1542081600,1542085199,0.02238000,0.02238000,0.02238000,0.02238000,0.00000000
1542085200,1542088799,0.02232000,0.02234000,0.02232000,0.02234000,311.00000000
1542088800,1542092399,0.02256000,0.02291000,0.02254000,0.02282000,5956.00000000
1542092400,1542095999,0.02246000,0.02246000,0.02246000,0.02246000,863.00000000
1542096000,1542099599,0.02267000,0.02267000,0.02237000,0.02255000,5841.90000000
1542099600,1542103199,0.02240000,0.02240000,0.02224000,0.02224000,295.90000000
1542103200,1542106799,0.02218000,0.02226000,0.02214000,0.02226000,814.70000000
1542106800,1542110399,0.02216000,0.02216000,0.02214000,0.02214000,326.30000000
1542110400,1542113999,0.02200000,0.02200000,0.02200000,0.02200000,58.00000000
1542114000,1542117599,0.02198000,0.02202000,0.02181000,0.02181000,1460.60000000
1542117600,1542121199,0.02196000,0.02196000,0.02196000,0.02196000,375.60000000
1542121200,1542124799,0.02196000,0.02196000,0.02196000,0.02196000,0.00000000
1542124800,1542128399,0.02199000,0.02202000,0.02199000,0.02202000,638.90000000
1542128400,1542131999,0.02202000,0.02202000,0.02202000,0.02202000,0.00000000
1542132000,1542135599,0.02202000,0.02202000,0.02202000,0.02202000,99.90000000
1542135600,1542139199,0.02202000,0.02202000,0.02182000,0.02182000,1578.70000000
1542139200,1542142799,0.02173000,0.02174000,0.02171000,0.02171000,1103.20000000
1542142800,1542146399,0.02171000,0.02174000,0.02128000,0.02159000,4602.80000000
1542146400,1542149999,0.02154000,0.02154000,0.02154000,0.02154000,231.00000000
1542150000,1542153599,0.02136000,0.02136000,0.02061000,0.02124000,1968.40000000
1542153600,1542157199,0.02128000,0.02129000,0.02121000,0.02129000,1229.80000000
1542157200,1542160799,0.02136000,0.02136000,0.02126000,0.02126000,248.50000000
1542186000,1542189599,0.02124000,0.02125000,0.02100000,0.02123000,2637.30000000
1542189600,1542193199,0.02100000,0.02100000,0.02007000,0.02007000,2065.00000000
1542193200,1542196799,0.02026000,0.02075000,0.02000000,0.02000000,1127.10000000
1542196800,1542200399,0.02018000,0.02059000,0.02018000,0.02059000,748.20000000
1542200400,1542203999,0.02059000,0.02059000,0.02059000,0.02059000,0.00000000
1542204000,1542207599,0.02005000,0.02005000,0.02000000,0.02000000,248.30000000
1542207600,1542211199,0.01976000,0.01976000,0.01926000,0.01926000,6834.20000000
1542211200,1542214799,0.01926000,0.01926000,0.01851000,0.01855000,8531.80000000
1542214800,1542218399,0.01889000,0.01896000,0.01868000,0.01896000,1920.10000000
1542218400,1542221999,0.01911000,0.01936000,0.01861000,0.01861000,3865.60000000
1542222000,1542225599,0.01874000,0.01874000,0.01850000,0.01861000,3475.00000000
1542225600,1542229199,0.01866000,0.01866000,0.01840000,0.01855000,1368.80000000
1542229200,1542232799,0.01855000,0.01879000,0.01852000,0.01879000,2158.50000000
1542232800,1542236399,0.01895000,0.01900000,0.01895000,0.01899000,879.80000000
1542236400,1542239999,0.01891000,0.01924000,0.01885000,0.01885000,5452.60000000
1542240000,1542243599,0.01916000,0.02012000,0.01895000,0.02012000,19702.70000000
1542243600,1542247199,0.02002000,0.02036000,0.01899000,0.01899000,15326.20000000
1542247200,1542250799,0.01895000,0.01895000,0.01839000,0.01839000,7647.30000000
1542250800,1542254399,0.01828000,0.01858000,0.01828000,0.01856000,5711.20000000
1542254400,1542257999,0.01861000,0.01863000,0.01836000,0.01847000,4089.00000000
1542258000,1542261599,0.01847000,0.01847000,0.01847000,0.01847000,0.00000000
1542261600,1542265199,0.01847000,0.01847000,0.01847000,0.01847000,0.00000000
1542265200,1542268799,0.01847000,0.01857000,0.01846000,0.01849000,4399.60000000
1542268800,1542272399,0.01849000,0.01849000,0.01849000,0.01849000,0.00000000
1542272400,1542275999,0.01853000,0.01855000,0.01853000,0.01855000,749.10000000
1542276000,1542279599,0.01842000,0.01842000,0.01807000,0.01810000,4755.50000000
1542279600,1542283199,0.01806000,0.01809000,0.01800000,0.01800000,2317.10000000
1542283200,1542286799,0.01805000,0.01813000,0.01805000,0.01813000,1359.30000000
1542286800,1542290399,0.01810000,0.01812000,0.01808000,0.01811000,2354.30000000
1542290400,1542293999,0.01785000,0.01785000,0.01775000,0.01775000,1203.60000000
1542294000,1542297599,0.01784000,0.01796000,0.01784000,0.01796000,899.20000000
1542297600,1542301199,0.01821000,0.01821000,0.01796000,0.01796000,583.70000000
1542301200,1542304799,0.01814000,0.01814000,0.01814000,0.01814000,4014.90000000
1542304800,1542308399,0.01824000,0.01824000,0.01824000,0.01824000,255.00000000
1542308400,1542311999,0.01824000,0.01825000,0.01824000,0.01825000,1121.80000000
1542312000,1542315599,0.01822000,0.01822000,0.01822000,0.01822000,55.60000000
1542315600,1542319199,0.01822000,0.01822000,0.01822000,0.01822000,0.00000000
1542319200,1542322799,0.01822000,0.01822000,0.01822000,0.01822000,0.00000000
1542322800,1542326399,0.01842000,0.01842000,0.01842000,0.01842000,214.70000000
1542326400,1542329999,0.01842000,0.01842000,0.01842000,0.01842000,56.70000000
1542330000,1542333599,0.01850000,0.01850000,0.01835000,0.01835000,200.80000000
1542333600,1542337199,0.01835000,0.01835000,0.01835000,0.01835000,205.00000000
1542337200,1542340799,0.01835000,0.01835000,0.01835000,0.01835000,0.00000000
1542340800,1542344399,0.01850000,0.01850000,0.01843000,0.01843000,585.80000000
1542344400,1542347999,0.01843000,0.01843000,0.01843000,0.01843000,0.00000000
1542348000,1542351599,0.01875000,0.01875000,0.01875000,0.01875000,148.70000000
1542351600,1542355199,0.01872000,0.01872000,0.01872000,0.01872000,115.00000000
1542355200,1542358799,0.01861000,0.01861000,0.01859000,0.01859000,471.00000000
1542358800,1542362399,0.01871000,0.01871000,0.01871000,0.01871000,213.70000000
1542362400,1542365999,0.01866000,0.01869000,0.01844000,0.01857000,8564.70000000
1542366000,1542369599,0.01875000,0.01899000,0.01875000,0.01875000,8397.70000000
1542369600,1542373199,0.01875000,0.01875000,0.01875000,0.01875000,55.00000000
1542373200,1542376799,0.01870000,0.01870000,0.01848000,0.01848000,17924.60000000
1542376800,1542380399,0.01848000,0.01848000,0.01848000,0.01848000,0.00000000
1542380400,1542383999,0.01864000,0.01866000,0.01853000,0.01853000,280.10000000
1542384000,1542387599,0.01853000,0.01853000,0.01853000,0.01853000,0.00000000
1542387600,1542391199,0.01853000,0.01853000,0.01853000,0.01853000,0.00000000
1542391200,1542394799,0.01859000,0.01859000,0.01800000,0.01844000,4957.80000000
1542394800,1542398399,0.01831000,0.01831000,0.01819000,0.01820000,1966.40000000
1542398400,1542401999,0.01812000,0.01825000,0.01807000,0.01807000,1257.00000000
1542402000,1542405599,0.01812000,0.01812000,0.01812000,0.01812000,120.00000000
1542405600,1542409199,0.01815000,0.01826000,0.01815000,0.01826000,2157.90000000
1542409200,1542412799,0.01822000,0.01829000,0.01822000,0.01829000,744.10000000
1542412800,1542416399,0.01829000,0.01829000,0.01829000,0.01829000,0.00000000
1542416400,1542419999,0.01837000,0.01837000,0.01837000,0.01837000,363.80000000
1542420000,1542423599,0.01830000,0.01830000,0.01830000,0.01830000,465.00000000
1542423600,1542427199,0.01812000,0.01829000,0.01800000,0.01800000,6326.40000000
1542427200,1542430799,0.01804000,0.01823000,0.01804000,0.01823000,1520.30000000
1542430800,1542434399,0.01862000,0.01900000,0.01862000,0.01900000,6181.10000000
1542434400,1542437999,0.01900000,0.01900000,0.01900000,0.01900000,0.00000000
1542438000,1542441599,0.01900000,0.01900000,0.01900000,0.01900000,0.00000000
1542441600,1542445199,0.01866000,0.01867000,0.01866000,0.01867000,1190.00000000
1542445200,1542448799,0.01871000,0.01871000,0.01869000,0.01869000,1718.70000000
1542448800,1542452399,0.01869000,0.01869000,0.01869000,0.01869000,0.00000000
1542452400,1542455999,0.01869000,0.01900000,0.01844000,0.01900000,4857.90000000
1542456000,1542459599,0.01900000,0.01926000,0.01900000,0.01921000,5644.60000000
1542459600,1542463199,0.01921000,0.01921000,0.01921000,0.01921000,0.00000000
1542463200,1542466799,0.01912000,0.01912000,0.01904000,0.01904000,135.40000000
1542466800,1542470399,0.01903000,0.01903000,0.01903000,0.01903000,315.30000000
1542470400,1542473999,0.01874000,0.01875000,0.01862000,0.01868000,1758.60000000
1542474000,1542477599,0.01871000,0.01898000,0.01871000,0.01898000,2199.00000000
1542477600,1542481199,0.01897000,0.01898000,0.01892000,0.01892000,461.90000000
1542481200,1542484799,0.01885000,0.01885000,0.01885000,0.01885000,119.00000000
1542484800,1542488399,0.01889000,0.01889000,0.01887000,0.01887000,1140.00000000
1542488400,1542491999,0.01875000,0.01875000,0.01875000,0.01875000,316.00000000
1542492000,1542495599,0.01875000,0.01875000,0.01875000,0.01875000,0.00000000
1542495600,1542499199,0.01875000,0.01875000,0.01875000,0.01875000,0.00000000
1542499200,1542502799,0.01886000,0.01886000,0.01883000,0.01883000,546.10000000
1542502800,1542506399,0.01884000,0.01892000,0.01875000,0.01892000,1259.70000000
1542506400,1542509999,0.01897000,0.01897000,0.01897000,0.01897000,1408.00000000
1542510000,1542513599,0.01917000,0.01917000,0.01917000,0.01917000,536.50000000
1542513600,1542517199,0.01924000,0.01925000,0.01924000,0.01925000,1500.00000000
1542517200,1542520799,0.01911000,0.01911000,0.01908000,0.01908000,475.00000000
1542520800,1542524399,0.01908000,0.01908000,0.01908000,0.01908000,0.00000000
1542524400,1542527999,0.01893000,0.01893000,0.01886000,0.01886000,1359.90000000
1542528000,1542531599,0.01874000,0.01878000,0.01874000,0.01878000,5133.80000000
1542531600,1542535199,0.01878000,0.01878000,0.01878000,0.01878000,0.00000000
1542535200,1542538799,0.01878000,0.01878000,0.01878000,0.01878000,0.00000000
1542538800,1542542399,0.01891000,0.01891000,0.01891000,0.01891000,565.00000000
1542542400,1542545999,0.01876000,0.01876000,0.01876000,0.01876000,763.60000000
1542546000,1542549599,0.01866000,0.01866000,0.01859000,0.01859000,266.80000000
1542549600,1542553199,0.01851000,0.01851000,0.01849000,0.01849000,1110.40000000
1542553200,1542556799,0.01849000,0.01849000,0.01849000,0.01849000,0.00000000
1542556800,1542560399,0.01841000,0.01841000,0.01840000,0.01840000,438.00000000
1542560400,1542563999,0.01847000,0.01847000,0.01847000,0.01847000,704.40000000
1542564000,1542567599,0.01872000,0.01874000,0.01872000,0.01874000,5240.30000000
1542567600,1542571199,0.01874000,0.01874000,0.01874000,0.01874000,740.00000000
1542571200,1542574799,0.01877000,0.01883000,0.01877000,0.01883000,3852.40000000
1542574800,1542578399,0.01883000,0.01883000,0.01883000,0.01883000,0.00000000
1542578400,1542581999,0.01892000,0.01927000,0.01892000,0.01924000,8619.90000000
1542582000,1542585599,0.01895000,0.01895000,0.01895000,0.01895000,465.50000000
1542585600,1542589199,0.01906000,0.01907000,0.01906000,0.01907000,262.10000000
1542589200,1542592799,0.01892000,0.01892000,0.01892000,0.01892000,305.90000000
1542592800,1542596399,0.01889000,0.01889000,0.01880000,0.01880000,7771.10000000
1542596400,1542599999,0.01872000,0.01872000,0.01851000,0.01863000,5100.70000000
1542600000,1542603599,0.01870000,0.01874000,0.01870000,0.01872000,1193.50000000
1542603600,1542607199,0.01869000,0.01869000,0.01803000,0.01804000,7577.50000000
1542607200,1542610799,0.01827000,0.01831000,0.01816000,0.01816000,1380.00000000
1542610800,1542614399,0.01816000,0.01816000,0.01816000,0.01816000,0.00000000
1542614400,1542617999,0.01810000,0.01810000,0.01773000,0.01773000,482.70000000
1542618000,1542621599,0.01762000,0.01762000,0.01734000,0.01735000,1567.40000000
1542621600,1542625199,0.01728000,0.01765000,0.01728000,0.01765000,1186.20000000
1542625200,1542628799,0.01768000,0.01768000,0.01768000,0.01768000,56.60000000
1542628800,1542632399,0.01761000,0.01761000,0.01734000,0.01734000,3504.20000000
1542632400,1542635999,0.01743000,0.01743000,0.01721000,0.01724000,5389.60000000
1542636000,1542639599,0.01728000,0.01737000,0.01694000,0.01728000,12474.90000000
1542639600,1542643199,0.01745000,0.01760000,0.01745000,0.01760000,149.10000000
1542643200,1542646799,0.01762000,0.01762000,0.01762000,0.01762000,56.80000000
1542646800,1542650399,0.01710000,0.01712000,0.01696000,0.01712000,1124.50000000
1542650400,1542653999,0.01690000,0.01690000,0.01690000,0.01690000,519.30000000
1542654000,1542657599,0.01690000,0.01690000,0.01664000,0.01680000,305.90000000
1542657600,1542661199,0.01676000,0.01697000,0.01676000,0.01697000,119.00000000
1542661200,1542664799,0.01682000,0.01682000,0.01682000,0.01682000,237.40000000
1542664800,1542668399,0.01713000,0.01728000,0.01713000,0.01728000,173.50000000
1542668400,1542671999,0.01691000,0.01691000,0.01691000,0.01691000,725.00000000
1542672000,1542675599,0.01695000,0.01727000,0.01694000,0.01727000,2765.20000000
1542675600,1542679199,0.01713000,0.01730000,0.01696000,0.01730000,7869.90000000
1542679200,1542682799,0.01741000,0.01742000,0.01711000,0.01711000,3349.90000000
1542682800,1542686399,0.01707000,0.01707000,0.01672000,0.01672000,1758.10000000
1542686400,1542689999,0.01666000,0.01667000,0.01638000,0.01638000,2461.60000000
1542690000,1542693599,0.01637000,0.01642000,0.01581000,0.01613000,18193.10000000
1542693600,1542697199,0.01610000,0.01610000,0.01541000,0.01569000,13036.40000000
1542697200,1542700799,0.01571000,0.01587000,0.01563000,0.01574000,7932.50000000
1542700800,1542704399,0.01573000,0.01578000,0.01514000,0.01525000,3184.40000000
1542704400,1542707999,0.01559000,0.01578000,0.01559000,0.01560000,1289.20000000
1542708000,1542711599,0.01578000,0.01604000,0.01578000,0.01604000,1424.70000000
1542711600,1542715199,0.01589000,0.01599000,0.01589000,0.01589000,917.20000000
1542715200,1542718799,0.01619000,0.01650000,0.01604000,0.01609000,71225.30000000
1542718800,1542722399,0.01609000,0.01609000,0.01609000,0.01609000,0.00000000
1542722400,1542725999,0.01609000,0.01609000,0.01609000,0.01609000,0.00000000
1542726000,1542729599,0.01638000,0.01665000,0.01637000,0.01643000,1762.20000000
1542729600,1542733199,0.01680000,0.01703000,0.01680000,0.01693000,5490.20000000
1542733200,1542736799,0.01690000,0.01710000,0.01690000,0.01710000,913.00000000
1542736800,1542740399,0.01732000,0.01732000,0.01685000,0.01685000,1701.00000000
1542740400,1542743999,0.01668000,0.01668000,0.01668000,0.01668000,479.60000000
1542744000,1542747599,0.01678000,0.01678000,0.01678000,0.01678000,78.90000000
1542747600,1542751199,0.01678000,0.01678000,0.01678000,0.01678000,0.00000000
1542751200,1542754799,0.01701000,0.01776000,0.01701000,0.01776000,663.60000000
1542754800,1542758399,0.01732000,0.01732000,0.01731000,0.01732000,2299.00000000
1542758400,1542761999,0.01715000,0.01732000,0.01715000,0.01732000,1647.70000000
1542762000,1542765599,0.01715000,0.01715000,0.01715000,0.01715000,655.70000000
1542765600,1542769199,0.01730000,0.01730000,0.01730000,0.01730000,300.00000000
1542769200,1542772799,0.01730000,0.01730000,0.01730000,0.01730000,0.00000000
1542772800,1542776399,0.01678000,0.01678000,0.01677000,0.01677000,137.00000000
1542776400,1542779999,0.01677000,0.01677000,0.01677000,0.01677000,0.00000000
1542780000,1542783599,0.01685000,0.01686000,0.01685000,0.01686000,3310.00000000
1542783600,1542787199,0.01686000,0.01686000,0.01686000,0.01686000,1192.80000000
1542787200,1542790799,0.01730000,0.01820000,0.01709000,0.01709000,9662.40000000
1542790800,1542794399,0.01736000,0.01751000,0.01736000,0.01751000,1810.40000000
1542794400,1542797999,0.01767000,0.01776000,0.01767000,0.01776000,838.80000000
1542798000,1542801599,0.01776000,0.01796000,0.01776000,0.01796000,892.90000000
1542801600,1542805199,0.01820000,0.01823000,0.01802000,0.01814000,3954.60000000
1542805200,1542808799,0.01814000,0.01814000,0.01814000,0.01814000,0.00000000
1542808800,1542812399,0.01767000,0.01767000,0.01764000,0.01764000,125.80000000
1542812400,1542815999,0.01764000,0.01764000,0.01762000,0.01764000,343.30000000
1542816000,1542819599,0.01760000,0.01760000,0.01754000,0.01754000,917.50000000
1542819600,1542823199,0.01736000,0.01736000,0.01733000,0.01733000,849.50000000
1542823200,1542826799,0.01730000,0.01731000,0.01730000,0.01731000,1050.00000000
1542826800,1542830399,0.01733000,0.01733000,0.01733000,0.01733000,70.00000000
1542830400,1542833999,0.01733000,0.01733000,0.01733000,0.01733000,0.00000000
1542834000,1542837599,0.01716000,0.01716000,0.01704000,0.01704000,888.00000000
1542837600,1542841199,0.01729000,0.01729000,0.01694000,0.01694000,244.00000000
1542841200,1542844799,0.01694000,0.01694000,0.01694000,0.01694000,0.00000000
1542844800,1542848399,0.01694000,0.01694000,0.01694000,0.01694000,0.00000000
1542848400,1542851999,0.01694000,0.01694000,0.01694000,0.01694000,118.00000000
1542852000,1542855599,0.01694000,0.01694000,0.01694000,0.01694000,0.00000000
1542855600,1542859199,0.01672000,0.01672000,0.01656000,0.01656000,3832.90000000
1542859200,1542862799,0.01656000,0.01656000,0.01656000,0.01656000,2500.30000000
1542862800,1542866399,0.01656000,0.01656000,0.01656000,0.01656000,0.00000000
1542866400,1542869999,0.01687000,0.01688000,0.01687000,0.01688000,749.10000000
1542870000,1542873599,0.01688000,0.01688000,0.01688000,0.01688000,0.50000000
1542873600,1542877199,0.01688000,0.01688000,0.01688000,0.01688000,0.00000000
1542877200,1542880799,0.01688000,0.01688000,0.01688000,0.01688000,0.00000000
1542880800,1542884399,0.01688000,0.01688000,0.01688000,0.01688000,0.00000000
1542884400,1542887999,0.01688000,0.01688000,0.01688000,0.01688000,0.00000000
1542888000,1542891599,0.01688000,0.01688000,0.01688000,0.01688000,0.00000000
1542891600,1542895199,0.01688000,0.01688000,0.01688000,0.01688000,0.00000000
1542895200,1542898799,0.01733000,0.01836000,0.01733000,0.01806000,7017.80000000
1542898800,1542902399,0.01749000,0.01771000,0.01743000,0.01758000,2107.70000000
1542902400,1542905999,0.01695000,0.01695000,0.01695000,0.01695000,419.20000000
1542906000,1542909599,0.01701000,0.01701000,0.01701000,0.01701000,4180.50000000
1542909600,1542913199,0.01717000,0.01726000,0.01698000,0.01698000,2491.00000000
1542913200,1542916799,0.01698000,0.01698000,0.01698000,0.01698000,0.00000000
1542916800,1542920399,0.01698000,0.01698000,0.01698000,0.01698000,0.00000000
1542920400,1542923999,0.01696000,0.01696000,0.01696000,0.01696000,185.80000000
1542924000,1542927599,0.01696000,0.01696000,0.01696000,0.01696000,0.00000000
1542927600,1542931199,0.01663000,0.01702000,0.01663000,0.01702000,698.60000000
1542931200,1542934799,0.01649000,0.01649000,0.01616000,0.01616000,1795.70000000
1542934800,1542938399,0.01616000,0.01616000,0.01616000,0.01616000,0.00000000
1542938400,1542941999,0.01663000,0.01663000,0.01663000,0.01663000,68.10000000
1542942000,1542945599,0.01647000,0.01647000,0.01640000,0.01640000,786.90000000
1542945600,1542949199,0.01645000,0.01645000,0.01645000,0.01645000,62.70000000
1542949200,1542952799,0.01643000,0.01644000,0.01643000,0.01644000,407.00000000
1542952800,1542956399,0.01644000,0.01644000,0.01644000,0.01644000,65.00000000
1542956400,1542959999,0.01644000,0.01644000,0.01644000,0.01644000,0.00000000
1542960000,1542963599,0.01644000,0.01644000,0.01644000,0.01644000,0.00000000
1542963600,1542967199,0.01644000,0.01644000,0.01644000,0.01644000,0.00000000
1542967200,1542970799,0.01666000,0.01685000,0.01666000,0.01685000,5202.40000000
1542970800,1542974399,0.01685000,0.01685000,0.01685000,0.01685000,0.00000000
1542974400,1542977999,0.01685000,0.01685000,0.01685000,0.01685000,0.00000000
1542978000,1542981599,0.01685000,0.01685000,0.01685000,0.01685000,0.00000000
1542981600,1542985199,0.01685000,0.01685000,0.01685000,0.01685000,0.00000000
1542985200,1542988799,0.01700000,0.01700000,0.01700000,0.01700000,382.20000000
1542988800,1542992399,0.01700000,0.01700000,0.01700000,0.01700000,0.00000000
1542992400,1542995999,0.01700000,0.02039000,0.01698000,0.01996000,67022.60000000
1542996000,1542999599,0.02047000,0.02081000,0.01948000,0.02004000,8674.40000000
1542999600,1543003199,0.02044000,0.02124000,0.01815000,0.01843000,33520.30000000
1543003200,1543006799,0.01839000,0.01839000,0.01780000,0.01780000,6013.00000000
1543006800,1543010399,0.01751000,0.01788000,0.01725000,0.01741000,15719.40000000
1543010400,1543013999,0.01752000,0.01791000,0.01752000,0.01757000,2099.90000000
1543014000,1543017599,0.01737000,0.01777000,0.01737000,0.01768000,3718.00000000
1543017600,1543021199,0.01746000,0.01762000,0.01714000,0.01738000,7458.00000000
1543021200,1543024799,0.01744000,0.01744000,0.01743000,0.01743000,396.00000000
1543024800,1543028399,0.01745000,0.01764000,0.01745000,0.01764000,839.00000000
1543028400,1543031999,0.01773000,0.01773000,0.01773000,0.01773000,227.00000000
1543032000,1543035599,0.01754000,0.01769000,0.01748000,0.01769000,5394.50000000
1543035600,1543039199,0.01789000,0.01823000,0.01789000,0.01821000,2414.20000000
1543039200,1543042799,0.01822000,0.01872000,0.01822000,0.01872000,3452.50000000
1543042800,1543046399,0.01907000,0.01907000,0.01861000,0.01900000,12118.60000000
1543046400,1543049999,0.01882000,0.01882000,0.01863000,0.01868000,161.00000000
1543050000,1543053599,0.01851000,0.01872000,0.01825000,0.01825000,8876.30000000
1543053600,1543057199,0.01825000,0.01838000,0.01810000,0.01838000,1411.80000000
1543057200,1543060799,0.01834000,0.01857000,0.01834000,0.01849000,604.50000000
1543060800,1543064399,0.01835000,0.01860000,0.01835000,0.01860000,341.20000000
1543064400,1543067999,0.01880000,0.01991000,0.01880000,0.01958000,11586.80000000
1543068000,1543071599,0.01933000,0.01933000,0.01910000,0.01910000,433.80000000
1543071600,1543075199,0.01910000,0.01910000,0.01910000,0.01910000,0.00000000
1543075200,1543078799,0.01908000,0.01908000,0.01907000,0.01907000,293.70000000
1543078800,1543082399,0.01909000,0.01909000,0.01909000,0.01909000,104.80000000
1543082400,1543085999,0.01909000,0.01909000,0.01872000,0.01874000,454.70000000
1543086000,1543089599,0.01875000,0.01875000,0.01874000,0.01874000,1148.10000000
1543089600,1543093199,0.01874000,0.01874000,0.01874000,0.01874000,0.00000000
1543093200,1543096799,0.01874000,0.01874000,0.01781000,0.01781000,8331.40000000
1543096800,1543100399,0.01781000,0.01800000,0.01718000,0.01718000,3095.90000000
1543100400,1543103999,0.01716000,0.01716000,0.01674000,0.01674000,12227.40000000
1543104000,1543107599,0.01685000,0.01686000,0.01658000,0.01685000,1794.40000000
1543107600,1543111199,0.01711000,0.01711000,0.01711000,0.01711000,809.00000000
1543111200,1543114799,0.01765000,0.01765000,0.01734000,0.01734000,498.70000000
1543114800,1543118399,0.01734000,0.01734000,0.01734000,0.01734000,0.00000000
1543118400,1543121999,0.01701000,0.01701000,0.01701000,0.01701000,999.30000000
1543122000,1543125599,0.01701000,0.01701000,0.01701000,0.01701000,0.00000000
1543125600,1543129199,0.01701000,0.01701000,0.01701000,0.01701000,0.00000000
1543129200,1543132799,0.01675000,0.01675000,0.01675000,0.01675000,251.60000000
1543132800,1543136399,0.01704000,0.01704000,0.01702000,0.01702000,370.10000000
1543136400,1543139999,0.01702000,0.01702000,0.01702000,0.01702000,0.00000000
1543140000,1543143599,0.01659000,0.01659000,0.01659000,0.01659000,540.70000000
1543143600,1543147199,0.01661000,0.01674000,0.01656000,0.01656000,262.90000000
1543147200,1543150799,0.01685000,0.01702000,0.01685000,0.01702000,1791.60000000
1543150800,1543154399,0.01702000,0.01702000,0.01702000,0.01702000,0.00000000
1543154400,1543157999,0.01703000,0.01703000,0.01703000,0.01703000,1575.30000000
1543158000,1543161599,0.01702000,0.01705000,0.01682000,0.01682000,1261.00000000
1543161600,1543165199,0.01704000,0.01704000,0.01704000,0.01704000,409.40000000
1543165200,1543168799,0.01704000,0.01704000,0.01704000,0.01704000,148.70000000
1543168800,1543172399,0.01712000,0.01712000,0.01712000,0.01712000,62.80000000
1543172400,1543175999,0.01713000,0.01715000,0.01713000,0.01715000,177.50000000
1543176000,1543179599,0.01708000,0.01708000,0.01708000,0.01708000,592.40000000
1543179600,1543183199,0.01696000,0.01696000,0.01696000,0.01696000,460.90000000
1543183200,1543186799,0.01685000,0.01707000,0.01685000,0.01707000,498.00000000
1543186800,1543190399,0.01713000,0.01714000,0.01713000,0.01714000,1423.60000000
1543190400,1543193999,0.01714000,0.01714000,0.01714000,0.01714000,0.00000000
1543194000,1543197599,0.01714000,0.01714000,0.01714000,0.01714000,0.00000000
1543197600,1543201199,0.01714000,0.01714000,0.01714000,0.01714000,0.00000000
1543201200,1543204799,0.01714000,0.01714000,0.01714000,0.01714000,0.00000000
1543204800,1543208399,0.01711000,0.01752000,0.01711000,0.01738000,4048.90000000
1543208400,1543211999,0.01755000,0.01797000,0.01755000,0.01797000,1701.40000000
1543212000,1543215599,0.01803000,0.01899000,0.01777000,0.01860000,2549.80000000
1543215600,1543219199,0.01860000,0.01860000,0.01860000,0.01860000,0.00000000
1543219200,1543222799,0.01802000,0.01802000,0.01802000,0.01802000,409.00000000
1543222800,1543226399,0.01784000,0.01784000,0.01728000,0.01731000,12588.80000000
1543226400,1543229999,0.01734000,0.01735000,0.01703000,0.01703000,3369.20000000
1543230000,1543233599,0.01695000,0.01695000,0.01695000,0.01695000,1410.00000000
1543233600,1543237199,0.01714000,0.01714000,0.01714000,0.01714000,387.00000000
1543237200,1543240799,0.01714000,0.01714000,0.01714000,0.01714000,0.00000000
1543240800,1543244399,0.01714000,0.01714000,0.01714000,0.01714000,0.00000000
1543244400,1543247999,0.01714000,0.01714000,0.01696000,0.01696000,234.00000000
1543248000,1543251599,0.01715000,0.01715000,0.01715000,0.01715000,3569.30000000
1543251600,1543255199,0.01693000,0.01756000,0.01693000,0.01756000,5304.40000000
1543255200,1543258799,0.01767000,0.01767000,0.01738000,0.01740000,7852.90000000
1543258800,1543262399,0.01740000,0.01740000,0.01740000,0.01740000,0.00000000
1543262400,1543265999,0.01735000,0.01735000,0.01735000,0.01735000,391.00000000
1543266000,1543269599,0.01735000,0.01735000,0.01735000,0.01735000,0.00000000
1543269600,1543273199,0.01735000,0.01735000,0.01735000,0.01735000,0.00000000
1543273200,1543276799,0.01735000,0.01735000,0.01735000,0.01735000,0.00000000
1543276800,1543280399,0.01735000,0.01735000,0.01735000,0.01735000,0.00000000
1543280400,1543283999,0.01714000,0.01714000,0.01714000,0.01714000,117.00000000
1543284000,1543287599,0.01689000,0.01692000,0.01666000,0.01692000,1610.20000000
1543287600,1543291199,0.01692000,0.01692000,0.01692000,0.01692000,0.00000000
1543291200,1543294799,0.01705000,0.01705000,0.01705000,0.01705000,60.00000000
1543294800,1543298399,0.01705000,0.01705000,0.01705000,0.01705000,0.00000000
1543298400,1543301999,0.01688000,0.01688000,0.01688000,0.01688000,3791.90000000
1543302000,1543305599,0.01685000,0.01685000,0.01685000,0.01685000,223.70000000
1543305600,1543309199,0.01689000,0.01715000,0.01689000,0.01689000,3748.30000000
1543309200,1543312799,0.01693000,0.01695000,0.01689000,0.01689000,17979.00000000
1543312800,1543316399,0.01690000,0.01796000,0.01661000,0.01711000,18232.80000000
1543316400,1543319999,0.01732000,0.01732000,0.01725000,0.01726000,703.40000000
1543320000,1543323599,0.01740000,0.01740000,0.01740000,0.01740000,164.00000000
1543323600,1543327199,0.01740000,0.01740000,0.01740000,0.01740000,0.00000000
1543327200,1543330799,0.01753000,0.01759000,0.01753000,0.01759000,460.00000000
1543330800,1543334399,0.01767000,0.01866000,0.01767000,0.01774000,10685.80000000
1543334400,1543337999,0.01759000,0.01759000,0.01759000,0.01759000,2010.60000000
1543338000,1543341599,0.01759000,0.01759000,0.01759000,0.01759000,110.00000000
1543341600,1543345199,0.01759000,0.01759000,0.01759000,0.01759000,0.00000000
1543345200,1543348799,0.01759000,0.01759000,0.01759000,0.01759000,0.00000000
1543348800,1543352399,0.01759000,0.01759000,0.01759000,0.01759000,0.00000000
1543352400,1543355999,0.01798000,0.01798000,0.01798000,0.01798000,56.20000000
1543356000,1543359599,0.01756000,0.01756000,0.01749000,0.01749000,532.00000000
1543359600,1543363199,0.01789000,0.02025000,0.01789000,0.01995000,9390.90000000
1543363200,1543366799,0.01984000,0.02258000,0.01918000,0.02144000,23262.40000000
1543366800,1543370399,0.02029000,0.02044000,0.01982000,0.02033000,4231.20000000
1543370400,1543373999,0.02041000,0.02041000,0.02041000,0.02041000,1067.00000000
1543374000,1543377599,0.02054000,0.02054000,0.02002000,0.02002000,169.90000000
1543377600,1543381199,0.02004000,0.02004000,0.01937000,0.01937000,1891.40000000
1543381200,1543384799,0.01955000,0.01955000,0.01955000,0.01955000,926.00000000
1543384800,1543388399,0.01956000,0.01956000,0.01956000,0.01956000,495.00000000
1543388400,1543391999,0.01920000,0.01920000,0.01920000,0.01920000,472.00000000
1543392000,1543395599,0.01934000,0.01937000,0.01913000,0.01937000,2368.80000000
1543395600,1543399199,0.01899000,0.01899000,0.01899000,0.01899000,105.00000000
1543399200,1543402799,0.01924000,0.01924000,0.01899000,0.01900000,783.20000000
1543402800,1543406399,0.01949000,0.01950000,0.01949000,0.01950000,1033.40000000
1543406400,1543409999,0.01950000,0.01975000,0.01950000,0.01975000,786.00000000
1543410000,1543413599,0.02020000,0.02020000,0.01986000,0.01998000,1145.90000000
1543413600,1543417199,0.02006000,0.02006000,0.02006000,0.02006000,49.80000000
1543417200,1543420799,0.01987000,0.02000000,0.01987000,0.02000000,738.80000000
1543420800,1543424399,0.01970000,0.01970000,0.01970000,0.01970000,409.00000000
1543424400,1543427999,0.01998000,0.01998000,0.01998000,0.01998000,269.00000000
1543428000,1543431599,0.02046000,0.02100000,0.02009000,0.02100000,11640.90000000
1543431600,1543435199,0.02050000,0.02117000,0.02046000,0.02046000,1441.70000000
1543435200,1543438799,0.02085000,0.02085000,0.02039000,0.02080000,2993.80000000
1543438800,1543442399,0.02055000,0.02055000,0.02034000,0.02034000,982.70000000
1543442400,1543445999,0.02034000,0.02034000,0.02034000,0.02034000,0.00000000
1543446000,1543449599,0.02018000,0.02018000,0.02018000,0.02018000,719.80000000
1543449600,1543453199,0.02045000,0.02045000,0.02045000,0.02045000,98.00000000
1543453200,1543456799,0.01954000,0.01960000,0.01952000,0.01958000,1075.20000000
1543456800,1543460399,0.01958000,0.01958000,0.01958000,0.01958000,673.90000000
1543460400,1543463999,0.01970000,0.01970000,0.01970000,0.01970000,181.00000000
1543464000,1543467599,0.01959000,0.01959000,0.01928000,0.01928000,1425.70000000
1543467600,1543471199,0.01928000,0.01928000,0.01928000,0.01928000,0.00000000
1543471200,1543474799,0.01928000,0.01928000,0.01928000,0.01928000,0.00000000
1543474800,1543478399,0.01949000,0.01950000,0.01949000,0.01950000,2051.50000000
1543478400,1543481999,0.01943000,0.01987000,0.01942000,0.01987000,435.80000000
1543482000,1543485599,0.01987000,0.01987000,0.01987000,0.01987000,0.00000000
1543485600,1543489199,0.02010000,0.02010000,0.02010000,0.02010000,49.80000000
1543489200,1543492799,0.01987000,0.01987000,0.01966000,0.01966000,472.90000000
1543492800,1543496399,0.01988000,0.01990000,0.01988000,0.01990000,4937.20000000
1543496400,1543499999,0.01974000,0.01974000,0.01973000,0.01973000,3832.20000000
1543500000,1543503599,0.01980000,0.01980000,0.01980000,0.01980000,323.10000000
1543503600,1543507199,0.01980000,0.01980000,0.01980000,0.01980000,0.00000000
1543507200,1543510799,0.01999000,0.01999000,0.01999000,0.01999000,436.00000000
1543510800,1543514399,0.02005000,0.02005000,0.02005000,0.02005000,500.20000000
1543514400,1543517999,0.02051000,0.02052000,0.02010000,0.02010000,1369.20000000
1543518000,1543521599,0.01999000,0.02022000,0.01999000,0.02022000,671.60000000
1543521600,1543525199,0.02013000,0.02013000,0.01995000,0.01995000,157.40000000
1543525200,1543528799,0.01995000,0.01995000,0.01995000,0.01995000,0.00000000
1543528800,1543532399,0.01995000,0.01995000,0.01995000,0.01995000,162.80000000
1543532400,1543535999,0.01987000,0.01987000,0.01987000,0.01987000,204.00000000
1543536000,1543539599,0.01964000,0.01964000,0.01964000,0.01964000,92.50000000
1543539600,1543543199,0.01964000,0.01964000,0.01964000,0.01964000,0.00000000
1543543200,1543546799,0.01964000,0.01964000,0.01964000,0.01964000,0.00000000
1543546800,1543550399,0.01930000,0.01935000,0.01907000,0.01932000,4902.70000000
1543550400,1543553999,0.01932000,0.01932000,0.01932000,0.01932000,0.00000000
1543554000,1543557599,0.01932000,0.01932000,0.01932000,0.01932000,0.00000000
1543557600,1543561199,0.01899000,0.01928000,0.01899000,0.01928000,324.90000000
1543561200,1543564799,0.01928000,0.01928000,0.01928000,0.01928000,0.00000000
1543564800,1543568399,0.01910000,0.01910000,0.01910000,0.01910000,438.80000000
1543568400,1543571999,0.01881000,0.01881000,0.01881000,0.01881000,413.00000000
1543572000,1543575599,0.01881000,0.01881000,0.01881000,0.01881000,0.00000000
1543575600,1543579199,0.01886000,0.01886000,0.01806000,0.01806000,795.10000000
1543579200,1543582799,0.01813000,0.01813000,0.01813000,0.01813000,90.00000000
1543582800,1543586399,0.01865000,0.01865000,0.01865000,0.01865000,65.70000000
1543586400,1543589999,0.01848000,0.01848000,0.01848000,0.01848000,325.00000000
1543590000,1543593599,0.01848000,0.01848000,0.01848000,0.01848000,0.00000000
1543593600,1543597199,0.01848000,0.01848000,0.01848000,0.01848000,0.00000000
1543597200,1543600799,0.01848000,0.01848000,0.01848000,0.01848000,0.00000000
1543600800,1543604399,0.01848000,0.01848000,0.01848000,0.01848000,0.00000000
1543604400,1543607999,0.01848000,0.01848000,0.01848000,0.01848000,0.00000000
1543608000,1543611599,0.01848000,0.01848000,0.01848000,0.01848000,0.00000000
1543611600,1543615199,0.01848000,0.01848000,0.01848000,0.01848000,0.00000000
1543615200,1543618799,0.01881000,0.01881000,0.01881000,0.01881000,337.00000000
1543618800,1543622399,0.01863000,0.01863000,0.01863000,0.01863000,622.70000000
1543622400,1543625999,0.01881000,0.02126000,0.01881000,0.01967000,45478.90000000
1543626000,1543629599,0.02125000,0.02320000,0.02106000,0.02217000,38328.80000000
1543629600,1543633199,0.02185000,0.02216000,0.02096000,0.02178000,11291.30000000
1543633200,1543636799,0.02134000,0.02790000,0.02133000,0.02656000,97634.30000000
1543636800,1543640399,0.02709000,0.03090000,0.02612000,0.02970000,103392.80000000
1543640400,1543643999,0.02961000,0.02997000,0.02707000,0.02778000,34396.90000000
1543644000,1543647599,0.02810000,0.02904000,0.02728000,0.02830000,32697.50000000
1543647600,1543651199,0.02855000,0.03186000,0.02760000,0.02946000,101653.30000000
1543651200,1543654799,0.02976000,0.03013000,0.02751000,0.02805000,64777.50000000
1543654800,1543658399,0.02777000,0.02855000,0.02722000,0.02854000,22980.50000000
1543658400,1543661999,0.02854000,0.02976000,0.02771000,0.02771000,24177.40000000
1543662000,1543665599,0.02766000,0.02896000,0.02726000,0.02767000,23948.40000000
1543665600,1543669199,0.02764000,0.02864000,0.02763000,0.02864000,5827.20000000
1543669200,1543672799,0.02856000,0.02876000,0.02756000,0.02803000,24144.40000000
1543672800,1543676399,0.02807000,0.02844000,0.02709000,0.02709000,13722.80000000
1543676400,1543679999,0.02726000,0.02737000,0.02649000,0.02690000,24813.40000000
1543680000,1543683599,0.02680000,0.02684000,0.02629000,0.02671000,10558.40000000
1543683600,1543687199,0.02630000,0.02675000,0.02610000,0.02675000,2064.80000000
1543687200,1543690799,0.02662000,0.02662000,0.02636000,0.02649000,465.40000000
1543690800,1543694399,0.02657000,0.02713000,0.02645000,0.02692000,5322.80000000
1543694400,1543697999,0.02716000,0.02765000,0.02656000,0.02679000,4239.80000000
1543698000,1543701599,0.02681000,0.02980000,0.02681000,0.02875000,28402.40000000
1543701600,1543705199,0.02817000,0.02839000,0.02740000,0.02765000,4699.90000000
1543705200,1543708799,0.02782000,0.02824000,0.02699000,0.02699000,10085.60000000
1543708800,1543712399,0.02693000,0.02707000,0.02432000,0.02455000,51891.70000000
1543712400,1543715999,0.02450000,0.02501000,0.02439000,0.02455000,17091.90000000
1543716000,1543719599,0.02461000,0.02465000,0.02420000,0.02443000,7729.00000000
1543719600,1543723199,0.02428000,0.02455000,0.02356000,0.02375000,19701.20000000
1543723200,1543726799,0.02422000,0.02444000,0.02362000,0.02371000,14554.10000000
1543726800,1543730399,0.02367000,0.02449000,0.02347000,0.02449000,5749.70000000
1543730400,1543733999,0.02449000,0.02451000,0.02308000,0.02308000,17598.00000000
1543734000,1543737599,0.02336000,0.02342000,0.02271000,0.02332000,14879.10000000
1543737600,1543741199,0.02314000,0.02325000,0.02279000,0.02315000,2573.10000000
1543741200,1543744799,0.02326000,0.02365000,0.02300000,0.02300000,2262.50000000
1543744800,1543748399,0.02293000,0.02293000,0.02258000,0.02258000,1987.70000000
1543748400,1543751999,0.02266000,0.02311000,0.02266000,0.02284000,3647.70000000
1543752000,1543755599,0.02318000,0.02361000,0.02318000,0.02361000,144.00000000
1543755600,1543759199,0.02303000,0.02334000,0.02303000,0.02308000,2271.80000000
1543759200,1543762799,0.02332000,0.02333000,0.02328000,0.02333000,966.90000000
1543762800,1543766399,0.02303000,0.02310000,0.02283000,0.02283000,4660.90000000
1543766400,1543769999,0.02283000,0.02283000,0.02258000,0.02283000,430.10000000
1543770000,1543773599,0.02281000,0.02281000,0.02281000,0.02281000,472.60000000
1543773600,1543777199,0.02319000,0.02327000,0.02319000,0.02327000,657.10000000
1543777200,1543780799,0.02325000,0.02325000,0.02325000,0.02325000,3622.20000000
1543780800,1543784399,0.02322000,0.02322000,0.02317000,0.02317000,1291.10000000
1543784400,1543787999,0.02317000,0.02333000,0.02317000,0.02333000,22845.40000000
1543788000,1543791599,0.02334000,0.02344000,0.02296000,0.02343000,6340.20000000
1543791600,1543795199,0.02349000,0.02368000,0.02347000,0.02347000,11116.30000000
1543795200,1543798799,0.02340000,0.02341000,0.02285000,0.02298000,12500.00000000
1543798800,1543802399,0.02288000,0.02347000,0.02280000,0.02294000,4246.30000000
1543802400,1543805999,0.02260000,0.02270000,0.02090000,0.02148000,63583.80000000
1543806000,1543809599,0.02144000,0.02184000,0.02144000,0.02158000,5282.90000000
1543809600,1543813199,0.02134000,0.02166000,0.02129000,0.02129000,6203.30000000
1543813200,1543816799,0.02166000,0.02166000,0.02146000,0.02162000,476.50000000
1543816800,1543820399,0.02144000,0.02144000,0.02143000,0.02143000,749.00000000
1543820400,1543823999,0.02130000,0.02130000,0.02130000,0.02130000,380.00000000
1543824000,1543827599,0.02130000,0.02130000,0.02130000,0.02130000,0.00000000
1543827600,1543831199,0.02164000,0.02164000,0.02164000,0.02164000,492.10000000
1543831200,1543834799,0.02191000,0.02192000,0.02191000,0.02192000,292.70000000
1543834800,1543838399,0.02170000,0.02199000,0.02170000,0.02199000,1349.20000000
1543838400,1543841999,0.02199000,0.02199000,0.02199000,0.02199000,0.00000000
1543842000,1543845599,0.02171000,0.02174000,0.02171000,0.02173000,564.90000000
1543845600,1543849199,0.02197000,0.02197000,0.02197000,0.02197000,145.20000000
1543849200,1543852799,0.02157000,0.02195000,0.02105000,0.02195000,1251.20000000
1543852800,1543856399,0.02109000,0.02109000,0.02109000,0.02109000,645.20000000
1543856400,1543859999,0.02112000,0.02158000,0.02111000,0.02130000,1158.70000000
1543860000,1543863599,0.02130000,0.02130000,0.02130000,0.02130000,0.00000000
1543863600,1543867199,0.02130000,0.02130000,0.02100000,0.02100000,1360.70000000
1543867200,1543870799,0.02109000,0.02109000,0.02109000,0.02109000,79.00000000
1543870800,1543874399,0.02122000,0.02146000,0.02122000,0.02146000,5334.00000000
1543874400,1543877999,0.02144000,0.02149000,0.02144000,0.02149000,4654.90000000
1543878000,1543881599,0.02180000,0.02180000,0.02180000,0.02180000,80.00000000
1543881600,1543885199,0.02160000,0.02835000,0.02160000,0.02435000,216790.80000000
1543885200,1543888799,0.02434000,0.02457000,0.02360000,0.02389000,18366.20000000
1543888800,1543892399,0.02412000,0.02445000,0.02381000,0.02412000,14716.20000000
1543892400,1543895999,0.02443000,0.02471000,0.02276000,0.02345000,34190.60000000
1543896000,1543899599,0.02312000,0.02354000,0.02285000,0.02345000,8924.80000000
1543899600,1543903199,0.02321000,0.02343000,0.02274000,0.02274000,27044.40000000
1543903200,1543906799,0.02250000,0.02285000,0.02227000,0.02240000,15351.90000000
1543906800,1543910399,0.02238000,0.02243000,0.02226000,0.02226000,1828.00000000
1543910400,1543913999,0.02210000,0.02212000,0.02160000,0.02187000,2348.10000000
1543914000,1543917599,0.02181000,0.02210000,0.02178000,0.02210000,1428.40000000
1543917600,1543921199,0.02225000,0.02249000,0.02208000,0.02208000,6939.40000000
1543921200,1543924799,0.02253000,0.02352000,0.02253000,0.02281000,37147.30000000
1543924800,1543928399,0.02270000,0.02273000,0.02240000,0.02240000,3585.70000000
1543928400,1543931999,0.02228000,0.02235000,0.02228000,0.02235000,932.00000000
1543932000,1543935599,0.02227000,0.02284000,0.02192000,0.02192000,20919.40000000
1543935600,1543939199,0.02192000,0.02192000,0.02114000,0.02114000,10185.90000000
1543939200,1543942799,0.02114000,0.02114000,0.02099000,0.02099000,571.90000000
1543942800,1543946399,0.02036000,0.02075000,0.01920000,0.02016000,115127.30000000
1543946400,1543949999,0.02007000,0.02008000,0.01917000,0.01935000,51870.30000000
1543950000,1543953599,0.01925000,0.01962000,0.01854000,0.01893000,9432.70000000
1543953600,1543957199,0.01866000,0.01940000,0.01774000,0.01940000,5928.10000000
1543957200,1543960799,0.01959000,0.01987000,0.01943000,0.01977000,1422.70000000
1543960800,1543964399,0.01979000,0.02024000,0.01979000,0.02001000,2252.70000000
1543964400,1543967999,0.01994000,0.02022000,0.01994000,0.01997000,1179.50000000
1543968000,1543971599,0.01988000,0.01988000,0.01853000,0.01853000,2738.80000000
1543971600,1543975199,0.01852000,0.01927000,0.01851000,0.01927000,1998.50000000
1543975200,1543978799,0.01895000,0.01895000,0.01849000,0.01849000,1439.40000000
1543978800,1543982399,0.01832000,0.01866000,0.01812000,0.01866000,1742.80000000
1543982400,1543985999,0.01866000,0.01866000,0.01841000,0.01841000,728.00000000
1543986000,1543989599,0.01801000,0.01823000,0.01799000,0.01823000,1307.70000000
1543989600,1543993199,0.01785000,0.01864000,0.01785000,0.01832000,49616.70000000
1543993200,1543996799,0.01803000,0.01828000,0.01803000,0.01828000,48776.50000000
1543996800,1544000399,0.01824000,0.01824000,0.01824000,0.01824000,860.20000000
1544000400,1544003999,0.01800000,0.01804000,0.01718000,0.01731000,1957.30000000
1544004000,1544007599,0.01719000,0.01765000,0.01701000,0.01765000,5060.90000000
1544007600,1544011199,0.01787000,0.01787000,0.01687000,0.01727000,1581.80000000
1544011200,1544014799,0.01740000,0.01757000,0.01716000,0.01757000,37131.60000000
1544014800,1544018399,0.01757000,0.01757000,0.01757000,0.01757000,0.00000000
1544018400,1544021999,0.01828000,0.01828000,0.01797000,0.01808000,4129.10000000
1544022000,1544025599,0.01809000,0.01828000,0.01809000,0.01828000,51.40000000
1544025600,1544029199,0.01828000,0.01828000,0.01828000,0.01828000,91.20000000
1544029200,1544032799,0.01856000,0.01856000,0.01815000,0.01830000,1824.80000000
1544032800,1544036399,0.01829000,0.01829000,0.01829000,0.01829000,858.00000000
1544036400,1544039999,0.01829000,0.01829000,0.01808000,0.01808000,330.40000000
1544040000,1544043599,0.01802000,0.01802000,0.01770000,0.01770000,560.30000000
1544043600,1544047199,0.01770000,0.01790000,0.01770000,0.01790000,302.00000000
1544047200,1544050799,0.01770000,0.01770000,0.01743000,0.01770000,371.20000000
1544050800,1544054399,0.01794000,0.01810000,0.01794000,0.01810000,316.00000000
1544054400,1544057999,0.01840000,0.01976000,0.01804000,0.01804000,34274.40000000
1544058000,1544061599,0.01782000,0.01788000,0.01763000,0.01783000,25616.70000000
1544061600,1544065199,0.01783000,0.01783000,0.01694000,0.01704000,3501.20000000
1544065200,1544068799,0.01707000,0.01720000,0.01707000,0.01720000,764.70000000
1544068800,1544072399,0.01734000,0.01734000,0.01721000,0.01721000,338.20000000
1544072400,1544075999,0.01721000,0.01758000,0.01721000,0.01754000,5114.80000000
1544076000,1544079599,0.01741000,0.01741000,0.01734000,0.01734000,2948.20000000
1544079600,1544083199,0.01739000,0.01739000,0.01739000,0.01739000,438.00000000
1544083200,1544086799,0.01772000,0.01772000,0.01772000,0.01772000,187.00000000
1544086800,1544090399,0.01772000,0.01791000,0.01772000,0.01791000,1351.00000000
1544090400,1544093999,0.01791000,0.01791000,0.01791000,0.01791000,0.00000000
1544094000,1544097599,0.01791000,0.01791000,0.01791000,0.01791000,0.00000000
1544097600,1544101199,0.01817000,0.01841000,0.01817000,0.01818000,732.30000000
1544101200,1544104799,0.01843000,0.01867000,0.01843000,0.01867000,1386.40000000
1544104800,1544108399,0.01867000,0.01867000,0.01838000,0.01838000,1955.40000000
1544108400,1544111999,0.01840000,0.01870000,0.01826000,0.01870000,1151.80000000
1544112000,1544115599,0.01823000,0.01868000,0.01822000,0.01868000,1726.70000000
1544115600,1544119199,0.01863000,0.01890000,0.01860000,0.01890000,1896.90000000
1544119200,1544122799,0.01890000,0.01890000,0.01890000,0.01890000,4011.00000000
1544122800,1544126399,0.01890000,0.01890000,0.01890000,0.01890000,0.00000000
1544126400,1544129999,0.01890000,0.01890000,0.01881000,0.01881000,1700.80000000
1544130000,1544133599,0.01881000,0.01881000,0.01881000,0.01881000,0.00000000
1544133600,1544137199,0.01904000,0.01904000,0.01898000,0.01898000,3974.80000000
1544137200,1544140799,0.01904000,0.01904000,0.01894000,0.01894000,1514.60000000
1544140800,1544144399,0.01894000,0.01894000,0.01771000,0.01771000,4364.60000000
1544144400,1544147999,0.01771000,0.01788000,0.01730000,0.01730000,2339.50000000
1544148000,1544151599,0.01730000,0.01730000,0.01730000,0.01730000,0.00000000
1544151600,1544155199,0.01732000,0.01732000,0.01730000,0.01730000,1739.00000000
1544155200,1544158799,0.01737000,0.01756000,0.01708000,0.01756000,4982.40000000
1544158800,1544162399,0.01757000,0.01790000,0.01757000,0.01773000,2145.50000000
1544162400,1544165999,0.01812000,0.01812000,0.01812000,0.01812000,221.60000000
1544166000,1544169599,0.01812000,0.01812000,0.01812000,0.01812000,0.00000000
1544169600,1544173199,0.01839000,0.01842000,0.01839000,0.01842000,5538.70000000
1544173200,1544176799,0.01834000,0.01834000,0.01833000,0.01833000,1194.30000000
1544176800,1544180399,0.01805000,0.01805000,0.01805000,0.01805000,75.00000000
1544180400,1544183999,0.01805000,0.01805000,0.01805000,0.01805000,0.00000000
1544184000,1544187599,0.01805000,0.01805000,0.01805000,0.01805000,0.00000000
1544187600,1544191199,0.01805000,0.01805000,0.01805000,0.01805000,0.00000000
1544191200,1544194799,0.01846000,0.01847000,0.01825000,0.01825000,1267.50000000
1544194800,1544198399,0.01918000,0.01918000,0.01918000,0.01918000,167.00000000
1544198400,1544201999,0.01918000,0.01918000,0.01918000,0.01918000,0.00000000
1544202000,1544205599,0.01914000,0.01914000,0.01866000,0.01914000,2718.60000000
1544205600,1544209199,0.01914000,0.01934000,0.01914000,0.01934000,572.90000000
1544209200,1544212799,0.01913000,0.01929000,0.01909000,0.01909000,668.40000000
1544212800,1544216399,0.01916000,0.01916000,0.01916000,0.01916000,991.00000000
1544216400,1544219999,0.01916000,0.01916000,0.01916000,0.01916000,0.00000000
1544220000,1544223599,0.01911000,0.01919000,0.01911000,0.01919000,235.80000000
1544223600,1544227199,0.01960000,0.01960000,0.01956000,0.01956000,1365.30000000
1544227200,1544230799,0.01929000,0.01929000,0.01929000,0.01929000,168.90000000
1544230800,1544234399,0.01880000,0.01914000,0.01857000,0.01857000,2246.10000000
1544234400,1544237999,0.01857000,0.01857000,0.01857000,0.01857000,0.00000000
1544238000,1544241599,0.01857000,0.01857000,0.01857000,0.01857000,0.00000000
1544241600,1544245199,0.01854000,0.01854000,0.01816000,0.01846000,19828.60000000
1544245200,1544248799,0.01846000,0.01846000,0.01846000,0.01846000,0.00000000
1544248800,1544252399,0.01857000,0.01857000,0.01825000,0.01825000,18325.00000000
1544252400,1544255999,0.01880000,0.01880000,0.01880000,0.01880000,117.00000000
1544256000,1544259599,0.01832000,0.01832000,0.01831000,0.01831000,1343.50000000
1544259600,1544263199,0.01838000,0.01854000,0.01838000,0.01854000,3308.00000000
1544263200,1544266799,0.01881000,0.01881000,0.01881000,0.01881000,352.10000000
1544266800,1544270399,0.01881000,0.01881000,0.01881000,0.01881000,0.00000000
1544270400,1544273999,0.01881000,0.01881000,0.01881000,0.01881000,0.00000000
1544274000,1544277599,0.01881000,0.01881000,0.01881000,0.01881000,0.00000000
1544277600,1544281199,0.01877000,0.01877000,0.01841000,0.01864000,1824.50000000
1544281200,1544284799,0.01864000,0.01864000,0.01864000,0.01864000,0.00000000
1544284800,1544288399,0.01864000,0.01864000,0.01864000,0.01864000,0.00000000
1544288400,1544291999,0.01862000,0.01862000,0.01862000,0.01862000,662.00000000
1544292000,1544295599,0.01862000,0.01862000,0.01862000,0.01862000,101.00000000
1544295600,1544299199,0.01862000,0.01862000,0.01862000,0.01862000,0.00000000
1544299200,1544302799,0.01862000,0.01862000,0.01862000,0.01862000,0.00000000
1544302800,1544306399,0.01847000,0.01850000,0.01847000,0.01850000,3225.00000000
1544306400,1544309999,0.01850000,0.01850000,0.01850000,0.01850000,0.00000000
1544310000,1544313599,0.01831000,0.01852000,0.01831000,0.01852000,2793.50000000
1544313600,1544317199,0.01852000,0.01852000,0.01852000,0.01852000,0.00000000
1544317200,1544320799,0.01852000,0.01852000,0.01852000,0.01852000,0.00000000
1544320800,1544324399,0.01852000,0.01852000,0.01852000,0.01852000,0.00000000
1544324400,1544327999,0.01852000,0.01852000,0.01852000,0.01852000,0.00000000
1544328000,1544331599,0.01852000,0.01852000,0.01852000,0.01852000,0.00000000
1544331600,1544335199,0.01852000,0.01852000,0.01852000,0.01852000,0.00000000
1544335200,1544338799,0.01843000,0.01871000,0.01819000,0.01871000,964.60000000
1544338800,1544342399,0.01871000,0.01871000,0.01871000,0.01871000,0.00000000
1544342400,1544345999,0.01871000,0.01871000,0.01871000,0.01871000,0.00000000
1544346000,1544349599,0.01871000,0.01871000,0.01871000,0.01871000,0.00000000
1544349600,1544353199,0.01871000,0.01871000,0.01845000,0.01845000,523.60000000
1544353200,1544356799,0.01845000,0.01845000,0.01845000,0.01845000,0.00000000
1544356800,1544360399,0.01845000,0.01845000,0.01845000,0.01845000,0.00000000
1544360400,1544363999,0.01845000,0.01887000,0.01811000,0.01873000,1299.50000000
1544364000,1544367599,0.01873000,0.01873000,0.01873000,0.01873000,0.00000000
1544367600,1544371199,0.01873000,0.01873000,0.01873000,0.01873000,0.00000000
1544371200,1544374799,0.01813000,0.01813000,0.01813000,0.01813000,58.50000000
1544374800,1544378399,0.01837000,0.01882000,0.01837000,0.01882000,2466.00000000
1544378400,1544381999,0.01888000,0.01889000,0.01888000,0.01889000,2991.00000000
1544382000,1544385599,0.01898000,0.01911000,0.01898000,0.01911000,263.80000000
1544385600,1544389199,0.01915000,0.01916000,0.01904000,0.01904000,462.40000000
1544389200,1544392799,0.01904000,0.01904000,0.01904000,0.01904000,0.00000000
1544392800,1544396399,0.01904000,0.01904000,0.01904000,0.01904000,0.00000000
1544396400,1544399999,0.01904000,0.01904000,0.01904000,0.01904000,0.00000000
1544400000,1544403599,0.01969000,0.02353000,0.01935000,0.02126000,49197.80000000
1544403600,1544407199,0.02211000,0.02215000,0.02091000,0.02091000,4077.00000000
1544407200,1544410799,0.02117000,0.02144000,0.02117000,0.02144000,214.50000000
1544410800,1544414399,0.02131000,0.02131000,0.02074000,0.02074000,611.50000000
1544414400,1544417999,0.02074000,0.02175000,0.02074000,0.02134000,4073.70000000
1544418000,1544421599,0.02134000,0.02157000,0.02117000,0.02117000,959.40000000
1544421600,1544425199,0.02133000,0.02133000,0.02071000,0.02109000,1089.50000000
1544425200,1544428799,0.02130000,0.02131000,0.02130000,0.02131000,1650.40000000
1544428800,1544432399,0.02087000,0.02157000,0.02087000,0.02157000,2957.20000000
1544432400,1544435999,0.02138000,0.02175000,0.02138000,0.02175000,1398.70000000
1544436000,1544439599,0.02212000,0.02212000,0.02109000,0.02144000,610.80000000
1544439600,1544443199,0.02144000,0.02146000,0.02090000,0.02092000,3558.50000000
1544443200,1544446799,0.02092000,0.02153000,0.02092000,0.02092000,915.00000000
1544446800,1544450399,0.02092000,0.02098000,0.02089000,0.02089000,1734.00000000
1544450400,1544453999,0.02088000,0.02089000,0.02088000,0.02089000,2196.90000000
1544454000,1544457599,0.02089000,0.02096000,0.02047000,0.02090000,2052.00000000
1544457600,1544461199,0.02160000,0.02160000,0.02160000,0.02160000,48.70000000
1544461200,1544464799,0.02142000,0.02160000,0.02077000,0.02087000,7277.20000000
1544464800,1544468399,0.02106000,0.02106000,0.02106000,0.02106000,110.00000000
1544468400,1544471999,0.02102000,0.02116000,0.02102000,0.02104000,5742.50000000
1544472000,1544475599,0.02109000,0.02131000,0.02108000,0.02131000,5282.40000000
1544475600,1544479199,0.02087000,0.02090000,0.02074000,0.02090000,1447.90000000
1544479200,1544482799,0.02116000,0.02168000,0.02106000,0.02106000,8550.30000000
1544482800,1544486399,0.02102000,0.02195000,0.02091000,0.02154000,4343.90000000
1544486400,1544489999,0.02165000,0.02165000,0.02057000,0.02057000,15367.60000000
1544490000,1544493599,0.02057000,0.02057000,0.02003000,0.02003000,345.80000000
1544493600,1544497199,0.02080000,0.02080000,0.02003000,0.02003000,5198.40000000
1544497200,1544500799,0.01988000,0.01988000,0.01972000,0.01983000,1157.30000000
1544500800,1544504399,0.01983000,0.01999000,0.01983000,0.01997000,1744.90000000
1544504400,1544507999,0.01997000,0.01997000,0.01997000,0.01997000,55.10000000
1544508000,1544511599,0.02016000,0.02018000,0.02016000,0.02018000,1082.00000000
1544511600,1544515199,0.01954000,0.01958000,0.01928000,0.01928000,4038.60000000
1544515200,1544518799,0.01943000,0.01943000,0.01938000,0.01938000,965.90000000
1544518800,1544522399,0.01938000,0.01940000,0.01928000,0.01928000,1100.20000000
1544522400,1544525999,0.01908000,0.01920000,0.01888000,0.01919000,5659.20000000
1544526000,1544529599,0.01920000,0.01920000,0.01920000,0.01920000,52.60000000
1544529600,1544533199,0.01932000,0.01953000,0.01932000,0.01953000,1615.10000000
1544533200,1544536799,0.01953000,0.01953000,0.01953000,0.01953000,0.00000000
1544536800,1544540399,0.01960000,0.01960000,0.01960000,0.01960000,256.00000000
1544540400,1544543999,0.01959000,0.01959000,0.01957000,0.01959000,6402.20000000
1544544000,1544547599,0.01924000,0.01953000,0.01924000,0.01953000,661.50000000
1544547600,1544551199,0.01953000,0.01953000,0.01953000,0.01953000,0.00000000
1544551200,1544554799,0.01953000,0.01953000,0.01953000,0.01953000,0.00000000
1544554800,1544558399,0.01953000,0.01953000,0.01953000,0.01953000,0.00000000
1544558400,1544561999,0.01909000,0.01909000,0.01900000,0.01900000,5076.90000000
1544562000,1544565599,0.01916000,0.01916000,0.01909000,0.01909000,808.80000000
1544565600,1544569199,0.01924000,0.01924000,0.01922000,0.01922000,261.90000000
1544569200,1544572799,0.01912000,0.01912000,0.01820000,0.01820000,5136.20000000
1544572800,1544576399,0.01829000,0.01829000,0.01829000,0.01829000,272.80000000
1544576400,1544579999,0.01820000,0.01820000,0.01798000,0.01798000,1353.00000000
1544580000,1544583599,0.01798000,0.01798000,0.01798000,0.01798000,0.00000000
1544583600,1544587199,0.01809000,0.01809000,0.01808000,0.01808000,225.00000000
1544587200,1544590799,0.01803000,0.01803000,0.01796000,0.01796000,2108.00000000
1544590800,1544594399,0.01825000,0.01825000,0.01817000,0.01818000,1218.10000000
1544594400,1544597999,0.01818000,0.01818000,0.01818000,0.01818000,277.90000000
1544598000,1544601599,0.01818000,0.01818000,0.01818000,0.01818000,0.00000000
1544601600,1544605199,0.01818000,0.01818000,0.01818000,0.01818000,0.00000000
1544605200,1544608799,0.01818000,0.01834000,0.01813000,0.01813000,276.30000000
1544608800,1544612399,0.01803000,0.01823000,0.01775000,0.01783000,1153.50000000
1544612400,1544615999,0.01780000,0.01780000,0.01756000,0.01756000,1760.20000000
1544616000,1544619599,0.01756000,0.01756000,0.01756000,0.01756000,0.00000000
1544619600,1544623199,0.01756000,0.01756000,0.01756000,0.01756000,0.00000000
1544623200,1544626799,0.01760000,0.01760000,0.01760000,0.01760000,162.70000000
1544626800,1544630399,0.01793000,0.01793000,0.01787000,0.01791000,3445.20000000
1544630400,1544633999,0.01791000,0.01791000,0.01791000,0.01791000,957.20000000
1544634000,1544637599,0.01791000,0.01791000,0.01791000,0.01791000,0.00000000
1544637600,1544641199,0.01804000,0.01804000,0.01804000,0.01804000,242.00000000
1544641200,1544644799,0.01819000,0.01820000,0.01793000,0.01820000,889.70000000
1544644800,1544648399,0.01820000,0.01820000,0.01820000,0.01820000,0.00000000
1544648400,1544651999,0.01820000,0.01820000,0.01820000,0.01820000,0.00000000
1544652000,1544655599,0.01819000,0.01820000,0.01819000,0.01820000,793.00000000
1544655600,1544659199,0.01824000,0.01850000,0.01824000,0.01850000,3208.00000000
1544659200,1544662799,0.01867000,0.01964000,0.01818000,0.01911000,15674.00000000
1544662800,1544666399,0.01900000,0.01900000,0.01900000,0.01900000,55.80000000
1544666400,1544669999,0.01900000,0.01900000,0.01900000,0.01900000,350.00000000
1544670000,1544673599,0.01865000,0.01865000,0.01861000,0.01861000,277.90000000
1544673600,1544677199,0.01898000,0.01899000,0.01898000,0.01899000,828.00000000
1544677200,1544680799,0.01899000,0.01899000,0.01899000,0.01899000,0.00000000
1544680800,1544684399,0.01873000,0.01873000,0.01873000,0.01873000,88.60000000
1544684400,1544687999,0.01873000,0.01873000,0.01873000,0.01873000,0.00000000
1544688000,1544691599,0.01882000,0.01882000,0.01882000,0.01882000,347.60000000
1544691600,1544695199,0.01882000,0.01882000,0.01882000,0.01882000,0.00000000
1544695200,1544698799,0.01893000,0.01937000,0.01893000,0.01937000,432.60000000
1544698800,1544702399,0.01937000,0.01937000,0.01937000,0.01937000,0.00000000
1544702400,1544705999,0.01937000,0.01948000,0.01937000,0.01948000,354.00000000
1544706000,1544709599,0.01917000,0.01917000,0.01917000,0.01917000,53.00000000
1544709600,1544713199,0.01917000,0.01917000,0.01917000,0.01917000,0.00000000
1544713200,1544716799,0.01917000,0.01917000,0.01917000,0.01917000,0.00000000
1544716800,1544720399,0.01917000,0.01917000,0.01917000,0.01917000,0.00000000
1544720400,1544723999,0.01918000,0.01918000,0.01918000,0.01918000,117.00000000
1544724000,1544727599,0.01918000,0.01918000,0.01918000,0.01918000,0.00000000
1544727600,1544731199,0.01914000,0.01948000,0.01911000,0.01911000,701.70000000
1544731200,1544734799,0.01911000,0.01911000,0.01911000,0.01911000,0.00000000
1544734800,1544738399,0.01911000,0.01911000,0.01911000,0.01911000,0.00000000
1544738400,1544741999,0.01911000,0.01911000,0.01911000,0.01911000,0.00000000
1544742000,1544745599,0.01911000,0.01911000,0.01911000,0.01911000,237.90000000
1544745600,1544749199,0.01915000,0.02000000,0.01915000,0.01975000,3549.60000000
1544749200,1544752799,0.01975000,0.01975000,0.01975000,0.01975000,0.00000000
1544752800,1544756399,0.01976000,0.01976000,0.01976000,0.01976000,54.50000000
1544756400,1544759999,0.01976000,0.01976000,0.01976000,0.01976000,0.00000000
1544760000,1544763599,0.01976000,0.01976000,0.01976000,0.01976000,500.00000000
1544763600,1544767199,0.01928000,0.01977000,0.01912000,0.01912000,1023.90000000
1544767200,1544770799,0.01912000,0.01912000,0.01912000,0.01912000,0.00000000
1544770800,1544774399,0.01912000,0.01912000,0.01912000,0.01912000,209.00000000
1544774400,1544777999,0.01912000,0.01912000,0.01912000,0.01912000,0.00000000
1544778000,1544781599,0.01912000,0.01912000,0.01912000,0.01912000,0.00000000
1544781600,1544785199,0.01912000,0.01912000,0.01912000,0.01912000,0.00000000
1544785200,1544788799,0.01912000,0.01912000,0.01912000,0.01912000,0.00000000
1544788800,1544792399,0.01893000,0.01893000,0.01866000,0.01866000,644.70000000
1544792400,1544795999,0.01866000,0.01866000,0.01849000,0.01849000,503.00000000
1544796000,1544799599,0.01870000,0.01880000,0.01870000,0.01880000,749.50000000
1544799600,1544803199,0.01880000,0.01880000,0.01880000,0.01880000,0.00000000
1544803200,1544806799,0.01889000,0.01930000,0.01887000,0.01887000,2292.80000000
1544806800,1544810399,0.01880000,0.01880000,0.01880000,0.01880000,266.00000000
1544810400,1544813999,0.01852000,0.01852000,0.01852000,0.01852000,3056.70000000
1544814000,1544817599,0.01852000,0.01852000,0.01852000,0.01852000,0.00000000
1544817600,1544821199,0.01892000,0.01892000,0.01892000,0.01892000,131.70000000
1544821200,1544824799,0.01892000,0.01892000,0.01892000,0.01892000,0.00000000
1544824800,1544828399,0.01892000,0.01892000,0.01892000,0.01892000,0.00000000
1544828400,1544831999,0.01876000,0.01876000,0.01876000,0.01876000,778.40000000
1544832000,1544835599,0.01861000,0.01861000,0.01844000,0.01844000,15247.70000000
1544835600,1544839199,0.01844000,0.01844000,0.01844000,0.01844000,0.00000000
1544839200,1544842799,0.01883000,0.01883000,0.01883000,0.01883000,364.00000000
1544842800,1544846399,0.01883000,0.01883000,0.01883000,0.01883000,0.00000000
1544846400,1544849999,0.01883000,0.01883000,0.01883000,0.01883000,0.00000000
1544850000,1544853599,0.01883000,0.01883000,0.01883000,0.01883000,0.00000000
1544853600,1544857199,0.01883000,0.01883000,0.01883000,0.01883000,658.30000000
1544857200,1544860799,0.01848000,0.01848000,0.01846000,0.01846000,1583.80000000
1544860800,1544864399,0.01846000,0.01846000,0.01846000,0.01846000,0.00000000
1544864400,1544867999,0.01833000,0.01833000,0.01825000,0.01825000,281.70000000
1544868000,1544871599,0.01825000,0.01825000,0.01825000,0.01825000,0.00000000
1544871600,1544875199,0.01825000,0.01825000,0.01825000,0.01825000,0.00000000
1544875200,1544878799,0.01825000,0.01825000,0.01825000,0.01825000,0.00000000
1544878800,1544882399,0.01807000,0.01807000,0.01807000,0.01807000,922.00000000
1544882400,1544885999,0.01807000,0.01807000,0.01807000,0.01807000,0.00000000
1544886000,1544889599,0.01807000,0.01807000,0.01807000,0.01807000,0.00000000
1544889600,1544893199,0.01807000,0.01807000,0.01807000,0.01807000,0.00000000
1544893200,1544896799,0.01807000,0.01807000,0.01807000,0.01807000,0.00000000
1544896800,1544900399,0.01805000,0.01805000,0.01805000,0.01805000,157.30000000
1544900400,1544903999,0.01805000,0.01805000,0.01805000,0.01805000,0.00000000
1544904000,1544907599,0.01805000,0.01805000,0.01805000,0.01805000,0.00000000
1544907600,1544911199,0.01805000,0.01805000,0.01805000,0.01805000,0.00000000
1544911200,1544914799,0.01834000,0.01840000,0.01834000,0.01840000,3171.60000000
1544914800,1544918399,0.01849000,0.01859000,0.01849000,0.01854000,16672.70000000
1544918400,1544921999,0.01854000,0.01854000,0.01854000,0.01854000,0.00000000
1544922000,1544925599,0.01854000,0.01854000,0.01854000,0.01854000,0.00000000
1544925600,1544929199,0.01811000,0.01812000,0.01811000,0.01812000,1346.00000000
1544929200,1544932799,0.01811000,0.01856000,0.01811000,0.01815000,443.60000000
1544932800,1544936399,0.01815000,0.01815000,0.01815000,0.01815000,0.00000000
1544936400,1544939999,0.01859000,0.01859000,0.01859000,0.01859000,452.70000000
1544940000,1544943599,0.01859000,0.01859000,0.01859000,0.01859000,0.00000000
1544943600,1544947199,0.01859000,0.01859000,0.01859000,0.01859000,0.00000000
1544947200,1544950799,0.01859000,0.01859000,0.01859000,0.01859000,0.00000000
1544950800,1544954399,0.01859000,0.01859000,0.01859000,0.01859000,0.00000000
1544954400,1544957999,0.01859000,0.01859000,0.01859000,0.01859000,0.00000000
1544958000,1544961599,0.01859000,0.01859000,0.01859000,0.01859000,151.30000000
1544961600,1544965199,0.01859000,0.01859000,0.01859000,0.01859000,0.00000000
1544965200,1544968799,0.01817000,0.01858000,0.01817000,0.01817000,862.90000000
1544968800,1544972399,0.01817000,0.01817000,0.01817000,0.01817000,0.00000000
1544972400,1544975999,0.01817000,0.01817000,0.01817000,0.01817000,0.00000000
1544976000,1544979599,0.01800000,0.01800000,0.01799000,0.01799000,170.10000000
1544979600,1544983199,0.01799000,0.01799000,0.01782000,0.01782000,893.80000000
1544983200,1544986799,0.01811000,0.01811000,0.01803000,0.01803000,825.90000000
1544986800,1544990399,0.01778000,0.01778000,0.01777000,0.01777000,261.50000000
1544990400,1544993999,0.01777000,0.01777000,0.01777000,0.01777000,0.00000000
1544994000,1544997599,0.01777000,0.01777000,0.01777000,0.01777000,0.00000000
1544997600,1545001199,0.01777000,0.01777000,0.01777000,0.01777000,0.00000000
1545001200,1545004799,0.01810000,0.01824000,0.01774000,0.01824000,2331.40000000
1545004800,1545008399,0.01792000,0.02001000,0.01792000,0.02001000,6775.70000000
1545008400,1545011999,0.02017000,0.02038000,0.01995000,0.02008000,1066.80000000
1545012000,1545015599,0.01967000,0.01967000,0.01966000,0.01966000,494.20000000
1545015600,1545019199,0.01954000,0.02148000,0.01954000,0.02086000,5568.30000000
1545019200,1545022799,0.02054000,0.02061000,0.02022000,0.02061000,999.30000000
1545022800,1545026399,0.02040000,0.02107000,0.02040000,0.02107000,1104.00000000
1545026400,1545029999,0.02052000,0.02052000,0.02035000,0.02035000,1918.90000000
1545030000,1545033599,0.02072000,0.02072000,0.02011000,0.02028000,2070.70000000
1545033600,1545037199,0.02048000,0.02048000,0.02048000,0.02048000,50.00000000
1545037200,1545040799,0.02029000,0.02029000,0.01947000,0.01951000,2130.40000000
1545040800,1545044399,0.01959000,0.01959000,0.01959000,0.01959000,177.00000000
1545044400,1545047999,0.01959000,0.01959000,0.01959000,0.01959000,0.00000000
1545048000,1545051599,0.01941000,0.01941000,0.01888000,0.01888000,5087.30000000
1545051600,1545055199,0.01890000,0.01890000,0.01890000,0.01890000,388.30000000
1545055200,1545058799,0.01890000,0.01890000,0.01890000,0.01890000,0.00000000
1545058800,1545062399,0.01923000,0.01923000,0.01915000,0.01915000,178.30000000
1545062400,1545065999,0.01915000,0.01915000,0.01915000,0.01915000,0.00000000
1545066000,1545069599,0.01885000,0.01895000,0.01879000,0.01895000,2149.00000000
1545069600,1545073199,0.01893000,0.01893000,0.01869000,0.01869000,3926.70000000
1545073200,1545076799,0.01870000,0.01870000,0.01855000,0.01868000,528.80000000
1545076800,1545080399,0.01868000,0.01868000,0.01868000,0.01868000,0.00000000
1545080400,1545083999,0.01885000,0.01890000,0.01885000,0.01890000,1653.10000000
1545084000,1545087599,0.01890000,0.01890000,0.01890000,0.01890000,0.40000000
1545087600,1545091199,0.01890000,0.01890000,0.01890000,0.01890000,0.00000000
1545091200,1545094799,0.01869000,0.01869000,0.01869000,0.01869000,717.90000000
1545094800,1545098399,0.01855000,0.01855000,0.01855000,0.01855000,0.60000000
1545098400,1545101999,0.01868000,0.01868000,0.01868000,0.01868000,266.70000000
1545102000,1545105599,0.01868000,0.01868000,0.01868000,0.01868000,0.00000000
1545105600,1545109199,0.01890000,0.01898000,0.01881000,0.01881000,651.60000000
1545109200,1545112799,0.01894000,0.01899000,0.01894000,0.01899000,324.00000000
1545112800,1545116399,0.01893000,0.01893000,0.01875000,0.01875000,268.60000000
1545116400,1545119999,0.01881000,0.01881000,0.01881000,0.01881000,645.50000000
1545120000,1545123599,0.01874000,0.01897000,0.01848000,0.01872000,1312.40000000
1545123600,1545127199,0.01836000,0.01836000,0.01834000,0.01834000,1765.00000000
1545127200,1545130799,0.01834000,0.01834000,0.01834000,0.01834000,0.00000000
1545130800,1545134399,0.01834000,0.01834000,0.01834000,0.01834000,59.60000000
1545134400,1545137999,0.01833000,0.01833000,0.01826000,0.01826000,334.90000000
1545138000,1545141599,0.01820000,0.01820000,0.01820000,0.01820000,298.70000000
1545141600,1545145199,0.01820000,0.01820000,0.01820000,0.01820000,180.80000000
1545145200,1545148799,0.01820000,0.01820000,0.01820000,0.01820000,0.00000000
1545148800,1545152399,0.01820000,0.01820000,0.01820000,0.01820000,0.00000000
1545152400,1545155999,0.01800000,0.01800000,0.01766000,0.01766000,291.10000000
1545156000,1545159599,0.01766000,0.01766000,0.01766000,0.01766000,0.00000000
1545159600,1545163199,0.01788000,0.01788000,0.01768000,0.01768000,2832.60000000
1545163200,1545166799,0.01768000,0.01768000,0.01768000,0.01768000,0.00000000
1545166800,1545170399,0.01768000,0.01768000,0.01768000,0.01768000,0.00000000
1545170400,1545173999,0.01768000,0.01784000,0.01739000,0.01739000,796.00000000
1545174000,1545177599,0.01809000,0.01820000,0.01774000,0.01820000,3011.00000000
1545177600,1545181199,0.01753000,0.01921000,0.01753000,0.01858000,11428.90000000
1545181200,1545184799,0.01828000,0.01864000,0.01811000,0.01816000,6128.30000000
1545184800,1545188399,0.01856000,0.01862000,0.01855000,0.01862000,1291.70000000
1545188400,1545191999,0.01866000,0.01866000,0.01864000,0.01865000,1229.20000000
1545192000,1545195599,0.01861000,0.01861000,0.01839000,0.01839000,2776.00000000
1545195600,1545199199,0.01820000,0.01820000,0.01820000,0.01820000,55.10000000
1545199200,1545202799,0.01820000,0.01820000,0.01820000,0.01820000,0.00000000
1545202800,1545206399,0.01820000,0.01820000,0.01820000,0.01820000,0.00000000
1545206400,1545209999,0.01820000,0.01820000,0.01820000,0.01820000,0.00000000
1545210000,1545213599,0.01820000,0.01820000,0.01820000,0.01820000,0.00000000
1545213600,1545217199,0.01822000,0.01822000,0.01799000,0.01799000,995.00000000
1545217200,1545220799,0.01799000,0.01799000,0.01799000,0.01799000,0.00000000
1545220800,1545224399,0.01799000,0.01799000,0.01799000,0.01799000,0.00000000
1545224400,1545227999,0.01799000,0.01799000,0.01799000,0.01799000,0.00000000
1545228000,1545231599,0.01799000,0.01799000,0.01799000,0.01799000,0.00000000
1545231600,1545235199,0.01799000,0.01799000,0.01799000,0.01799000,0.00000000
1545235200,1545238799,0.01799000,0.01799000,0.01799000,0.01799000,0.00000000
1545238800,1545242399,0.01799000,0.01799000,0.01799000,0.01799000,0.00000000
1545242400,1545245999,0.01799000,0.01799000,0.01799000,0.01799000,0.00000000
1545246000,1545249599,0.01799000,0.01799000,0.01799000,0.01799000,0.00000000
1545249600,1545253199,0.01799000,0.01799000,0.01799000,0.01799000,435.00000000
1545253200,1545256799,0.01799000,0.01799000,0.01799000,0.01799000,0.00000000
1545256800,1545260399,0.01799000,0.01799000,0.01799000,0.01799000,695.10000000
1545260400,1545263999,0.01815000,0.01860000,0.01815000,0.01860000,7489.70000000
1545264000,1545267599,0.01884000,0.01902000,0.01879000,0.01881000,6274.20000000
1545267600,1545271199,0.01858000,0.01858000,0.01835000,0.01835000,1671.20000000
1545271200,1545274799,0.01847000,0.01847000,0.01847000,0.01847000,282.00000000
1545274800,1545278399,0.01847000,0.01847000,0.01847000,0.01847000,0.00000000
1545278400,1545281999,0.01847000,0.01847000,0.01847000,0.01847000,0.00000000
1545282000,1545285599,0.01847000,0.01847000,0.01847000,0.01847000,0.00000000
1545285600,1545289199,0.01847000,0.01847000,0.01847000,0.01847000,0.00000000
1545289200,1545292799,0.01847000,0.01847000,0.01847000,0.01847000,0.00000000
1545292800,1545296399,0.01798000,0.01798000,0.01798000,0.01798000,748.00000000
1545296400,1545299999,0.01798000,0.01798000,0.01798000,0.01798000,0.00000000
1545300000,1545303599,0.01839000,0.01908000,0.01821000,0.01908000,7877.00000000
1545303600,1545307199,0.01851000,0.01851000,0.01834000,0.01841000,2302.40000000
1545307200,1545310799,0.01841000,0.01841000,0.01841000,0.01841000,0.00000000
1545310800,1545314399,0.01814000,0.01814000,0.01814000,0.01814000,100.00000000
1545314400,1545317999,0.01814000,0.01814000,0.01814000,0.01814000,0.00000000
1545318000,1545321599,0.01805000,0.01805000,0.01795000,0.01796000,4445.30000000
1545321600,1545325199,0.01833000,0.01853000,0.01833000,0.01853000,3157.10000000
1545325200,1545328799,0.01853000,0.01853000,0.01853000,0.01853000,0.00000000
1545328800,1545332399,0.01870000,0.01870000,0.01870000,0.01870000,115.40000000
1545332400,1545335999,0.01870000,0.01870000,0.01870000,0.01870000,134.80000000
1545336000,1545339599,0.01839000,0.01842000,0.01837000,0.01842000,1098.90000000
1545339600,1545343199,0.01842000,0.01842000,0.01842000,0.01842000,0.00000000
1545343200,1545346799,0.01853000,0.01853000,0.01853000,0.01853000,168.30000000
1545346800,1545350399,0.01891000,0.01891000,0.01891000,0.01891000,215.00000000
1545350400,1545353999,0.01885000,0.01885000,0.01883000,0.01883000,1074.10000000
1545354000,1545357599,0.01852000,0.01916000,0.01851000,0.01916000,3581.50000000
1545357600,1545361199,0.01896000,0.01896000,0.01896000,0.01896000,53.00000000
1545361200,1545364799,0.01844000,0.01844000,0.01782000,0.01782000,5932.30000000
1545364800,1545368399,0.01784000,0.01784000,0.01783000,0.01784000,861.60000000
1545368400,1545371999,0.01766000,0.01786000,0.01741000,0.01753000,7531.20000000
1545372000,1545375599,0.01753000,0.01763000,0.01753000,0.01763000,657.00000000
1545375600,1545379199,0.01763000,0.01763000,0.01763000,0.01763000,0.00000000
1545379200,1545382799,0.01746000,0.01759000,0.01746000,0.01759000,120.00000000
1545382800,1545386399,0.01771000,0.01771000,0.01771000,0.01771000,395.00000000
1545386400,1545389999,0.01771000,0.01771000,0.01771000,0.01771000,0.00000000
1545390000,1545393599,0.01773000,0.01801000,0.01773000,0.01782000,1635.70000000
1545393600,1545397199,0.01782000,0.01782000,0.01782000,0.01782000,0.00000000
1545397200,1545400799,0.01805000,0.01805000,0.01770000,0.01770000,3077.40000000
1545400800,1545404399,0.01811000,0.01812000,0.01811000,0.01812000,653.00000000
1545404400,1545407999,0.01837000,0.01837000,0.01797000,0.01797000,299.60000000
1545408000,1545411599,0.01846000,0.01872000,0.01846000,0.01872000,2300.00000000
1545411600,1545415199,0.01872000,0.01872000,0.01872000,0.01872000,0.00000000
1545415200,1545418799,0.01805000,0.01805000,0.01805000,0.01805000,394.00000000
1545418800,1545422399,0.01839000,0.01839000,0.01789000,0.01789000,1507.30000000
1545422400,1545425999,0.01797000,0.01797000,0.01797000,0.01797000,102.00000000
1545426000,1545429599,0.01797000,0.01797000,0.01797000,0.01797000,0.00000000
1545429600,1545433199,0.01797000,0.01797000,0.01797000,0.01797000,0.00000000
1545433200,1545436799,0.01785000,0.01785000,0.01785000,0.01785000,697.70000000
1545436800,1545440399,0.01785000,0.01785000,0.01785000,0.01785000,0.00000000
1545440400,1545443999,0.01827000,0.01869000,0.01820000,0.01835000,6426.80000000
1545444000,1545447599,0.01872000,0.01975000,0.01867000,0.01867000,10456.80000000
1545447600,1545451199,0.01854000,0.01879000,0.01854000,0.01870000,2641.30000000
1545451200,1545454799,0.01850000,0.01886000,0.01849000,0.01886000,2290.60000000
1545454800,1545458399,0.01880000,0.01880000,0.01860000,0.01860000,2590.40000000
1545458400,1545461999,0.01859000,0.01914000,0.01841000,0.01914000,23687.10000000
1545462000,1545465599,0.01869000,0.01869000,0.01858000,0.01858000,2188.60000000
1545465600,1545469199,0.01873000,0.01890000,0.01873000,0.01890000,1829.70000000
1545469200,1545472799,0.01857000,0.01857000,0.01855000,0.01855000,1446.50000000
1545472800,1545476399,0.01857000,0.01857000,0.01857000,0.01857000,54.00000000
1545476400,1545479999,0.01857000,0.01857000,0.01857000,0.01857000,0.00000000
1545480000,1545483599,0.01856000,0.01856000,0.01854000,0.01854000,1284.70000000
1545483600,1545487199,0.01833000,0.01833000,0.01799000,0.01808000,2166.00000000
1545487200,1545490799,0.01798000,0.01798000,0.01772000,0.01772000,4061.20000000
1545490800,1545494399,0.01772000,0.01807000,0.01772000,0.01807000,1083.60000000
1545494400,1545497999,0.01807000,0.01807000,0.01807000,0.01807000,504.00000000
1545498000,1545501599,0.01807000,0.01807000,0.01807000,0.01807000,0.00000000
1545501600,1545505199,0.01807000,0.01831000,0.01807000,0.01830000,3827.60000000
1545505200,1545508799,0.01830000,0.01830000,0.01807000,0.01812000,714.90000000
1545508800,1545512399,0.01805000,0.01822000,0.01796000,0.01822000,2626.80000000
1545512400,1545515999,0.01819000,0.01819000,0.01818000,0.01818000,463.00000000
1545516000,1545519599,0.01813000,0.01846000,0.01813000,0.01846000,765.00000000
1545519600,1545523199,0.01848000,0.01851000,0.01845000,0.01851000,2852.50000000
1545523200,1545526799,0.01841000,0.02027000,0.01840000,0.01914000,14561.70000000
1545526800,1545530399,0.01914000,0.01914000,0.01914000,0.01914000,0.00000000
1545530400,1545533999,0.01891000,0.01918000,0.01876000,0.01918000,2509.10000000
1545534000,1545537599,0.01866000,0.01866000,0.01826000,0.01826000,22848.70000000
1545537600,1545541199,0.01841000,0.01844000,0.01840000,0.01841000,730.40000000
1545541200,1545544799,0.01900000,0.01974000,0.01848000,0.01870000,8464.30000000
1545544800,1545548399,0.01865000,0.01865000,0.01853000,0.01853000,2152.40000000
1545548400,1545551999,0.01839000,0.01839000,0.01830000,0.01831000,2971.70000000
1545552000,1545555599,0.01815000,0.01815000,0.01799000,0.01799000,439.60000000
1545555600,1545559199,0.01799000,0.01799000,0.01799000,0.01799000,12.00000000
1545559200,1545562799,0.01799000,0.01799000,0.01799000,0.01799000,0.00000000
1545562800,1545566399,0.01799000,0.01799000,0.01799000,0.01799000,0.00000000
1545566400,1545569999,0.01834000,0.01834000,0.01834000,0.01834000,413.70000000
1545570000,1545573599,0.01834000,0.01834000,0.01834000,0.01834000,0.00000000
1545573600,1545577199,0.01844000,0.01886000,0.01844000,0.01858000,4159.50000000
1545577200,1545580799,0.01844000,0.01858000,0.01843000,0.01858000,2835.70000000
1545580800,1545584399,0.01858000,0.01858000,0.01858000,0.01858000,0.00000000
1545584400,1545587999,0.01858000,0.01858000,0.01858000,0.01858000,0.00000000
1545588000,1545591599,0.01895000,0.01895000,0.01836000,0.01882000,1921.90000000
1545591600,1545595199,0.01840000,0.01840000,0.01837000,0.01837000,888.70000000
1545595200,1545598799,0.01837000,0.01837000,0.01837000,0.01837000,0.00000000
1545598800,1545602399,0.01837000,0.01837000,0.01837000,0.01837000,0.00000000
1545602400,1545605999,0.01833000,0.01854000,0.01833000,0.01854000,2509.00000000
1545606000,1545609599,0.01854000,0.01859000,0.01854000,0.01859000,2206.90000000
1545609600,1545613199,0.01889000,0.01909000,0.01889000,0.01908000,2447.90000000
1545613200,1545616799,0.01892000,0.01892000,0.01863000,0.01885000,2196.70000000
1545616800,1545620399,0.01885000,0.01885000,0.01885000,0.01885000,0.00000000
1545620400,1545623999,0.01885000,0.01885000,0.01885000,0.01885000,0.00000000
1545624000,1545627599,0.01885000,0.01885000,0.01885000,0.01885000,0.00000000
1545627600,1545631199,0.01865000,0.01865000,0.01865000,0.01865000,730.80000000
1545631200,1545634799,0.01863000,0.01863000,0.01863000,0.01863000,119.90000000
1545634800,1545638399,0.01863000,0.01863000,0.01863000,0.01863000,0.00000000
1545638400,1545641999,0.01864000,0.01864000,0.01799000,0.01799000,430.00000000
1545642000,1545645599,0.01850000,0.01886000,0.01850000,0.01886000,2263.80000000
1545645600,1545649199,0.01830000,0.01830000,0.01829000,0.01829000,1956.00000000
1545649200,1545652799,0.01829000,0.01829000,0.01829000,0.01829000,0.00000000
1545652800,1545656399,0.01829000,0.01829000,0.01829000,0.01829000,71.00000000
1545656400,1545659999,0.01829000,0.01829000,0.01829000,0.01829000,0.00000000
1545660000,1545663599,0.01866000,0.01866000,0.01866000,0.01866000,5471.40000000
1545663600,1545667199,0.01866000,0.01866000,0.01866000,0.01866000,0.00000000
1545667200,1545670799,0.01866000,0.01866000,0.01866000,0.01866000,2190.20000000
1545670800,1545674399,0.01866000,0.01866000,0.01866000,0.01866000,0.00000000
1545674400,1545677999,0.01866000,0.01869000,0.01866000,0.01869000,722.40000000
1545678000,1545681599,0.01856000,0.01856000,0.01853000,0.01854000,1980.90000000
1545681600,1545685199,0.01872000,0.01904000,0.01833000,0.01833000,3420.50000000
1545685200,1545688799,0.01833000,0.01833000,0.01833000,0.01833000,0.00000000
1545688800,1545692399,0.01867000,0.01867000,0.01867000,0.01867000,411.80000000
1545692400,1545695999,0.01872000,0.01872000,0.01872000,0.01872000,54.00000000
1545696000,1545699599,0.01854000,0.01854000,0.01853000,0.01854000,832.00000000
1545699600,1545703199,0.01874000,0.01876000,0.01874000,0.01876000,1232.60000000
1545703200,1545706799,0.01853000,0.01896000,0.01853000,0.01896000,912.50000000
1545706800,1545710399,0.01860000,0.01860000,0.01860000,0.01860000,745.00000000
1545710400,1545713999,0.01835000,0.01835000,0.01835000,0.01835000,54.00000000
1545714000,1545717599,0.01835000,0.01847000,0.01814000,0.01847000,792.50000000
1545717600,1545721199,0.01847000,0.01847000,0.01847000,0.01847000,0.00000000
1545721200,1545724799,0.01847000,0.01847000,0.01847000,0.01847000,0.00000000
1545724800,1545728399,0.01799000,0.01799000,0.01795000,0.01795000,302.50000000
1545728400,1545731999,0.01795000,0.01795000,0.01795000,0.01795000,0.00000000
1545732000,1545735599,0.01811000,0.01811000,0.01801000,0.01801000,132.00000000
1545735600,1545739199,0.01801000,0.01801000,0.01801000,0.01801000,0.00000000
1545739200,1545742799,0.01801000,0.01801000,0.01801000,0.01801000,0.00000000
1545742800,1545746399,0.01801000,0.01801000,0.01801000,0.01801000,0.00000000
1545746400,1545749999,0.01801000,0.01801000,0.01801000,0.01801000,0.00000000
1545750000,1545753599,0.01801000,0.01801000,0.01801000,0.01801000,0.00000000
1545753600,1545757199,0.01801000,0.01801000,0.01801000,0.01801000,0.00000000
1545757200,1545760799,0.01801000,0.01801000,0.01801000,0.01801000,0.00000000
1545760800,1545764399,0.01801000,0.01801000,0.01801000,0.01801000,0.00000000
1545764400,1545767999,0.01798000,0.01833000,0.01798000,0.01833000,851.40000000
1545768000,1545771599,0.01833000,0.01833000,0.01833000,0.01833000,0.00000000
1545771600,1545775199,0.01833000,0.01833000,0.01833000,0.01833000,0.00000000
1545775200,1545778799,0.01833000,0.01834000,0.01833000,0.01834000,1941.50000000
1545778800,1545782399,0.01848000,0.01856000,0.01828000,0.01828000,1619.50000000
1545782400,1545785999,0.01864000,0.01885000,0.01864000,0.01885000,2979.10000000
1545786000,1545789599,0.01828000,0.01828000,0.01828000,0.01828000,220.40000000
1545789600,1545793199,0.01828000,0.01828000,0.01828000,0.01828000,0.00000000
1545793200,1545796799,0.01828000,0.01828000,0.01828000,0.01828000,0.00000000
1545796800,1545800399,0.01828000,0.01828000,0.01828000,0.01828000,0.00000000
1545800400,1545803999,0.01828000,0.01828000,0.01828000,0.01828000,0.00000000
1545804000,1545807599,0.01828000,0.01828000,0.01828000,0.01828000,0.00000000
1545807600,1545811199,0.01828000,0.01828000,0.01828000,0.01828000,0.00000000
1545811200,1545814799,0.01785000,0.01785000,0.01778000,0.01778000,2253.90000000
1545814800,1545818399,0.01778000,0.01778000,0.01778000,0.01778000,0.00000000
1545818400,1545821999,0.01778000,0.01778000,0.01778000,0.01778000,0.00000000
1545822000,1545825599,0.01778000,0.01778000,0.01778000,0.01778000,0.00000000
1545825600,1545829199,0.01798000,0.01803000,0.01789000,0.01803000,685.70000000
1545829200,1545832799,0.01801000,0.01801000,0.01786000,0.01786000,1531.20000000
1545832800,1545836399,0.01779000,0.01779000,0.01779000,0.01779000,115.00000000
1545836400,1545839999,0.01798000,0.01798000,0.01798000,0.01798000,89.00000000
1545840000,1545843599,0.01798000,0.01798000,0.01798000,0.01798000,0.00000000
1545843600,1545847199,0.01776000,0.01776000,0.01776000,0.01776000,511.50000000
1545847200,1545850799,0.01776000,0.01776000,0.01776000,0.01776000,0.00000000
1545850800,1545854399,0.01776000,0.01776000,0.01776000,0.01776000,0.00000000
1545854400,1545857999,0.01776000,0.01776000,0.01776000,0.01776000,0.00000000
1545858000,1545861599,0.01776000,0.01776000,0.01776000,0.01776000,0.00000000
1545861600,1545865199,0.01806000,0.01806000,0.01806000,0.01806000,89.00000000
1545865200,1545868799,0.01810000,0.01832000,0.01810000,0.01832000,637.20000000
1545868800,1545872399,0.01806000,0.01825000,0.01784000,0.01784000,1351.50000000
1545872400,1545875999,0.01781000,0.01781000,0.01781000,0.01781000,80.80000000
1545876000,1545879599,0.01781000,0.01781000,0.01781000,0.01781000,0.00000000
1545879600,1545883199,0.01781000,0.01781000,0.01781000,0.01781000,0.00000000
1545883200,1545886799,0.01781000,0.01781000,0.01781000,0.01781000,0.00000000
1545886800,1545890399,0.01775000,0.01775000,0.01775000,0.01775000,102.30000000
1545890400,1545893999,0.01775000,0.01775000,0.01775000,0.01775000,0.00000000
1545894000,1545897599,0.01775000,0.01775000,0.01775000,0.01775000,0.00000000
1545897600,1545901199,0.01775000,0.01775000,0.01775000,0.01775000,0.00000000
1545901200,1545904799,0.01775000,0.01775000,0.01775000,0.01775000,0.00000000
1545904800,1545908399,0.01775000,0.01775000,0.01775000,0.01775000,0.00000000
1545908400,1545911999,0.01775000,0.01775000,0.01775000,0.01775000,0.00000000
1545912000,1545915599,0.01775000,0.01775000,0.01775000,0.01775000,0.00000000
1545915600,1545919199,0.01775000,0.01775000,0.01775000,0.01775000,0.00000000
1545919200,1545922799,0.01775000,0.01775000,0.01775000,0.01775000,0.00000000
1545922800,1545926399,0.01776000,0.01776000,0.01776000,0.01776000,107.00000000
1545926400,1545929999,0.01781000,0.01781000,0.01776000,0.01776000,964.10000000
1545930000,1545933599,0.01784000,0.01808000,0.01784000,0.01808000,129.60000000
1545933600,1545937199,0.01808000,0.01808000,0.01808000,0.01808000,0.00000000
1545937200,1545940799,0.01783000,0.01783000,0.01783000,0.01783000,90.00000000
1545940800,1545944399,0.01776000,0.01777000,0.01776000,0.01777000,147.00000000
1545944400,1545947999,0.01777000,0.01777000,0.01773000,0.01773000,2185.60000000
1545948000,1545951599,0.01799000,0.01799000,0.01799000,0.01799000,713.60000000
1545951600,1545955199,0.01799000,0.01799000,0.01799000,0.01799000,0.00000000
1545955200,1545958799,0.01799000,0.01799000,0.01799000,0.01799000,0.00000000
1545958800,1545962399,0.01796000,0.01987000,0.01796000,0.01799000,10952.10000000
1545962400,1545965999,0.01798000,0.01820000,0.01784000,0.01820000,2066.30000000
1545966000,1545969599,0.01818000,0.01818000,0.01818000,0.01818000,88.00000000
1545969600,1545973199,0.01818000,0.01818000,0.01818000,0.01818000,149.80000000
1545973200,1545976799,0.01845000,0.01845000,0.01808000,0.01813000,420.80000000
1545976800,1545980399,0.01838000,0.01838000,0.01838000,0.01838000,525.40000000
1545980400,1545983999,0.01830000,0.01830000,0.01830000,0.01830000,490.90000000
1545984000,1545987599,0.01830000,0.01830000,0.01830000,0.01830000,0.00000000
1545987600,1545991199,0.01777000,0.01777000,0.01776000,0.01776000,1188.80000000
1545991200,1545994799,0.01776000,0.01776000,0.01776000,0.01776000,0.00000000
1545994800,1545998399,0.01776000,0.01776000,0.01776000,0.01776000,113.00000000
1545998400,1546001999,0.01772000,0.01772000,0.01772000,0.01772000,93.70000000
1546002000,1546005599,0.01772000,0.01772000,0.01772000,0.01772000,0.00000000
1546005600,1546009199,0.01766000,0.01766000,0.01736000,0.01749000,487.90000000
1546009200,1546012799,0.01749000,0.01749000,0.01702000,0.01727000,1411.80000000
1546012800,1546016399,0.01756000,0.01782000,0.01714000,0.01755000,7103.90000000
1546016400,1546019999,0.01720000,0.01751000,0.01691000,0.01751000,2514.10000000
1546020000,1546023599,0.01718000,0.01718000,0.01718000,0.01718000,213.70000000
1546023600,1546027199,0.01716000,0.01729000,0.01716000,0.01729000,213.00000000
1546027200,1546030799,0.01729000,0.01729000,0.01729000,0.01729000,0.00000000
1546030800,1546034399,0.01729000,0.01729000,0.01729000,0.01729000,0.00000000
1546034400,1546037999,0.01729000,0.01729000,0.01729000,0.01729000,0.00000000
1546038000,1546041599,0.01729000,0.01729000,0.01729000,0.01729000,186.20000000
1546041600,1546045199,0.01729000,0.01729000,0.01729000,0.01729000,0.00000000
1546045200,1546048799,0.01729000,0.01729000,0.01729000,0.01729000,0.00000000
1546048800,1546052399,0.01723000,0.01723000,0.01711000,0.01711000,4232.00000000
1546052400,1546055999,0.01722000,0.01722000,0.01722000,0.01722000,3061.80000000
1546056000,1546059599,0.01712000,0.01712000,0.01701000,0.01701000,273.00000000
1546059600,1546063199,0.01714000,0.01727000,0.01714000,0.01727000,120.00000000
1546063200,1546066799,0.01728000,0.01772000,0.01728000,0.01772000,5176.90000000
1546066800,1546070399,0.01729000,0.01729000,0.01723000,0.01723000,2049.00000000
1546070400,1546073999,0.01720000,0.01720000,0.01709000,0.01709000,238.50000000
1546074000,1546077599,0.01709000,0.01754000,0.01700000,0.01712000,681.80000000
1546077600,1546081199,0.01717000,0.01717000,0.01717000,0.01717000,93.00000000
1546081200,1546084799,0.01717000,0.01717000,0.01717000,0.01717000,0.00000000
1546084800,1546088399,0.01731000,0.01731000,0.01731000,0.01731000,84.00000000
1546088400,1546091999,0.01731000,0.01731000,0.01731000,0.01731000,0.00000000
1546092000,1546095599,0.01731000,0.01731000,0.01731000,0.01731000,98.10000000
1546095600,1546099199,0.01731000,0.01731000,0.01731000,0.01731000,0.00000000
1546099200,1546102799,0.01715000,0.01715000,0.01708000,0.01708000,868.90000000
1546102800,1546106399,0.01708000,0.01708000,0.01708000,0.01708000,0.00000000
1546106400,1546109999,0.01706000,0.01706000,0.01692000,0.01692000,1474.60000000
1546110000,1546113599,0.01702000,0.01702000,0.01701000,0.01701000,1722.00000000
1546113600,1546117199,0.01711000,0.01712000,0.01711000,0.01712000,348.60000000
1546117200,1546120799,0.01714000,0.01714000,0.01697000,0.01697000,345.00000000
1546120800,1546124399,0.01713000,0.01715000,0.01713000,0.01715000,1222.00000000
1546124400,1546127999,0.01714000,0.01729000,0.01711000,0.01729000,2214.20000000
1546128000,1546131599,0.01729000,0.01729000,0.01729000,0.01729000,0.00000000
1546131600,1546135199,0.01748000,0.01748000,0.01748000,0.01748000,115.60000000
1546135200,1546138799,0.01748000,0.01759000,0.01735000,0.01735000,4181.20000000
1546138800,1546142399,0.01735000,0.01735000,0.01735000,0.01735000,0.00000000
1546142400,1546145999,0.01730000,0.01745000,0.01730000,0.01745000,1599.70000000
1546146000,1546149599,0.01741000,0.01741000,0.01732000,0.01732000,1164.50000000
1546149600,1546153199,0.01734000,0.01750000,0.01734000,0.01750000,1188.00000000
1546153200,1546156799,0.01743000,0.01757000,0.01743000,0.01757000,121.00000000
1546156800,1546160399,0.01752000,0.01767000,0.01751000,0.01760000,2247.90000000
1546160400,1546163999,0.01770000,0.01772000,0.01730000,0.01765000,2549.50000000
1546164000,1546167599,0.01765000,0.01765000,0.01765000,0.01765000,0.00000000
1546167600,1546171199,0.01721000,0.01721000,0.01717000,0.01717000,910.00000000
1546171200,1546174799,0.01719000,0.01719000,0.01716000,0.01716000,527.80000000
1546174800,1546178399,0.01726000,0.01730000,0.01726000,0.01730000,422.10000000
1546178400,1546181999,0.01732000,0.01732000,0.01732000,0.01732000,112.50000000
1546182000,1546185599,0.01736000,0.01736000,0.01736000,0.01736000,135.00000000
1546185600,1546189199,0.01727000,0.01727000,0.01726000,0.01727000,500.70000000
1546189200,1546192799,0.01727000,0.01727000,0.01727000,0.01727000,116.00000000
1546192800,1546196399,0.01729000,0.01733000,0.01729000,0.01733000,1843.20000000
1546196400,1546199999,0.01733000,0.01733000,0.01733000,0.01733000,116.00000000
1546200000,1546203599,0.01733000,0.01733000,0.01733000,0.01733000,60.90000000
1546203600,1546207199,0.01732000,0.01735000,0.01723000,0.01723000,2513.20000000
1546207200,1546210799,0.01723000,0.01723000,0.01711000,0.01711000,232.00000000
1546210800,1546214399,0.01707000,0.01707000,0.01707000,0.01707000,92.00000000
1546214400,1546217999,0.01707000,0.01707000,0.01707000,0.01707000,0.00000000
1546218000,1546221599,0.01688000,0.01688000,0.01688000,0.01688000,118.40000000
1546221600,1546225199,0.01682000,0.01682000,0.01661000,0.01661000,4191.80000000
1546225200,1546228799,0.01661000,0.01661000,0.01661000,0.01661000,0.00000000
1546228800,1546232399,0.01637000,0.01650000,0.01633000,0.01650000,1227.00000000
1546232400,1546235999,0.01600000,0.01600000,0.01590000,0.01590000,3624.40000000
1546236000,1546239599,0.01611000,0.01611000,0.01590000,0.01590000,686.00000000
1546239600,1546243199,0.01589000,0.01594000,0.01588000,0.01594000,396.20000000
1546243200,1546246799,0.01610000,0.01610000,0.01610000,0.01610000,73.00000000
1546246800,1546250399,0.01602000,0.01602000,0.01602000,0.01602000,12771.70000000
1546250400,1546253999,0.01600000,0.01602000,0.01579000,0.01602000,445.20000000
1546254000,1546257599,0.01610000,0.01610000,0.01610000,0.01610000,624.00000000
1546257600,1546261199,0.01613000,0.01615000,0.01602000,0.01602000,2567.00000000
1546261200,1546264799,0.01586000,0.01586000,0.01578000,0.01578000,552.50000000
1546264800,1546268399,0.01587000,0.01617000,0.01586000,0.01617000,906.50000000
1546268400,1546271999,0.01617000,0.01617000,0.01617000,0.01617000,0.00000000
1546272000,1546275599,0.01591000,0.01591000,0.01578000,0.01578000,397.60000000
1546275600,1546279199,0.01578000,0.01578000,0.01578000,0.01578000,0.00000000
1546279200,1546282799,0.01578000,0.01578000,0.01578000,0.01578000,0.00000000
1546282800,1546286399,0.01578000,0.01578000,0.01578000,0.01578000,0.00000000
1546286400,1546289999,0.01578000,0.01578000,0.01578000,0.01578000,0.00000000
1546290000,1546293599,0.01578000,0.01578000,0.01578000,0.01578000,0.00000000
1546293600,1546297199,0.01578000,0.01578000,0.01578000,0.01578000,0.00000000
1546297200,1546300799,0.01577000,0.01577000,0.01566000,0.01566000,464.00000000
1546300800,1546304399,0.01609000,0.01630000,0.01609000,0.01620000,4734.60000000
1546304400,1546307999,0.01620000,0.01620000,0.01620000,0.01620000,0.00000000
1546308000,1546311599,0.01620000,0.01620000,0.01620000,0.01620000,0.00000000
1546311600,1546315199,0.01631000,0.01631000,0.01630000,0.01630000,849.40000000
1546315200,1546318799,0.01630000,0.01630000,0.01630000,0.01630000,0.00000000
1546318800,1546322399,0.01630000,0.01630000,0.01630000,0.01630000,0.00000000
1546322400,1546325999,0.01630000,0.01630000,0.01630000,0.01630000,0.00000000
1546326000,1546329599,0.01630000,0.01630000,0.01630000,0.01630000,0.00000000
1546329600,1546333199,0.01624000,0.01624000,0.01624000,0.01624000,308.00000000
1546333200,1546336799,0.01624000,0.01624000,0.01624000,0.01624000,0.00000000
1546336800,1546340399,0.01624000,0.01624000,0.01624000,0.01624000,0.00000000
1546340400,1546343999,0.01624000,0.01624000,0.01624000,0.01624000,0.00000000
1546344000,1546347599,0.01659000,0.01765000,0.01657000,0.01657000,21341.50000000
1546347600,1546351199,0.01673000,0.01674000,0.01670000,0.01670000,2996.10000000
1546351200,1546354799,0.01656000,0.01724000,0.01656000,0.01695000,6358.30000000
1546354800,1546358399,0.01675000,0.01745000,0.01646000,0.01679000,5228.10000000
1546358400,1546361999,0.01689000,0.01744000,0.01689000,0.01742000,8369.20000000
1546362000,1546365599,0.01753000,0.01773000,0.01732000,0.01732000,14906.20000000
1546365600,1546369199,0.01723000,0.01743000,0.01713000,0.01733000,4295.10000000
1546369200,1546372799,0.01745000,0.01745000,0.01730000,0.01730000,761.30000000
1546372800,1546376399,0.01730000,0.01730000,0.01730000,0.01730000,0.00000000
1546376400,1546379999,0.01730000,0.01741000,0.01724000,0.01730000,3822.20000000
1546380000,1546383599,0.01730000,0.01730000,0.01724000,0.01724000,938.90000000
1546383600,1546387199,0.01713000,0.01723000,0.01711000,0.01723000,8261.90000000
1546387200,1546390799,0.01740000,0.01740000,0.01740000,0.01740000,552.00000000
1546390800,1546394399,0.01740000,0.01772000,0.01740000,0.01772000,3448.80000000
1546394400,1546397999,0.01772000,0.01780000,0.01764000,0.01773000,369.20000000
1546398000,1546401599,0.01776000,0.01776000,0.01776000,0.01776000,287.00000000
1546401600,1546405199,0.01780000,0.01794000,0.01780000,0.01785000,918.80000000
1546405200,1546408799,0.01777000,0.01784000,0.01773000,0.01784000,1280.10000000
1546408800,1546412399,0.01773000,0.01787000,0.01773000,0.01784000,1382.10000000
1546412400,1546415999,0.01796000,0.01796000,0.01779000,0.01788000,337.60000000
1546416000,1546419599,0.01791000,0.01794000,0.01790000,0.01794000,522.10000000
1546419600,1546423199,0.01794000,0.01818000,0.01794000,0.01818000,963.40000000
1546423200,1546426799,0.01803000,0.01803000,0.01793000,0.01793000,1701.90000000
1546426800,1546430399,0.01793000,0.01796000,0.01793000,0.01793000,1164.10000000
1546430400,1546433999,0.01792000,0.01793000,0.01789000,0.01789000,4585.20000000
1546434000,1546437599,0.01817000,0.01842000,0.01804000,0.01814000,6775.20000000
1546437600,1546441199,0.01818000,0.01844000,0.01794000,0.01844000,3807.40000000
1546441200,1546444799,0.01792000,0.01792000,0.01785000,0.01785000,4392.90000000
1546444800,1546448399,0.01782000,0.01782000,0.01762000,0.01762000,3328.40000000
1546448400,1546451999,0.01762000,0.01777000,0.01761000,0.01777000,825.30000000
1546452000,1546455599,0.01778000,0.01778000,0.01778000,0.01778000,905.70000000
1546455600,1546459199,0.01777000,0.01786000,0.01776000,0.01783000,6393.40000000
1546459200,1546462799,0.01786000,0.01786000,0.01786000,0.01786000,1411.00000000
1546462800,1546466399,0.01781000,0.01781000,0.01781000,0.01781000,131.30000000
1546466400,1546469999,0.01777000,0.01777000,0.01776000,0.01776000,472.70000000
1546470000,1546473599,0.01784000,0.01785000,0.01783000,0.01783000,1104.00000000
1546473600,1546477199,0.01785000,0.01845000,0.01778000,0.01778000,12617.70000000
1546477200,1546480799,0.01754000,0.01773000,0.01754000,0.01773000,3829.70000000
1546480800,1546484399,0.01760000,0.01763000,0.01760000,0.01763000,360.10000000
1546484400,1546487999,0.01757000,0.01757000,0.01753000,0.01753000,3448.30000000
1546488000,1546491599,0.01763000,0.01763000,0.01753000,0.01753000,509.60000000
1546491600,1546495199,0.01757000,0.01771000,0.01756000,0.01771000,3378.20000000
1546495200,1546498799,0.01752000,0.01766000,0.01752000,0.01766000,3010.50000000
1546498800,1546502399,0.01773000,0.01773000,0.01727000,0.01766000,2699.90000000
1546502400,1546505999,0.01761000,0.01765000,0.01761000,0.01765000,553.50000000
1546506000,1546509599,0.01773000,0.01773000,0.01766000,0.01766000,117.30000000
1546509600,1546513199,0.01766000,0.01766000,0.01766000,0.01766000,2326.00000000
1546513200,1546516799,0.01766000,0.01766000,0.01766000,0.01766000,0.00000000
1546516800,1546520399,0.01761000,0.01810000,0.01761000,0.01808000,10207.10000000
1546520400,1546523999,0.01820000,0.01820000,0.01820000,0.01820000,55.50000000
1546524000,1546527599,0.01790000,0.01790000,0.01790000,0.01790000,55.90000000
1546527600,1546531199,0.01783000,0.01847000,0.01768000,0.01847000,4606.30000000
1546531200,1546534799,0.01832000,0.01832000,0.01804000,0.01819000,2769.10000000
1546534800,1546538399,0.01819000,0.01819000,0.01819000,0.01819000,0.00000000
1546538400,1546541999,0.01780000,0.01780000,0.01774000,0.01774000,688.40000000
1546542000,1546545599,0.01774000,0.01774000,0.01774000,0.01774000,0.00000000
1546545600,1546549199,0.01799000,0.01799000,0.01799000,0.01799000,1165.80000000
1546549200,1546552799,0.01789000,0.01789000,0.01774000,0.01774000,1156.10000000
1546552800,1546556399,0.01774000,0.01774000,0.01774000,0.01774000,0.00000000
1546556400,1546559999,0.01818000,0.01819000,0.01818000,0.01818000,1084.60000000
1546560000,1546563599,0.01821000,0.01856000,0.01821000,0.01839000,2362.10000000
1546563600,1546567199,0.01835000,0.01835000,0.01825000,0.01825000,471.70000000
1546567200,1546570799,0.01825000,0.01825000,0.01825000,0.01825000,0.00000000
1546570800,1546574399,0.01824000,0.01890000,0.01824000,0.01835000,2812.70000000
1546574400,1546577999,0.01851000,0.01856000,0.01848000,0.01852000,4724.60000000
1546578000,1546581599,0.01873000,0.01890000,0.01872000,0.01872000,2209.20000000
1546581600,1546585199,0.01858000,0.01858000,0.01858000,0.01858000,682.80000000
1546585200,1546588799,0.01858000,0.01858000,0.01858000,0.01858000,0.00000000
1546588800,1546592399,0.01868000,0.01868000,0.01831000,0.01834000,1474.10000000
1546592400,1546595999,0.01828000,0.01828000,0.01826000,0.01826000,2430.50000000
1546596000,1546599599,0.01826000,0.01826000,0.01826000,0.01826000,0.00000000
1546599600,1546603199,0.01836000,0.01839000,0.01836000,0.01839000,3202.60000000
1546603200,1546606799,0.01815000,0.01816000,0.01778000,0.01803000,8210.20000000
1546606800,1546610399,0.01791000,0.01791000,0.01791000,0.01791000,217.00000000
1546610400,1546613999,0.01798000,0.01798000,0.01792000,0.01792000,1665.20000000
1546614000,1546617599,0.01788000,0.01803000,0.01780000,0.01780000,711.90000000
1546617600,1546621199,0.01774000,0.01786000,0.01774000,0.01786000,606.30000000
1546621200,1546624799,0.01778000,0.01778000,0.01778000,0.01778000,84.00000000
1546624800,1546628399,0.01778000,0.01778000,0.01769000,0.01769000,695.40000000
1546628400,1546631999,0.01785000,0.01788000,0.01785000,0.01788000,348.20000000
1546632000,1546635599,0.01794000,0.01794000,0.01794000,0.01794000,58.00000000
1546635600,1546639199,0.01796000,0.01811000,0.01796000,0.01811000,1625.30000000
1546639200,1546642799,0.01827000,0.01827000,0.01825000,0.01825000,111.20000000
1546642800,1546646399,0.01825000,0.01825000,0.01825000,0.01825000,0.00000000
1546646400,1546649999,0.01851000,0.01854000,0.01808000,0.01814000,4182.00000000
1546650000,1546653599,0.01805000,0.01814000,0.01787000,0.01797000,3546.00000000
1546653600,1546657199,0.01791000,0.01791000,0.01791000,0.01791000,158.00000000
1546657200,1546660799,0.01791000,0.01791000,0.01791000,0.01791000,0.00000000
1546660800,1546664399,0.01789000,0.01789000,0.01789000,0.01789000,547.90000000
1546664400,1546667999,0.01786000,0.01786000,0.01786000,0.01786000,260.40000000
1546668000,1546671599,0.01775000,0.01775000,0.01775000,0.01775000,82.40000000
1546671600,1546675199,0.01781000,0.01781000,0.01779000,0.01779000,1055.50000000
1546675200,1546678799,0.01779000,0.01779000,0.01779000,0.01779000,0.00000000
1546678800,1546682399,0.01777000,0.01777000,0.01775000,0.01775000,414.40000000
1546682400,1546685999,0.01775000,0.01775000,0.01775000,0.01775000,0.00000000
1546686000,1546689599,0.01775000,0.01775000,0.01775000,0.01775000,0.00000000
1546689600,1546693199,0.01793000,0.01793000,0.01783000,0.01793000,552.20000000
1546693200,1546696799,0.01792000,0.01794000,0.01792000,0.01794000,339.80000000
1546696800,1546700399,0.01788000,0.01788000,0.01779000,0.01779000,1396.00000000
1546700400,1546703999,0.01794000,0.01794000,0.01786000,0.01786000,1365.00000000
1546704000,1546707599,0.01786000,0.01786000,0.01786000,0.01786000,0.00000000
1546707600,1546711199,0.01798000,0.01798000,0.01798000,0.01798000,260.40000000
1546711200,1546714799,0.01798000,0.01798000,0.01798000,0.01798000,0.00000000
1546714800,1546718399,0.01798000,0.01798000,0.01798000,0.01798000,0.00000000
1546718400,1546721999,0.01795000,0.01795000,0.01795000,0.01795000,55.90000000
1546722000,1546725599,0.01795000,0.01795000,0.01795000,0.01795000,0.00000000
1546725600,1546729199,0.01795000,0.01795000,0.01795000,0.01795000,0.00000000
1546729200,1546732799,0.01795000,0.01795000,0.01795000,0.01795000,0.00000000
1546732800,1546736399,0.01794000,0.01794000,0.01793000,0.01793000,196.50000000
1546736400,1546739999,0.01793000,0.01793000,0.01793000,0.01793000,0.00000000
1546740000,1546743599,0.01778000,0.01778000,0.01772000,0.01772000,318.60000000
1546743600,1546747199,0.01782000,0.01782000,0.01782000,0.01782000,60.30000000
1546747200,1546750799,0.01782000,0.01782000,0.01782000,0.01782000,0.00000000
1546750800,1546754399,0.01761000,0.01761000,0.01750000,0.01750000,360.00000000
1546754400,1546757999,0.01752000,0.01752000,0.01752000,0.01752000,797.00000000
1546758000,1546761599,0.01749000,0.01749000,0.01748000,0.01748000,343.30000000
1546761600,1546765199,0.01755000,0.01758000,0.01755000,0.01758000,230.00000000
1546765200,1546768799,0.01759000,0.01773000,0.01759000,0.01773000,273.10000000
1546768800,1546772399,0.01773000,0.01777000,0.01773000,0.01777000,730.50000000
1546772400,1546775999,0.01777000,0.01777000,0.01777000,0.01777000,0.00000000
1546776000,1546779599,0.01777000,0.01777000,0.01777000,0.01777000,0.00000000
1546779600,1546783199,0.01785000,0.01785000,0.01783000,0.01784000,571.40000000
1546783200,1546786799,0.01785000,0.01801000,0.01785000,0.01801000,4070.90000000
1546786800,1546790399,0.01800000,0.01800000,0.01789000,0.01789000,737.00000000
1546790400,1546793999,0.01761000,0.01761000,0.01758000,0.01760000,1264.00000000
1546794000,1546797599,0.01760000,0.01760000,0.01760000,0.01760000,0.00000000
1546797600,1546801199,0.01749000,0.01767000,0.01749000,0.01767000,208.80000000
1546801200,1546804799,0.01748000,0.01748000,0.01730000,0.01743000,240.00000000
1546804800,1546808399,0.01724000,0.01768000,0.01714000,0.01768000,817.00000000
1546808400,1546811999,0.01793000,0.01793000,0.01793000,0.01793000,100.20000000
1546812000,1546815599,0.01793000,0.01793000,0.01793000,0.01793000,0.00000000
1546815600,1546819199,0.01793000,0.01793000,0.01793000,0.01793000,0.00000000
1546819200,1546822799,0.01741000,0.01741000,0.01733000,0.01733000,1698.00000000
1546822800,1546826399,0.01765000,0.01771000,0.01765000,0.01771000,234.20000000
1546826400,1546829999,0.01771000,0.01771000,0.01771000,0.01771000,0.00000000
1546830000,1546833599,0.01752000,0.01779000,0.01745000,0.01745000,600.60000000
1546833600,1546837199,0.01745000,0.01745000,0.01745000,0.01745000,0.00000000
1546837200,1546840799,0.01745000,0.01745000,0.01745000,0.01745000,0.00000000
1546840800,1546844399,0.01745000,0.01745000,0.01745000,0.01745000,0.00000000
1546844400,1546847999,0.01745000,0.01745000,0.01745000,0.01745000,0.00000000
1546848000,1546851599,0.01764000,0.01764000,0.01764000,0.01764000,325.00000000
1546851600,1546855199,0.01760000,0.01760000,0.01752000,0.01752000,2229.30000000
1546855200,1546858799,0.01747000,0.01765000,0.01747000,0.01765000,916.00000000
1546858800,1546862399,0.01765000,0.01766000,0.01765000,0.01766000,292.00000000
1546862400,1546865999,0.01762000,0.01762000,0.01741000,0.01741000,1322.00000000
1546866000,1546869599,0.01741000,0.01741000,0.01741000,0.01741000,204.60000000
1546869600,1546873199,0.01731000,0.01731000,0.01731000,0.01731000,705.00000000
1546873200,1546876799,0.01762000,0.01762000,0.01759000,0.01759000,236.60000000
1546876800,1546880399,0.01759000,0.01759000,0.01759000,0.01759000,0.00000000
1546880400,1546883999,0.01748000,0.01749000,0.01748000,0.01748000,4023.00000000
1546884000,1546887599,0.01748000,0.01748000,0.01748000,0.01748000,0.00000000
1546887600,1546891199,0.01751000,0.01751000,0.01751000,0.01751000,58.00000000
1546891200,1546894799,0.01751000,0.01751000,0.01751000,0.01751000,0.00000000
1546894800,1546898399,0.01751000,0.01751000,0.01751000,0.01751000,0.00000000
1546898400,1546901999,0.01740000,0.01740000,0.01739000,0.01739000,439.60000000
1546902000,1546905599,0.01740000,0.01747000,0.01740000,0.01747000,1311.50000000
1546905600,1546909199,0.01747000,0.01747000,0.01747000,0.01747000,0.00000000
1546909200,1546912799,0.01747000,0.01747000,0.01747000,0.01747000,0.00000000
1546912800,1546916399,0.01735000,0.01735000,0.01735000,0.01735000,157.00000000
1546916400,1546919999,0.01735000,0.01735000,0.01735000,0.01735000,1479.70000000
1546920000,1546923599,0.01729000,0.01729000,0.01729000,0.01729000,99.70000000
1546923600,1546927199,0.01729000,0.01729000,0.01717000,0.01717000,260.30000000
1546927200,1546930799,0.01729000,0.01754000,0.01729000,0.01754000,723.70000000
1546930800,1546934399,0.01717000,0.01717000,0.01695000,0.01695000,1013.80000000
1546934400,1546937999,0.01683000,0.01683000,0.01639000,0.01651000,303.30000000
1546938000,1546941599,0.01664000,0.01744000,0.01655000,0.01667000,16802.20000000
1546941600,1546945199,0.01655000,0.01669000,0.01633000,0.01633000,1408.00000000
1546945200,1546948799,0.01630000,0.01667000,0.01622000,0.01660000,1069.60000000
1546948800,1546952399,0.01673000,0.01673000,0.01646000,0.01646000,2320.00000000
1546952400,1546955999,0.01635000,0.01635000,0.01610000,0.01622000,1379.50000000
1546956000,1546959599,0.01605000,0.01635000,0.01600000,0.01635000,441.00000000
1546959600,1546963199,0.01625000,0.01638000,0.01625000,0.01638000,122.70000000
1546963200,1546966799,0.01638000,0.01638000,0.01638000,0.01638000,0.00000000
1546966800,1546970399,0.01638000,0.01638000,0.01628000,0.01628000,2949.50000000
1546970400,1546973999,0.01628000,0.01628000,0.01628000,0.01628000,0.00000000
1546974000,1546977599,0.01628000,0.01628000,0.01628000,0.01628000,0.00000000
1546977600,1546981199,0.01607000,0.01607000,0.01600000,0.01600000,1006.70000000
1546981200,1546984799,0.01612000,0.01627000,0.01612000,0.01627000,129.80000000
1546984800,1546988399,0.01627000,0.01627000,0.01627000,0.01627000,0.00000000
1546988400,1546991999,0.01623000,0.01623000,0.01623000,0.01623000,1094.60000000
1546992000,1546995599,0.01622000,0.01625000,0.01622000,0.01625000,564.60000000
1546995600,1546999199,0.01621000,0.01621000,0.01621000,0.01621000,1093.30000000
1546999200,1547002799,0.01621000,0.01621000,0.01621000,0.01621000,0.00000000
1547002800,1547006399,0.01630000,0.01630000,0.01630000,0.01630000,207.00000000
1547006400,1547009999,0.01638000,0.01638000,0.01633000,0.01633000,2249.00000000
1547010000,1547013599,0.01609000,0.01609000,0.01592000,0.01597000,614.50000000
1547013600,1547017199,0.01588000,0.01590000,0.01578000,0.01590000,316.50000000
1547017200,1547020799,0.01589000,0.01589000,0.01589000,0.01589000,129.00000000
1547020800,1547024399,0.01603000,0.01614000,0.01603000,0.01614000,130.10000000
1547024400,1547027999,0.01610000,0.01622000,0.01610000,0.01622000,1221.90000000
1547028000,1547031599,0.01628000,0.01628000,0.01622000,0.01622000,1178.10000000
1547031600,1547035199,0.01622000,0.01622000,0.01622000,0.01622000,0.00000000
1547035200,1547038799,0.01622000,0.01622000,0.01622000,0.01622000,0.00000000
1547038800,1547042399,0.01622000,0.01622000,0.01622000,0.01622000,0.00000000
1547042400,1547045999,0.01656000,0.01659000,0.01648000,0.01659000,1358.40000000
1547046000,1547049599,0.01692000,0.01692000,0.01688000,0.01688000,1144.20000000
1547049600,1547053199,0.01688000,0.01688000,0.01688000,0.01688000,0.00000000
1547053200,1547056799,0.01684000,0.01684000,0.01684000,0.01684000,1066.80000000
1547056800,1547060399,0.01684000,0.01684000,0.01684000,0.01684000,0.00000000
1547060400,1547063999,0.01676000,0.01676000,0.01673000,0.01673000,1606.00000000
1547064000,1547067599,0.01679000,0.01687000,0.01677000,0.01684000,5275.50000000
1547067600,1547071199,0.01692000,0.01696000,0.01692000,0.01696000,1084.60000000
1547071200,1547074799,0.01682000,0.01682000,0.01682000,0.01682000,114.10000000
1547074800,1547078399,0.01666000,0.01666000,0.01650000,0.01650000,1071.10000000
1547078400,1547081999,0.01651000,0.01677000,0.01651000,0.01677000,250.10000000
1547082000,1547085599,0.01681000,0.01681000,0.01681000,0.01681000,134.60000000
1547085600,1547089199,0.01681000,0.01681000,0.01681000,0.01681000,60.20000000
1547089200,1547092799,0.01675000,0.01675000,0.01675000,0.01675000,447.20000000
1547092800,1547096399,0.01666000,0.01666000,0.01663000,0.01663000,3318.60000000
1547096400,1547099999,0.01663000,0.01663000,0.01663000,0.01663000,0.00000000
1547100000,1547103599,0.01661000,0.01682000,0.01625000,0.01625000,1034.50000000
1547103600,1547107199,0.01641000,0.01641000,0.01637000,0.01637000,732.00000000
1547107200,1547110799,0.01623000,0.01624000,0.01613000,0.01613000,2474.50000000
1547110800,1547114399,0.01599000,0.01613000,0.01557000,0.01571000,8260.10000000
1547114400,1547117999,0.01561000,0.01567000,0.01546000,0.01565000,3905.20000000
1547118000,1547121599,0.01587000,0.01590000,0.01579000,0.01581000,636.70000000
1547121600,1547125199,0.01577000,0.01577000,0.01577000,0.01577000,67.00000000
1547125200,1547128799,0.01567000,0.01573000,0.01551000,0.01558000,1249.90000000
1547128800,1547132399,0.01566000,0.01577000,0.01566000,0.01577000,549.60000000
1547132400,1547135999,0.01580000,0.01580000,0.01570000,0.01570000,824.40000000
1547136000,1547139599,0.01573000,0.01581000,0.01568000,0.01581000,3252.90000000
1547139600,1547143199,0.01568000,0.01587000,0.01568000,0.01587000,242.00000000
1547143200,1547146799,0.01561000,0.01561000,0.01561000,0.01561000,107.00000000
1547146800,1547150399,0.01561000,0.01561000,0.01561000,0.01561000,0.00000000
1547150400,1547153999,0.01563000,0.01580000,0.01563000,0.01580000,281.80000000
1547154000,1547157599,0.01557000,0.01557000,0.01551000,0.01551000,294.80000000
1547157600,1547161199,0.01554000,0.01554000,0.01554000,0.01554000,3081.00000000
1547161200,1547164799,0.01554000,0.01554000,0.01554000,0.01554000,0.00000000
1547164800,1547168399,0.01536000,0.01553000,0.01522000,0.01539000,1388.70000000
1547168400,1547171999,0.01533000,0.01533000,0.01528000,0.01528000,230.00000000
1547172000,1547175599,0.01546000,0.01546000,0.01546000,0.01546000,64.70000000
1547175600,1547179199,0.01553000,0.01553000,0.01553000,0.01553000,664.00000000
1547179200,1547182799,0.01553000,0.01557000,0.01550000,0.01550000,3017.60000000
1547182800,1547186399,0.01550000,0.01550000,0.01550000,0.01550000,0.00000000
1547186400,1547189999,0.01540000,0.01554000,0.01530000,0.01530000,5164.80000000
1547190000,1547193599,0.01523000,0.01544000,0.01513000,0.01537000,461.10000000
1547193600,1547197199,0.01519000,0.01519000,0.01501000,0.01501000,610.90000000
1547197200,1547200799,0.01512000,0.01529000,0.01488000,0.01499000,1112.70000000
1547200800,1547204399,0.01499000,0.01511000,0.01494000,0.01509000,4026.80000000
1547204400,1547207999,0.01520000,0.01520000,0.01520000,0.01520000,65.80000000
1547208000,1547211599,0.01497000,0.01520000,0.01496000,0.01516000,1682.40000000
1547211600,1547215199,0.01516000,0.01516000,0.01516000,0.01516000,0.00000000
1547215200,1547218799,0.01516000,0.01516000,0.01508000,0.01512000,1181.70000000
1547218800,1547222399,0.01508000,0.01508000,0.01498000,0.01498000,460.90000000
1547222400,1547225999,0.01498000,0.01498000,0.01498000,0.01498000,0.00000000
1547226000,1547229599,0.01504000,0.01512000,0.01504000,0.01512000,2018.30000000
1547229600,1547233199,0.01512000,0.01512000,0.01512000,0.01512000,0.00000000
1547233200,1547236799,0.01489000,0.01501000,0.01480000,0.01494000,939.10000000
1547236800,1547240399,0.01503000,0.01515000,0.01503000,0.01515000,198.90000000
1547240400,1547243999,0.01515000,0.01515000,0.01515000,0.01515000,0.00000000
1547244000,1547247599,0.01518000,0.01542000,0.01518000,0.01542000,485.50000000
1547247600,1547251199,0.01527000,0.01528000,0.01527000,0.01528000,2294.70000000
1547251200,1547254799,0.01548000,0.01548000,0.01515000,0.01515000,258.00000000
1547254800,1547258399,0.01515000,0.01515000,0.01515000,0.01515000,0.00000000
1547258400,1547261999,0.01515000,0.01515000,0.01513000,0.01513000,553.40000000
1547262000,1547265599,0.01537000,0.01539000,0.01537000,0.01539000,305.00000000
1547265600,1547269199,0.01539000,0.01539000,0.01539000,0.01539000,0.00000000
1547269200,1547272799,0.01530000,0.01530000,0.01530000,0.01530000,798.60000000
1547272800,1547276399,0.01530000,0.01530000,0.01530000,0.01530000,0.00000000
1547276400,1547279999,0.01530000,0.01530000,0.01530000,0.01530000,124.00000000
1547280000,1547283599,0.01526000,0.01533000,0.01526000,0.01533000,392.00000000
1547283600,1547287199,0.01533000,0.01533000,0.01533000,0.01533000,382.20000000
1547287200,1547290799,0.01542000,0.01542000,0.01542000,0.01542000,166.00000000
1547290800,1547294399,0.01533000,0.01533000,0.01533000,0.01533000,100.00000000
1547294400,1547297999,0.01533000,0.01533000,0.01533000,0.01533000,0.00000000
1547298000,1547301599,0.01538000,0.01538000,0.01523000,0.01523000,137.70000000
1547301600,1547305199,0.01525000,0.01529000,0.01523000,0.01529000,2098.80000000
1547305200,1547308799,0.01529000,0.01529000,0.01529000,0.01529000,0.00000000
1547308800,1547312399,0.01529000,0.01529000,0.01529000,0.01529000,0.00000000
1547312400,1547315999,0.01538000,0.01538000,0.01538000,0.01538000,2839.20000000
1547316000,1547319599,0.01545000,0.01546000,0.01536000,0.01546000,1834.50000000
1547319600,1547323199,0.01552000,0.01552000,0.01552000,0.01552000,285.70000000
1547323200,1547326799,0.01552000,0.01553000,0.01552000,0.01553000,369.80000000
1547326800,1547330399,0.01551000,0.01556000,0.01551000,0.01556000,130.00000000
1547330400,1547333999,0.01549000,0.01549000,0.01548000,0.01548000,970.40000000
1547334000,1547337599,0.01540000,0.01540000,0.01540000,0.01540000,285.30000000
1547337600,1547341199,0.01540000,0.01540000,0.01540000,0.01540000,0.00000000
1547341200,1547344799,0.01538000,0.01538000,0.01538000,0.01538000,667.00000000
1547344800,1547348399,0.01538000,0.01538000,0.01538000,0.01538000,0.00000000
1547348400,1547351999,0.01538000,0.01538000,0.01538000,0.01538000,0.00000000
1547352000,1547355599,0.01537000,0.01545000,0.01537000,0.01545000,508.10000000
1547355600,1547359199,0.01545000,0.01545000,0.01545000,0.01545000,0.00000000
1547359200,1547362799,0.01548000,0.01548000,0.01548000,0.01548000,302.00000000
1547362800,1547366399,0.01548000,0.01548000,0.01548000,0.01548000,0.00000000
1547366400,1547369999,0.01549000,0.01549000,0.01549000,0.01549000,695.00000000
1547370000,1547373599,0.01549000,0.01560000,0.01533000,0.01560000,12446.90000000
1547373600,1547377199,0.01556000,0.01556000,0.01556000,0.01556000,266.60000000
1547377200,1547380799,0.01556000,0.01556000,0.01553000,0.01553000,3915.00000000
1547380800,1547384399,0.01554000,0.01560000,0.01554000,0.01560000,4579.40000000
1547384400,1547387999,0.01568000,0.01568000,0.01568000,0.01568000,211.00000000
1547388000,1547391599,0.01566000,0.01566000,0.01566000,0.01566000,340.70000000
1547391600,1547395199,0.01547000,0.01547000,0.01547000,0.01547000,135.00000000
1547395200,1547398799,0.01549000,0.01557000,0.01547000,0.01552000,2762.50000000
1547398800,1547402399,0.01553000,0.01557000,0.01540000,0.01557000,1790.50000000
1547402400,1547405999,0.01540000,0.01557000,0.01534000,0.01534000,1600.10000000
1547406000,1547409599,0.01537000,0.01537000,0.01536000,0.01536000,1891.00000000
1547409600,1547413199,0.01547000,0.01547000,0.01547000,0.01547000,258.50000000
1547413200,1547416799,0.01559000,0.01586000,0.01559000,0.01584000,6050.00000000
1547416800,1547420399,0.01584000,0.01590000,0.01584000,0.01590000,126.90000000
1547420400,1547423999,0.01590000,0.01590000,0.01590000,0.01590000,0.00000000
1547424000,1547427599,0.01590000,0.01590000,0.01590000,0.01590000,0.00000000
1547427600,1547431199,0.01528000,0.01528000,0.01528000,0.01528000,585.90000000
1547431200,1547434799,0.01528000,0.01528000,0.01528000,0.01528000,0.00000000
1547434800,1547438399,0.01533000,0.01533000,0.01528000,0.01528000,1361.10000000
1547438400,1547441999,0.01507000,0.01507000,0.01507000,0.01507000,94.90000000
1547442000,1547445599,0.01507000,0.01507000,0.01507000,0.01507000,0.00000000
1547445600,1547449199,0.01525000,0.01529000,0.01525000,0.01529000,867.00000000
1547449200,1547452799,0.01529000,0.01531000,0.01519000,0.01531000,4817.60000000
1547452800,1547456399,0.01531000,0.01531000,0.01519000,0.01519000,351.60000000
1547456400,1547459999,0.01519000,0.01519000,0.01519000,0.01519000,0.00000000
1547460000,1547463599,0.01519000,0.01519000,0.01519000,0.01519000,0.00000000
1547463600,1547467199,0.01591000,0.01591000,0.01545000,0.01545000,1093.00000000
1547467200,1547470799,0.01545000,0.01545000,0.01545000,0.01545000,0.00000000
1547470800,1547474399,0.01545000,0.01545000,0.01545000,0.01545000,0.00000000
1547474400,1547477999,0.01545000,0.01545000,0.01545000,0.01545000,115.00000000
1547478000,1547481599,0.01545000,0.01545000,0.01545000,0.01545000,0.00000000
1547481600,1547485199,0.01545000,0.01545000,0.01545000,0.01545000,0.00000000
1547485200,1547488799,0.01545000,0.01545000,0.01544000,0.01544000,2272.00000000
1547488800,1547492399,0.01544000,0.01544000,0.01544000,0.01544000,0.00000000
1547492400,1547495999,0.01544000,0.01544000,0.01544000,0.01544000,0.00000000
1547496000,1547499599,0.01609000,0.01611000,0.01535000,0.01545000,7356.30000000
1547499600,1547503199,0.01541000,0.01556000,0.01541000,0.01556000,428.10000000
1547503200,1547506799,0.01556000,0.01584000,0.01556000,0.01569000,2649.00000000
1547506800,1547510399,0.01546000,0.01546000,0.01541000,0.01541000,450.50000000
1547510400,1547513999,0.01541000,0.01541000,0.01541000,0.01541000,0.00000000
1547514000,1547517599,0.01541000,0.01541000,0.01541000,0.01541000,0.00000000
1547517600,1547521199,0.01541000,0.01541000,0.01541000,0.01541000,0.00000000
1547521200,1547524799,0.01566000,0.01566000,0.01566000,0.01566000,439.20000000
1547524800,1547528399,0.01566000,0.01566000,0.01566000,0.01566000,0.00000000
1547528400,1547531999,0.01566000,0.01566000,0.01566000,0.01566000,0.00000000
1547532000,1547535599,0.01566000,0.01566000,0.01566000,0.01566000,0.00000000
1547535600,1547539199,0.01570000,0.01588000,0.01570000,0.01588000,4117.50000000
1547539200,1547542799,0.01587000,0.01615000,0.01566000,0.01592000,13504.70000000
1547542800,1547546399,0.01592000,0.01595000,0.01560000,0.01594000,3252.50000000
1547546400,1547549999,0.01594000,0.01594000,0.01594000,0.01594000,0.00000000
1547550000,1547553599,0.01594000,0.01594000,0.01594000,0.01594000,0.00000000
1547553600,1547557199,0.01596000,0.01639000,0.01591000,0.01624000,9211.60000000
1547557200,1547560799,0.01624000,0.01642000,0.01609000,0.01624000,6280.30000000
1547560800,1547564399,0.01645000,0.01645000,0.01645000,0.01645000,73.70000000
1547564400,1547567999,0.01645000,0.01645000,0.01645000,0.01645000,0.00000000
1547568000,1547571599,0.01645000,0.01645000,0.01645000,0.01645000,350.00000000
1547571600,1547575199,0.01645000,0.01645000,0.01645000,0.01645000,0.00000000
1547575200,1547578799,0.01645000,0.01645000,0.01645000,0.01645000,0.00000000
1547578800,1547582399,0.01604000,0.01604000,0.01600000,0.01600000,1461.20000000
1547582400,1547585999,0.01609000,0.01610000,0.01608000,0.01610000,1494.20000000
1547586000,1547589599,0.01610000,0.01610000,0.01610000,0.01610000,2934.10000000
1547589600,1547593199,0.01610000,0.01610000,0.01610000,0.01610000,0.00000000
1547593200,1547596799,0.01616000,0.01616000,0.01609000,0.01609000,1239.00000000
1547596800,1547600399,0.01609000,0.01609000,0.01609000,0.01609000,0.00000000
1547600400,1547603999,0.01610000,0.01610000,0.01598000,0.01598000,522.80000000
1547604000,1547607599,0.01602000,0.01602000,0.01602000,0.01602000,3525.80000000
1547607600,1547611199,0.01602000,0.01602000,0.01602000,0.01602000,0.00000000
1547611200,1547614799,0.01602000,0.01602000,0.01602000,0.01602000,2856.50000000
1547614800,1547618399,0.01602000,0.01602000,0.01588000,0.01588000,4679.30000000
1547618400,1547621999,0.01593000,0.01598000,0.01593000,0.01598000,1124.40000000
1547622000,1547625599,0.01610000,0.01610000,0.01610000,0.01610000,305.80000000
1547625600,1547629199,0.01601000,0.01601000,0.01601000,0.01601000,621.00000000
1547629200,1547632799,0.01594000,0.01606000,0.01494000,0.01494000,10164.00000000
1547632800,1547636399,0.01494000,0.01494000,0.01494000,0.01494000,0.00000000
1547636400,1547639999,0.01591000,0.01606000,0.01571000,0.01606000,2376.10000000
1547640000,1547643599,0.01606000,0.01606000,0.01606000,0.01606000,301.30000000
1547643600,1547647199,0.01606000,0.01606000,0.01606000,0.01606000,0.00000000
1547647200,1547650799,0.01606000,0.01612000,0.01606000,0.01612000,747.00000000
1547650800,1547654399,0.01612000,0.01612000,0.01612000,0.01612000,0.00000000
1547654400,1547657999,0.01566000,0.01566000,0.01566000,0.01566000,1915.80000000
1547658000,1547661599,0.01566000,0.01566000,0.01566000,0.01566000,0.00000000
1547661600,1547665199,0.01566000,0.01566000,0.01566000,0.01566000,0.00000000
1547665200,1547668799,0.01566000,0.01566000,0.01566000,0.01566000,0.00000000
1547668800,1547672399,0.01566000,0.01566000,0.01566000,0.01566000,0.00000000
1547672400,1547675999,0.01566000,0.01566000,0.01566000,0.01566000,0.00000000
1547676000,1547679599,0.01566000,0.01566000,0.01566000,0.01566000,0.00000000
1547679600,1547683199,0.01566000,0.01566000,0.01566000,0.01566000,0.00000000
1547683200,1547686799,0.01566000,0.01566000,0.01566000,0.01566000,0.00000000
1547686800,1547690399,0.01596000,0.01707000,0.01596000,0.01663000,31044.00000000
1547690400,1547693999,0.01614000,0.01626000,0.01589000,0.01589000,1554.90000000
1547694000,1547697599,0.01582000,0.01639000,0.01582000,0.01622000,2709.70000000
1547697600,1547701199,0.01641000,0.01643000,0.01618000,0.01618000,1979.70000000
1547701200,1547704799,0.01595000,0.01595000,0.01595000,0.01595000,990.40000000
1547704800,1547708399,0.01639000,0.01639000,0.01590000,0.01590000,552.00000000
1547708400,1547711999,0.01593000,0.01593000,0.01593000,0.01593000,865.60000000
1547712000,1547715599,0.01593000,0.01593000,0.01593000,0.01593000,0.00000000
1547715600,1547719199,0.01609000,0.01611000,0.01609000,0.01611000,553.40000000
1547719200,1547722799,0.01629000,0.01629000,0.01625000,0.01625000,1597.10000000
1547722800,1547726399,0.01611000,0.01611000,0.01611000,0.01611000,856.00000000
1547726400,1547729999,0.01611000,0.01611000,0.01611000,0.01611000,0.00000000
1547730000,1547733599,0.01630000,0.01630000,0.01630000,0.01630000,278.20000000
1547733600,1547737199,0.01630000,0.01630000,0.01618000,0.01618000,1259.20000000
1547737200,1547740799,0.01618000,0.01618000,0.01618000,0.01618000,0.00000000
1547740800,1547744399,0.01618000,0.01618000,0.01618000,0.01618000,0.00000000
1547744400,1547747999,0.01618000,0.01618000,0.01618000,0.01618000,0.00000000
1547748000,1547751599,0.01618000,0.01618000,0.01618000,0.01618000,0.00000000
1547751600,1547755199,0.01618000,0.01618000,0.01618000,0.01618000,0.00000000
1547755200,1547758799,0.01625000,0.01625000,0.01618000,0.01618000,620.00000000
1547758800,1547762399,0.01596000,0.01596000,0.01596000,0.01596000,311.90000000
1547762400,1547765999,0.01619000,0.01619000,0.01601000,0.01601000,2031.70000000
1547766000,1547769599,0.01611000,0.01626000,0.01603000,0.01603000,6291.10000000
1547769600,1547773199,0.01608000,0.01608000,0.01598000,0.01601000,1079.90000000
1547773200,1547776799,0.01596000,0.01596000,0.01594000,0.01594000,371.90000000
1547776800,1547780399,0.01588000,0.01588000,0.01573000,0.01573000,5608.40000000
1547780400,1547783999,0.01573000,0.01573000,0.01571000,0.01571000,727.10000000
1547784000,1547787599,0.01568000,0.01568000,0.01544000,0.01551000,1174.90000000
1547787600,1547791199,0.01542000,0.01542000,0.01534000,0.01534000,519.30000000
1547791200,1547794799,0.01534000,0.01534000,0.01507000,0.01525000,2224.50000000
1547794800,1547798399,0.01512000,0.01521000,0.01512000,0.01521000,2437.50000000
1547798400,1547801999,0.01526000,0.01526000,0.01526000,0.01526000,1198.20000000
1547802000,1547805599,0.01526000,0.01526000,0.01526000,0.01526000,0.00000000
1547805600,1547809199,0.01526000,0.01526000,0.01526000,0.01526000,0.00000000
1547809200,1547812799,0.01526000,0.01526000,0.01526000,0.01526000,0.00000000
1547812800,1547816399,0.01494000,0.01494000,0.01441000,0.01490000,7321.10000000
1547816400,1547819999,0.01489000,0.01489000,0.01474000,0.01474000,334.90000000
1547820000,1547823599,0.01479000,0.01484000,0.01479000,0.01484000,800.00000000
1547823600,1547827199,0.01496000,0.01499000,0.01496000,0.01497000,818.40000000
1547827200,1547830799,0.01497000,0.01502000,0.01491000,0.01502000,5597.80000000
1547830800,1547834399,0.01497000,0.01497000,0.01497000,0.01497000,2220.10000000
1547834400,1547837999,0.01508000,0.01508000,0.01508000,0.01508000,175.00000000
1547838000,1547841599,0.01492000,0.01493000,0.01488000,0.01488000,1360.00000000
1547841600,1547845199,0.01499000,0.01499000,0.01499000,0.01499000,623.00000000
1547845200,1547848799,0.01504000,0.01508000,0.01498000,0.01499000,4171.60000000
1547848800,1547852399,0.01502000,0.01502000,0.01502000,0.01502000,1611.00000000
1547852400,1547855999,0.01495000,0.01501000,0.01495000,0.01501000,209.30000000
1547856000,1547859599,0.01504000,0.01515000,0.01504000,0.01515000,1149.70000000
1547859600,1547863199,0.01526000,0.01581000,0.01526000,0.01581000,3533.20000000
1547863200,1547866799,0.01547000,0.01586000,0.01542000,0.01586000,8960.80000000
1547866800,1547870399,0.01615000,0.01632000,0.01596000,0.01610000,12971.80000000
1547870400,1547873999,0.01623000,0.01632000,0.01623000,0.01631000,2090.60000000
1547874000,1547877599,0.01616000,0.01616000,0.01616000,0.01616000,61.90000000
1547877600,1547881199,0.01616000,0.01616000,0.01616000,0.01616000,0.00000000
1547881200,1547884799,0.01617000,0.01646000,0.01607000,0.01607000,16514.80000000
1547884800,1547888399,0.01607000,0.01607000,0.01597000,0.01597000,2257.80000000
1547888400,1547891999,0.01610000,0.01610000,0.01590000,0.01590000,25278.40000000
1547892000,1547895599,0.01597000,0.01608000,0.01594000,0.01608000,20154.50000000
1547895600,1547899199,0.01594000,0.01594000,0.01578000,0.01578000,146.40000000
1547899200,1547902799,0.01573000,0.01575000,0.01573000,0.01573000,2440.90000000
1547902800,1547906399,0.01574000,0.01675000,0.01574000,0.01635000,16532.30000000
1547906400,1547909999,0.01665000,0.02154000,0.01660000,0.02034000,71300.00000000
1547910000,1547913599,0.02064000,0.02097000,0.01702000,0.01790000,83952.60000000
1547913600,1547917199,0.01796000,0.01796000,0.01693000,0.01714000,30058.40000000
1547917200,1547920799,0.01720000,0.01734000,0.01688000,0.01701000,11842.80000000
1547920800,1547924399,0.01693000,0.01693000,0.01656000,0.01658000,1999.90000000
1547924400,1547927999,0.01634000,0.01707000,0.01627000,0.01672000,2304.20000000
1547928000,1547931599,0.01683000,0.01797000,0.01672000,0.01672000,17500.10000000
1547931600,1547935199,0.01674000,0.01738000,0.01674000,0.01738000,792.00000000
1547935200,1547938799,0.01738000,0.01738000,0.01738000,0.01738000,0.00000000
1547938800,1547942399,0.01636000,0.01701000,0.01636000,0.01701000,285.80000000
1547942400,1547945999,0.01684000,0.01799000,0.01679000,0.01714000,15228.90000000
1547946000,1547949599,0.01664000,0.01711000,0.01664000,0.01711000,904.00000000
1547949600,1547953199,0.01695000,0.01695000,0.01658000,0.01658000,254.50000000
1547953200,1547956799,0.01658000,0.01658000,0.01658000,0.01658000,61.00000000
1547956800,1547960399,0.01654000,0.01654000,0.01624000,0.01636000,5560.60000000
1547960400,1547963999,0.01643000,0.01654000,0.01641000,0.01642000,3475.60000000
1547964000,1547967599,0.01613000,0.01613000,0.01609000,0.01612000,1364.90000000
1547967600,1547971199,0.01612000,0.01612000,0.01612000,0.01612000,0.00000000
1547971200,1547974799,0.01612000,0.01612000,0.01612000,0.01612000,0.00000000
1547974800,1547978399,0.01649000,0.01649000,0.01649000,0.01649000,100.20000000
1547978400,1547981999,0.01616000,0.01616000,0.01600000,0.01613000,3551.00000000
1547982000,1547985599,0.01611000,0.01611000,0.01588000,0.01588000,188.10000000
1547985600,1547989199,0.01577000,0.01591000,0.01574000,0.01591000,4255.40000000
1547989200,1547992799,0.01591000,0.01591000,0.01583000,0.01583000,3501.20000000
1547992800,1547996399,0.01614000,0.01614000,0.01610000,0.01610000,928.70000000
1547996400,1547999999,0.01620000,0.01688000,0.01590000,0.01590000,8465.10000000
1548000000,1548003599,0.01589000,0.01650000,0.01291000,0.01563000,62959.40000000
1548003600,1548007199,0.01578000,0.01578000,0.01560000,0.01576000,8191.70000000
1548007200,1548010799,0.01563000,0.01566000,0.01540000,0.01561000,3431.40000000
1548010800,1548014399,0.01572000,0.01585000,0.01572000,0.01585000,3708.80000000
1548014400,1548017999,0.01585000,0.01585000,0.01585000,0.01585000,0.00000000
1548018000,1548021599,0.01598000,0.01615000,0.01598000,0.01615000,436.60000000
1548021600,1548025199,0.01615000,0.01615000,0.01615000,0.01615000,0.00000000
1548025200,1548028799,0.01615000,0.01615000,0.01615000,0.01615000,0.00000000
1548028800,1548032399,0.01615000,0.01615000,0.01603000,0.01603000,146.00000000
1548032400,1548035999,0.01603000,0.01603000,0.01603000,0.01603000,0.00000000
1548036000,1548039599,0.01576000,0.01576000,0.01576000,0.01576000,1094.70000000
1548039600,1548043199,0.01576000,0.01576000,0.01576000,0.01576000,0.00000000
1548043200,1548046799,0.01577000,0.01577000,0.01559000,0.01563000,1335.30000000
1548046800,1548050399,0.01553000,0.01553000,0.01547000,0.01547000,721.80000000
1548050400,1548053999,0.01547000,0.01547000,0.01547000,0.01547000,646.00000000
1548054000,1548057599,0.01548000,0.01548000,0.01542000,0.01542000,857.40000000
1548057600,1548061199,0.01542000,0.01542000,0.01542000,0.01542000,646.40000000
1548061200,1548064799,0.01552000,0.01562000,0.01535000,0.01549000,3595.80000000
1548064800,1548068399,0.01552000,0.01556000,0.01527000,0.01556000,873.50000000
1548068400,1548071999,0.01550000,0.01551000,0.01550000,0.01551000,264.50000000
1548072000,1548075599,0.01555000,0.01555000,0.01555000,0.01555000,64.30000000
1548075600,1548079199,0.01536000,0.01536000,0.01535000,0.01535000,1792.50000000
1548079200,1548082799,0.01555000,0.01642000,0.01555000,0.01564000,6020.80000000
1548082800,1548086399,0.01561000,0.01561000,0.01540000,0.01540000,957.70000000
1548086400,1548089999,0.01540000,0.01540000,0.01533000,0.01534000,2533.30000000
1548090000,1548093599,0.01545000,0.01545000,0.01545000,0.01545000,64.80000000
1548093600,1548097199,0.01555000,0.01555000,0.01542000,0.01542000,714.30000000
1548097200,1548100799,0.01557000,0.01569000,0.01557000,0.01568000,1168.90000000
1548100800,1548104399,0.01580000,0.01622000,0.01562000,0.01562000,973.00000000
1548104400,1548107999,0.01613000,0.01613000,0.01587000,0.01587000,396.00000000
1548108000,1548111599,0.01643000,0.01643000,0.01547000,0.01547000,1186.60000000
1548111600,1548115199,0.01566000,0.01589000,0.01566000,0.01567000,1083.80000000
1548115200,1548118799,0.01589000,0.01589000,0.01589000,0.01589000,1.10000000
1548118800,1548122399,0.01604000,0.01604000,0.01592000,0.01592000,466.10000000
1548122400,1548125999,0.01553000,0.01553000,0.01553000,0.01553000,614.00000000
1548126000,1548129599,0.01604000,0.01605000,0.01547000,0.01547000,2112.50000000
1548129600,1548133199,0.01547000,0.01547000,0.01547000,0.01547000,0.00000000
1548133200,1548136799,0.01564000,0.01642000,0.01547000,0.01574000,25903.60000000
1548136800,1548140399,0.01554000,0.01638000,0.01553000,0.01638000,898.40000000
1548140400,1548143999,0.01549000,0.01549000,0.01546000,0.01546000,447.70000000
1548144000,1548147599,0.01638000,0.01638000,0.01568000,0.01568000,335.20000000
1548147600,1548151199,0.01633000,0.01634000,0.01633000,0.01634000,1027.00000000
1548151200,1548154799,0.01634000,0.01634000,0.01634000,0.01634000,0.00000000
1548154800,1548158399,0.01567000,0.01567000,0.01567000,0.01567000,178.00000000
1548158400,1548161999,0.01567000,0.01567000,0.01567000,0.01567000,0.00000000
1548162000,1548165599,0.01604000,0.01829000,0.01604000,0.01804000,17216.60000000
1548165600,1548169199,0.01771000,0.01812000,0.01637000,0.01651000,17540.80000000
1548169200,1548172799,0.01672000,0.01672000,0.01613000,0.01647000,16105.60000000
1548172800,1548176399,0.01657000,0.01671000,0.01656000,0.01657000,9857.20000000
1548176400,1548179999,0.01673000,0.01690000,0.01661000,0.01690000,3541.50000000
1548180000,1548183599,0.01672000,0.01672000,0.01663000,0.01671000,3646.20000000
1548183600,1548187199,0.01671000,0.01671000,0.01670000,0.01670000,1992.20000000
1548187200,1548190799,0.01667000,0.01667000,0.01632000,0.01632000,5749.40000000
1548190800,1548194399,0.01645000,0.01646000,0.01641000,0.01646000,8338.10000000
1548194400,1548197999,0.01635000,0.01635000,0.01631000,0.01631000,648.00000000
1548198000,1548201599,0.01631000,0.01631000,0.01631000,0.01631000,367.80000000
1548201600,1548205199,0.01631000,0.01631000,0.01626000,0.01630000,544.20000000
1548205200,1548208799,0.01630000,0.01630000,0.01630000,0.01630000,0.00000000
1548208800,1548212399,0.01630000,0.01632000,0.01630000,0.01632000,2963.00000000
1548212400,1548215999,0.01642000,0.01642000,0.01632000,0.01632000,980.70000000
1548216000,1548219599,0.01629000,0.01629000,0.01629000,0.01629000,209.00000000
1548219600,1548223199,0.01635000,0.01640000,0.01635000,0.01640000,126.00000000
1548223200,1548226799,0.01640000,0.01640000,0.01640000,0.01640000,0.00000000
1548226800,1548230399,0.01635000,0.01635000,0.01635000,0.01635000,494.50000000
1548230400,1548233999,0.01635000,0.01635000,0.01635000,0.01635000,0.00000000
1548234000,1548237599,0.01658000,0.01747000,0.01658000,0.01747000,5075.30000000
1548237600,1548241199,0.01680000,0.01680000,0.01672000,0.01672000,2329.00000000
1548241200,1548244799,0.01670000,0.01889000,0.01670000,0.01885000,46291.20000000
1548244800,1548248399,0.01881000,0.01881000,0.01798000,0.01799000,10042.20000000
1548248400,1548251999,0.01794000,0.01794000,0.01766000,0.01766000,2995.10000000
1548252000,1548255599,0.01766000,0.01766000,0.01692000,0.01692000,13985.30000000
1548255600,1548259199,0.01696000,0.01725000,0.01696000,0.01725000,1129.10000000
1548259200,1548262799,0.01698000,0.01698000,0.01698000,0.01698000,6646.90000000
1548262800,1548266399,0.01698000,0.01706000,0.01688000,0.01688000,4033.40000000
1548266400,1548269999,0.01688000,0.01688000,0.01688000,0.01688000,0.00000000
1548270000,1548273599,0.01663000,0.01697000,0.01642000,0.01644000,3928.20000000
1548273600,1548277199,0.01615000,0.01627000,0.01566000,0.01591000,14772.90000000
1548277200,1548280799,0.01600000,0.01606000,0.01579000,0.01579000,3377.50000000
1548280800,1548284399,0.01615000,0.01616000,0.01598000,0.01616000,853.70000000
1548284400,1548287999,0.01638000,0.01646000,0.01638000,0.01639000,5394.70000000
1548288000,1548291599,0.01641000,0.01641000,0.01641000,0.01641000,810.90000000
1548291600,1548295199,0.01641000,0.01641000,0.01641000,0.01641000,0.00000000
1548295200,1548298799,0.01640000,0.01640000,0.01640000,0.01640000,62.10000000
1548298800,1548302399,0.01631000,0.01641000,0.01631000,0.01641000,571.00000000
1548302400,1548305999,0.01611000,0.01611000,0.01610000,0.01610000,1584.00000000
1548306000,1548309599,0.01614000,0.01614000,0.01606000,0.01614000,1344.10000000
1548309600,1548313199,0.01623000,0.01623000,0.01622000,0.01622000,871.00000000
1548313200,1548316799,0.01622000,0.01638000,0.01602000,0.01630000,4733.00000000
1548316800,1548320399,0.01639000,0.01648000,0.01639000,0.01646000,2245.00000000
1548320400,1548323999,0.01634000,0.01634000,0.01630000,0.01630000,1749.30000000
1548324000,1548327599,0.01638000,0.01639000,0.01634000,0.01634000,1646.00000000
1548327600,1548331199,0.01648000,0.01650000,0.01641000,0.01641000,2139.50000000
1548331200,1548334799,0.01637000,0.01637000,0.01637000,0.01637000,100.00000000
1548334800,1548338399,0.01637000,0.01637000,0.01637000,0.01637000,515.70000000
1548338400,1548341999,0.01632000,0.01632000,0.01632000,0.01632000,751.00000000
1548342000,1548345599,0.01632000,0.01632000,0.01632000,0.01632000,0.00000000
1548345600,1548349199,0.01632000,0.01632000,0.01632000,0.01632000,0.00000000
1548349200,1548352799,0.01647000,0.01656000,0.01644000,0.01656000,1182.90000000
1548352800,1548356399,0.01654000,0.01654000,0.01654000,0.01654000,109.90000000
1548356400,1548359999,0.01655000,0.01655000,0.01655000,0.01655000,250.00000000
1548360000,1548363599,0.01668000,0.01731000,0.01661000,0.01678000,18355.10000000
1548363600,1548367199,0.01662000,0.01711000,0.01662000,0.01674000,353.80000000
1548367200,1548370799,0.01666000,0.01666000,0.01665000,0.01665000,6779.40000000
1548370800,1548374399,0.01699000,0.01699000,0.01699000,0.01699000,575.00000000
1548374400,1548377999,0.01699000,0.01699000,0.01699000,0.01699000,0.00000000
1548378000,1548381599,0.01660000,0.01660000,0.01660000,0.01660000,346.00000000
1548381600,1548385199,0.01660000,0.01660000,0.01660000,0.01660000,0.00000000
1548385200,1548388799,0.01666000,0.01672000,0.01646000,0.01646000,2113.10000000
1548388800,1548392399,0.01646000,0.01646000,0.01646000,0.01646000,122.00000000
1548392400,1548395999,0.01646000,0.01646000,0.01640000,0.01640000,1104.00000000
1548396000,1548399599,0.01640000,0.01640000,0.01640000,0.01640000,0.00000000
1548399600,1548403199,0.01640000,0.01640000,0.01614000,0.01614000,4794.60000000
1548403200,1548406799,0.01608000,0.01608000,0.01599000,0.01599000,877.80000000
1548406800,1548410399,0.01579000,0.01579000,0.01579000,0.01579000,322.50000000
1548410400,1548413999,0.01562000,0.01562000,0.01560000,0.01560000,400.00000000
1548414000,1548417599,0.01563000,0.01638000,0.01560000,0.01584000,1500.70000000
1548417600,1548421199,0.01585000,0.01594000,0.01576000,0.01594000,965.00000000
1548421200,1548424799,0.01589000,0.01590000,0.01507000,0.01568000,29735.10000000
1548424800,1548428399,0.01572000,0.01577000,0.01572000,0.01577000,1808.80000000
1548428400,1548431999,0.01584000,0.01600000,0.01584000,0.01598000,4903.90000000
1548432000,1548435599,0.01582000,0.01582000,0.01558000,0.01561000,977.10000000
1548435600,1548439199,0.01564000,0.01564000,0.01564000,0.01564000,402.00000000
1548439200,1548442799,0.01554000,0.01570000,0.01554000,0.01570000,2193.20000000
1548442800,1548446399,0.01570000,0.01570000,0.01570000,0.01570000,306.40000000
1548446400,1548449999,0.01566000,0.01600000,0.01538000,0.01542000,15142.20000000
1548450000,1548453599,0.01546000,0.01546000,0.01527000,0.01541000,1693.50000000
1548453600,1548457199,0.01550000,0.01563000,0.01549000,0.01563000,3508.60000000
1548457200,1548460799,0.01554000,0.01554000,0.01553000,0.01553000,1877.80000000
1548460800,1548464399,0.01565000,0.01565000,0.01565000,0.01565000,63.90000000
1548464400,1548467999,0.01565000,0.01565000,0.01565000,0.01565000,0.00000000
1548468000,1548471599,0.01565000,0.01565000,0.01565000,0.01565000,0.00000000
1548471600,1548475199,0.01565000,0.01565000,0.01565000,0.01565000,0.00000000
1548475200,1548478799,0.01555000,0.01555000,0.01555000,0.01555000,300.00000000
1548478800,1548482399,0.01555000,0.01576000,0.01553000,0.01553000,2163.30000000
1548482400,1548485999,0.01546000,0.01546000,0.01546000,0.01546000,643.00000000
1548486000,1548489599,0.01554000,0.01566000,0.01547000,0.01562000,9038.00000000
1548489600,1548493199,0.01562000,0.01562000,0.01545000,0.01545000,7268.90000000
1548493200,1548496799,0.01536000,0.01536000,0.01529000,0.01529000,325.40000000
1548496800,1548500399,0.01527000,0.01527000,0.01527000,0.01527000,432.20000000
1548500400,1548503999,0.01527000,0.01529000,0.01511000,0.01529000,2207.80000000
1548504000,1548507599,0.01529000,0.01565000,0.01529000,0.01565000,3831.70000000
1548507600,1548511199,0.01568000,0.01572000,0.01393000,0.01527000,30748.00000000
1548511200,1548514799,0.01527000,0.01527000,0.01527000,0.01527000,0.00000000
1548514800,1548518399,0.01523000,0.01523000,0.01509000,0.01509000,6800.00000000
1548518400,1548521999,0.01520000,0.01520000,0.01489000,0.01506000,1627.90000000
1548522000,1548525599,0.01506000,0.01506000,0.01506000,0.01506000,0.00000000
1548525600,1548529199,0.01484000,0.01496000,0.01474000,0.01474000,3541.10000000
1548529200,1548532799,0.01470000,0.01470000,0.01463000,0.01465000,5523.70000000
1548532800,1548536399,0.01475000,0.01479000,0.01475000,0.01479000,256.60000000
1548536400,1548539999,0.01483000,0.01483000,0.01475000,0.01475000,2103.30000000
1548540000,1548543599,0.01475000,0.01475000,0.01475000,0.01475000,0.00000000
1548543600,1548547199,0.01475000,0.01475000,0.01475000,0.01475000,2385.80000000
1548547200,1548550799,0.01467000,0.01467000,0.01467000,0.01467000,670.30000000
1548550800,1548554399,0.01475000,0.01475000,0.01475000,0.01475000,1390.00000000
1548554400,1548557999,0.01483000,0.01487000,0.01483000,0.01487000,236.30000000
1548558000,1548561599,0.01468000,0.01468000,0.01468000,0.01468000,1104.00000000
1548561600,1548565199,0.01466000,0.01466000,0.01466000,0.01466000,282.00000000
1548565200,1548568799,0.01465000,0.01467000,0.01421000,0.01421000,2957.10000000
1548568800,1548572399,0.01423000,0.01423000,0.01423000,0.01423000,913.00000000
1548572400,1548575999,0.01423000,0.01423000,0.01423000,0.01423000,0.00000000
1548576000,1548579599,0.01388000,0.01388000,0.01388000,0.01388000,144.00000000
1548579600,1548583199,0.01400000,0.01400000,0.01390000,0.01390000,328.30000000
1548583200,1548586799,0.01394000,0.01397000,0.01391000,0.01397000,705.00000000
1548586800,1548590399,0.01401000,0.01401000,0.01386000,0.01386000,329.80000000
1548590400,1548593999,0.01373000,0.01373000,0.01373000,0.01373000,637.00000000
1548594000,1548597599,0.01396000,0.01408000,0.01396000,0.01401000,3094.60000000
1548597600,1548601199,0.01398000,0.01398000,0.01383000,0.01383000,2097.70000000
1548601200,1548604799,0.01383000,0.01383000,0.01383000,0.01383000,0.00000000
1548604800,1548608399,0.01382000,0.01397000,0.01382000,0.01397000,806.60000000
1548608400,1548611999,0.01386000,0.01386000,0.01382000,0.01382000,1430.00000000
1548612000,1548615599,0.01364000,0.01375000,0.01363000,0.01375000,1211.90000000
1548615600,1548619199,0.01435000,0.01436000,0.01380000,0.01380000,379.70000000
1548619200,1548622799,0.01380000,0.01380000,0.01380000,0.01380000,0.00000000
1548622800,1548626399,0.01370000,0.01370000,0.01370000,0.01370000,218.00000000
1548626400,1548629999,0.01380000,0.01380000,0.01380000,0.01380000,139.00000000
1548630000,1548633599,0.01370000,0.01370000,0.01370000,0.01370000,125.00000000
1548633600,1548637199,0.01370000,0.01370000,0.01370000,0.01370000,0.00000000
1548637200,1548640799,0.01365000,0.01365000,0.01351000,0.01351000,2075.00000000
1548640800,1548644399,0.01354000,0.01354000,0.01343000,0.01343000,412.10000000
1548644400,1548647999,0.01333000,0.01333000,0.01322000,0.01327000,669.40000000
1548648000,1548651599,0.01323000,0.01379000,0.01323000,0.01373000,6126.00000000
1548651600,1548655199,0.01367000,0.01367000,0.01367000,0.01367000,263.30000000
1548655200,1548658799,0.01393000,0.01394000,0.01369000,0.01369000,2444.60000000
1548658800,1548662399,0.01344000,0.01392000,0.01328000,0.01328000,1810.80000000
1548662400,1548665999,0.01332000,0.01332000,0.01332000,0.01332000,1640.70000000
1548666000,1548669599,0.01360000,0.01361000,0.01355000,0.01355000,8264.00000000
1548669600,1548673199,0.01352000,0.01352000,0.01327000,0.01327000,307.00000000
1548673200,1548676799,0.01310000,0.01321000,0.01307000,0.01307000,1476.70000000
1548676800,1548680399,0.01307000,0.01307000,0.01300000,0.01300000,1143.00000000
1548680400,1548683999,0.01294000,0.01297000,0.01281000,0.01297000,1382.00000000
1548684000,1548687599,0.01315000,0.01345000,0.01314000,0.01345000,1178.70000000
1548687600,1548691199,0.01364000,0.01484000,0.01364000,0.01458000,6317.10000000
1548691200,1548694799,0.01428000,0.01435000,0.01417000,0.01435000,4201.50000000
1548694800,1548698399,0.01431000,0.01431000,0.01416000,0.01416000,990.40000000
1548698400,1548701999,0.01416000,0.01416000,0.01416000,0.01416000,0.00000000
1548702000,1548705599,0.01434000,0.01434000,0.01433000,0.01433000,2662.00000000
1548705600,1548709199,0.01433000,0.01433000,0.01433000,0.01433000,0.00000000
1548709200,1548712799,0.01424000,0.01424000,0.01424000,0.01424000,196.10000000
1548712800,1548716399,0.01424000,0.01424000,0.01424000,0.01424000,0.00000000
1548716400,1548719999,0.01442000,0.01443000,0.01442000,0.01443000,676.00000000
1548720000,1548723599,0.01458000,0.01458000,0.01447000,0.01448000,2303.30000000
1548723600,1548727199,0.01455000,0.01455000,0.01455000,0.01455000,462.00000000
1548727200,1548730799,0.01455000,0.01455000,0.01455000,0.01455000,0.00000000
1548730800,1548734399,0.01455000,0.01455000,0.01455000,0.01455000,0.00000000
1548734400,1548737999,0.01464000,0.01470000,0.01464000,0.01470000,889.80000000
1548738000,1548741599,0.01476000,0.01487000,0.01469000,0.01469000,2503.80000000
1548741600,1548745199,0.01465000,0.01469000,0.01464000,0.01466000,1711.40000000
1548745200,1548748799,0.01466000,0.01466000,0.01466000,0.01466000,0.00000000
1548748800,1548752399,0.01466000,0.01466000,0.01466000,0.01466000,0.00000000
1548752400,1548755999,0.01466000,0.01466000,0.01466000,0.01466000,0.00000000
1548756000,1548759599,0.01466000,0.01466000,0.01466000,0.01466000,0.00000000
1548759600,1548763199,0.01460000,0.01469000,0.01458000,0.01469000,3891.70000000
1548763200,1548766799,0.01468000,0.01508000,0.01468000,0.01498000,8606.20000000
1548766800,1548770399,0.01465000,0.01465000,0.01465000,0.01465000,214.80000000
1548770400,1548773999,0.01475000,0.01488000,0.01475000,0.01480000,2878.00000000
1548774000,1548777599,0.01498000,0.01498000,0.01498000,0.01498000,136.00000000
1548777600,1548781199,0.01502000,0.01521000,0.01502000,0.01521000,889.70000000
1548781200,1548784799,0.01499000,0.01499000,0.01498000,0.01498000,446.40000000
1548784800,1548788399,0.01505000,0.01515000,0.01498000,0.01503000,2006.00000000
1548788400,1548791999,0.01519000,0.01519000,0.01518000,0.01518000,541.70000000
1548792000,1548795599,0.01525000,0.01529000,0.01515000,0.01529000,1413.40000000
1548795600,1548799199,0.01529000,0.01529000,0.01529000,0.01529000,0.00000000
1548799200,1548802799,0.01521000,0.01521000,0.01515000,0.01515000,696.40000000
1548802800,1548806399,0.01513000,0.01513000,0.01504000,0.01504000,1186.80000000
1548806400,1548809999,0.01504000,0.01521000,0.01475000,0.01521000,661.60000000
1548810000,1548813599,0.01521000,0.01521000,0.01521000,0.01521000,0.00000000
1548813600,1548817199,0.01510000,0.01510000,0.01510000,0.01510000,433.70000000
1548817200,1548820799,0.01510000,0.01510000,0.01510000,0.01510000,0.00000000
1548820800,1548824399,0.01506000,0.01507000,0.01506000,0.01507000,722.50000000
1548824400,1548827999,0.01507000,0.01507000,0.01507000,0.01507000,0.00000000
1548828000,1548831599,0.01523000,0.01523000,0.01523000,0.01523000,269.60000000
1548831600,1548835199,0.01523000,0.01523000,0.01523000,0.01523000,0.00000000
1548835200,1548838799,0.01523000,0.01523000,0.01523000,0.01523000,0.00000000
1548838800,1548842399,0.01523000,0.01529000,0.01523000,0.01529000,1261.90000000
1548842400,1548845999,0.01529000,0.01529000,0.01529000,0.01529000,0.00000000
1548846000,1548849599,0.01513000,0.01513000,0.01513000,0.01513000,130.00000000
1548849600,1548853199,0.01524000,0.01525000,0.01524000,0.01525000,1367.00000000
1548853200,1548856799,0.01517000,0.01522000,0.01517000,0.01522000,476.40000000
1548856800,1548860399,0.01516000,0.01516000,0.01516000,0.01516000,1592.50000000
1548860400,1548863999,0.01520000,0.01520000,0.01520000,0.01520000,157.00000000
1548864000,1548867599,0.01520000,0.01520000,0.01520000,0.01520000,132.50000000
1548867600,1548871199,0.01520000,0.01550000,0.01520000,0.01540000,1849.30000000
1548871200,1548874799,0.01520000,0.01558000,0.01503000,0.01522000,4117.30000000
1548874800,1548878399,0.01539000,0.01539000,0.01539000,0.01539000,131.80000000
1548878400,1548881999,0.01539000,0.01539000,0.01539000,0.01539000,0.00000000
1548882000,1548885599,0.01539000,0.01539000,0.01539000,0.01539000,0.00000000
1548885600,1548889199,0.01539000,0.01539000,0.01539000,0.01539000,78.00000000
1548889200,1548892799,0.01539000,0.01539000,0.01539000,0.01539000,0.00000000
1548892800,1548896399,0.01538000,0.01538000,0.01538000,0.01538000,130.00000000
1548896400,1548899999,0.01538000,0.01538000,0.01538000,0.01538000,0.00000000
1548900000,1548903599,0.01538000,0.01538000,0.01538000,0.01538000,0.00000000
1548903600,1548907199,0.01538000,0.01538000,0.01538000,0.01538000,0.00000000
1548907200,1548910799,0.01525000,0.01525000,0.01525000,0.01525000,116.00000000
1548910800,1548914399,0.01525000,0.01525000,0.01525000,0.01525000,0.00000000
1548914400,1548917999,0.01525000,0.01525000,0.01525000,0.01525000,200.00000000
1548918000,1548921599,0.01509000,0.01510000,0.01509000,0.01510000,2218.00000000
1548921600,1548925199,0.01510000,0.01510000,0.01493000,0.01493000,1296.00000000
1548925200,1548928799,0.01494000,0.01494000,0.01489000,0.01489000,10647.90000000
1548928800,1548932399,0.01465000,0.01465000,0.01461000,0.01461000,713.60000000
1548932400,1548935999,0.01470000,0.01470000,0.01457000,0.01457000,613.40000000
1548936000,1548939599,0.01469000,0.01469000,0.01440000,0.01440000,984.60000000
1548939600,1548943199,0.01449000,0.01449000,0.01449000,0.01449000,109.90000000
1548943200,1548946799,0.01448000,0.01448000,0.01448000,0.01448000,712.00000000
1548946800,1548950399,0.01457000,0.01457000,0.01457000,0.01457000,1261.40000000
1548950400,1548953999,0.01457000,0.01457000,0.01457000,0.01457000,0.00000000
1548954000,1548957599,0.01453000,0.01453000,0.01431000,0.01442000,1360.80000000
1548957600,1548961199,0.01426000,0.01426000,0.01415000,0.01415000,361.20000000
1548961200,1548964799,0.01425000,0.01430000,0.01425000,0.01430000,534.50000000
1548964800,1548968399,0.01440000,0.01440000,0.01440000,0.01440000,435.00000000
1548968400,1548971999,0.01441000,0.01441000,0.01441000,0.01441000,69.40000000
1548972000,1548975599,0.01420000,0.01420000,0.01420000,0.01420000,210.00000000
1548975600,1548979199,0.01443000,0.01443000,0.01420000,0.01420000,464.50000000
1548979200,1548982799,0.01414000,0.01414000,0.01414000,0.01414000,811.00000000
1548982800,1548986399,0.01414000,0.01414000,0.01414000,0.01414000,0.00000000
1548986400,1548989999,0.01419000,0.01419000,0.01404000,0.01404000,1180.90000000
1548990000,1548993599,0.01404000,0.01404000,0.01404000,0.01404000,0.00000000
1548993600,1548997199,0.01435000,0.01435000,0.01419000,0.01419000,249.40000000
1548997200,1549000799,0.01419000,0.01419000,0.01419000,0.01419000,0.00000000
1549000800,1549004399,0.01419000,0.01419000,0.01419000,0.01419000,0.00000000
1549004400,1549007999,0.01395000,0.01395000,0.01393000,0.01393000,664.90000000
1549008000,1549011599,0.01375000,0.01375000,0.01358000,0.01358000,1468.80000000
1549011600,1549015199,0.01398000,0.01398000,0.01372000,0.01372000,616.20000000
1549015200,1549018799,0.01379000,0.01379000,0.01360000,0.01360000,3927.20000000
1549018800,1549022399,0.01358000,0.01358000,0.01358000,0.01358000,212.00000000
1549022400,1549025999,0.01379000,0.01379000,0.01379000,0.01379000,1634.60000000
1549026000,1549029599,0.01385000,0.01385000,0.01385000,0.01385000,565.10000000
1549029600,1549033199,0.01386000,0.01386000,0.01386000,0.01386000,463.90000000
1549033200,1549036799,0.01394000,0.01394000,0.01385000,0.01385000,697.80000000
1549036800,1549040399,0.01385000,0.01385000,0.01385000,0.01385000,0.00000000
1549040400,1549043999,0.01385000,0.01385000,0.01385000,0.01385000,0.00000000
1549044000,1549047599,0.01385000,0.01385000,0.01385000,0.01385000,0.00000000
1549047600,1549051199,0.01385000,0.01385000,0.01385000,0.01385000,0.00000000
1549051200,1549054799,0.01385000,0.01385000,0.01385000,0.01385000,0.00000000
1549054800,1549058399,0.01391000,0.01391000,0.01378000,0.01381000,1456.30000000
1549058400,1549061999,0.01381000,0.01381000,0.01381000,0.01381000,0.00000000
1549062000,1549065599,0.01381000,0.01381000,0.01381000,0.01381000,0.00000000
1549065600,1549069199,0.01381000,0.01381000,0.01381000,0.01381000,0.00000000
1549069200,1549072799,0.01381000,0.01381000,0.01381000,0.01381000,0.00000000
1549072800,1549076399,0.01381000,0.01381000,0.01381000,0.01381000,0.00000000
1549076400,1549079999,0.01381000,0.01381000,0.01381000,0.01381000,0.00000000
1549080000,1549083599,0.01374000,0.01374000,0.01369000,0.01369000,1410.00000000
1549083600,1549087199,0.01369000,0.01369000,0.01369000,0.01369000,0.00000000
1549087200,1549090799,0.01369000,0.01369000,0.01369000,0.01369000,0.00000000
1549090800,1549094399,0.01370000,0.01370000,0.01353000,0.01363000,382.20000000
1549094400,1549097999,0.01363000,0.01363000,0.01363000,0.01363000,0.00000000
1549098000,1549101599,0.01348000,0.01348000,0.01338000,0.01347000,666.00000000
1549101600,1549105199,0.01348000,0.01348000,0.01348000,0.01348000,74.20000000
1549105200,1549108799,0.01348000,0.01348000,0.01348000,0.01348000,0.00000000
1549108800,1549112399,0.01359000,0.01370000,0.01359000,0.01370000,715.80000000
1549112400,1549115999,0.01370000,0.01370000,0.01370000,0.01370000,0.00000000
1549116000,1549119599,0.01370000,0.01370000,0.01370000,0.01370000,0.00000000
1549119600,1549123199,0.01344000,0.01344000,0.01344000,0.01344000,296.30000000
1549123200,1549126799,0.01344000,0.01344000,0.01344000,0.01344000,0.00000000
1549126800,1549130399,0.01345000,0.01368000,0.01333000,0.01333000,9061.20000000
1549130400,1549133999,0.01365000,0.01408000,0.01357000,0.01385000,13484.70000000
1549134000,1549137599,0.01376000,0.01376000,0.01368000,0.01368000,3478.00000000
1549137600,1549141199,0.01362000,0.01371000,0.01362000,0.01371000,77.50000000
1549141200,1549144799,0.01370000,0.01401000,0.01370000,0.01401000,452.00000000
1549144800,1549148399,0.01401000,0.01401000,0.01401000,0.01401000,226.60000000
1549148400,1549151999,0.01401000,0.01401000,0.01401000,0.01401000,0.00000000
1549152000,1549155599,0.01383000,0.01383000,0.01383000,0.01383000,226.30000000
1549155600,1549159199,0.01383000,0.01383000,0.01383000,0.01383000,84.00000000
1549159200,1549162799,0.01383000,0.01383000,0.01383000,0.01383000,0.00000000
1549162800,1549166399,0.01383000,0.01383000,0.01383000,0.01383000,73.00000000
1549166400,1549169999,0.01383000,0.01383000,0.01383000,0.01383000,0.00000000
1549170000,1549173599,0.01370000,0.01370000,0.01370000,0.01370000,346.90000000
1549173600,1549177199,0.01370000,0.01370000,0.01370000,0.01370000,0.00000000
1549177200,1549180799,0.01401000,0.01426000,0.01391000,0.01391000,14315.70000000
1549180800,1549184399,0.01387000,0.01387000,0.01348000,0.01348000,4824.40000000
1549184400,1549187999,0.01348000,0.01348000,0.01348000,0.01348000,0.00000000
1549188000,1549191599,0.01348000,0.01348000,0.01348000,0.01348000,0.00000000
1549191600,1549195199,0.01348000,0.01348000,0.01348000,0.01348000,0.00000000
1549195200,1549198799,0.01405000,0.01408000,0.01356000,0.01371000,7053.30000000
1549198800,1549202399,0.01375000,0.01375000,0.01375000,0.01375000,232.30000000
1549202400,1549205999,0.01353000,0.01353000,0.01353000,0.01353000,118.40000000
1549206000,1549209599,0.01352000,0.01352000,0.01347000,0.01347000,787.00000000
1549209600,1549213199,0.01347000,0.01347000,0.01347000,0.01347000,494.80000000
1549213200,1549216799,0.01346000,0.01346000,0.01339000,0.01339000,326.20000000
1549216800,1549220399,0.01352000,0.01352000,0.01352000,0.01352000,208.90000000
1549220400,1549223999,0.01355000,0.01362000,0.01355000,0.01362000,595.50000000
1549224000,1549227599,0.01362000,0.01362000,0.01362000,0.01362000,0.00000000
1549227600,1549231199,0.01350000,0.01350000,0.01350000,0.01350000,2808.80000000
1549231200,1549234799,0.01347000,0.01347000,0.01347000,0.01347000,75.00000000
1549234800,1549238399,0.01338000,0.01338000,0.01337000,0.01337000,486.00000000
1549238400,1549241999,0.01357000,0.01357000,0.01325000,0.01325000,159.10000000
1549242000,1549245599,0.01337000,0.01337000,0.01337000,0.01337000,373.90000000
1549245600,1549249199,0.01337000,0.01337000,0.01337000,0.01337000,0.00000000
1549249200,1549252799,0.01337000,0.01337000,0.01337000,0.01337000,0.00000000
1549252800,1549256399,0.01337000,0.01337000,0.01337000,0.01337000,0.00000000
1549256400,1549259999,0.01337000,0.01337000,0.01337000,0.01337000,0.00000000
1549260000,1549263599,0.01314000,0.01324000,0.01314000,0.01324000,230.70000000
1549263600,1549267199,0.01324000,0.01324000,0.01324000,0.01324000,0.00000000
1549267200,1549270799,0.01310000,0.01322000,0.01298000,0.01302000,1631.00000000
1549270800,1549274399,0.01294000,0.01294000,0.01294000,0.01294000,227.70000000
1549274400,1549277999,0.01294000,0.01294000,0.01294000,0.01294000,0.00000000
1549278000,1549281599,0.01294000,0.01294000,0.01294000,0.01294000,0.00000000
1549281600,1549285199,0.01294000,0.01294000,0.01241000,0.01294000,7087.30000000
1549285200,1549288799,0.01294000,0.01294000,0.01294000,0.01294000,0.00000000
1549288800,1549292399,0.01280000,0.01285000,0.01275000,0.01285000,313.30000000
1549292400,1549295999,0.01271000,0.01271000,0.01238000,0.01257000,1130.40000000
1549296000,1549299599,0.01257000,0.01257000,0.01257000,0.01257000,0.00000000
1549299600,1549303199,0.01280000,0.01280000,0.01272000,0.01272000,631.70000000
1549303200,1549306799,0.01272000,0.01272000,0.01272000,0.01272000,0.00000000
1549306800,1549310399,0.01270000,0.01270000,0.01263000,0.01263000,393.70000000
1549310400,1549313999,0.01268000,0.01297000,0.01268000,0.01297000,779.10000000
1549314000,1549317599,0.01297000,0.01297000,0.01297000,0.01297000,0.00000000
1549317600,1549321199,0.01278000,0.01278000,0.01278000,0.01278000,293.00000000
1549321200,1549324799,0.01278000,0.01278000,0.01278000,0.01278000,0.00000000
1549324800,1549328399,0.01282000,0.01282000,0.01282000,0.01282000,572.30000000
1549328400,1549331999,0.01282000,0.01282000,0.01282000,0.01282000,490.00000000
1549332000,1549335599,0.01282000,0.01282000,0.01282000,0.01282000,0.00000000
1549335600,1549339199,0.01282000,0.01282000,0.01282000,0.01282000,0.00000000
1549339200,1549342799,0.01282000,0.01282000,0.01282000,0.01282000,0.00000000
1549342800,1549346399,0.01278000,0.01278000,0.01278000,0.01278000,3264.30000000
1549346400,1549349999,0.01285000,0.01318000,0.01280000,0.01280000,602.70000000
1549350000,1549353599,0.01276000,0.01299000,0.01276000,0.01299000,1508.30000000
1549353600,1549357199,0.01324000,0.01364000,0.01317000,0.01319000,10830.90000000
1549357200,1549360799,0.01292000,0.01292000,0.01276000,0.01276000,2239.00000000
1549360800,1549364399,0.01276000,0.01276000,0.01276000,0.01276000,0.00000000
1549364400,1549367999,0.01276000,0.01276000,0.01276000,0.01276000,0.00000000
1549368000,1549371599,0.01276000,0.01276000,0.01276000,0.01276000,0.00000000
1549371600,1549375199,0.01276000,0.01276000,0.01276000,0.01276000,0.00000000
1549375200,1549378799,0.01276000,0.01276000,0.01276000,0.01276000,0.00000000
1549378800,1549382399,0.01283000,0.01322000,0.01283000,0.01322000,826.20000000
1549382400,1549385999,0.01322000,0.01364000,0.01298000,0.01298000,4389.50000000
1549386000,1549389599,0.01268000,0.01268000,0.01233000,0.01233000,689.70000000
1549389600,1549393199,0.01204000,0.01267000,0.01134000,0.01184000,2320.50000000
1549393200,1549396799,0.01209000,0.01219000,0.01194000,0.01219000,1129.60000000
1549396800,1549400399,0.01219000,0.01219000,0.01219000,0.01219000,0.00000000
1549400400,1549403999,0.01189000,0.01189000,0.01189000,0.01189000,389.00000000
1549404000,1549407599,0.01165000,0.01165000,0.01162000,0.01162000,2443.00000000
1549407600,1549411199,0.01195000,0.01195000,0.01174000,0.01174000,777.00000000
1549411200,1549414799,0.01167000,0.01232000,0.01167000,0.01225000,11280.50000000
1549414800,1549418399,0.01213000,0.01225000,0.01176000,0.01204000,9851.00000000
1549418400,1549421999,0.01204000,0.01204000,0.01180000,0.01180000,22710.50000000
1549422000,1549425599,0.01190000,0.01190000,0.01190000,0.01190000,354.80000000
1549425600,1549429199,0.01183000,0.01183000,0.01128000,0.01143000,1990.70000000
1549429200,1549432799,0.01132000,0.01132000,0.01103000,0.01114000,22859.60000000
1549432800,1549436399,0.01088000,0.01106000,0.01077000,0.01080000,7901.70000000
1549436400,1549439999,0.01083000,0.01083000,0.01080000,0.01080000,328.20000000
1549440000,1549443599,0.01087000,0.01087000,0.01080000,0.01080000,641.50000000
1549443600,1549447199,0.01081000,0.01093000,0.01081000,0.01093000,822.00000000
1549447200,1549450799,0.01076000,0.01139000,0.01076000,0.01139000,1427.90000000
1549450800,1549454399,0.01127000,0.01127000,0.01127000,0.01127000,287.50000000
1549454400,1549457999,0.01165000,0.01177000,0.01136000,0.01142000,2033.60000000
1549458000,1549461599,0.01123000,0.01123000,0.01123000,0.01123000,549.80000000
1549461600,1549465199,0.01123000,0.01123000,0.01123000,0.01123000,0.00000000
1549465200,1549468799,0.01123000,0.01123000,0.01123000,0.01123000,0.00000000
1549468800,1549472399,0.01123000,0.01123000,0.01122000,0.01122000,3584.80000000
1549472400,1549475999,0.01119000,0.01126000,0.01115000,0.01115000,3569.90000000
1549476000,1549479599,0.01130000,0.01132000,0.01130000,0.01132000,5999.50000000
1549479600,1549483199,0.01132000,0.01132000,0.01129000,0.01129000,3500.00000000
1549483200,1549486799,0.01129000,0.01129000,0.01129000,0.01129000,0.00000000
1549486800,1549490399,0.01130000,0.01130000,0.01126000,0.01126000,1111.90000000
1549490400,1549493999,0.01119000,0.01119000,0.01119000,0.01119000,178.70000000
1549494000,1549497599,0.01146000,0.01147000,0.01142000,0.01142000,2157.20000000
1549497600,1549501199,0.01142000,0.01142000,0.01142000,0.01142000,0.00000000
1549501200,1549504799,0.01142000,0.01142000,0.01142000,0.01142000,0.00000000
1549504800,1549508399,0.01119000,0.01134000,0.01119000,0.01134000,3876.00000000
1549508400,1549511999,0.01134000,0.01134000,0.01134000,0.01134000,218.00000000
1549512000,1549515599,0.01130000,0.01130000,0.01103000,0.01103000,1226.90000000
1549515600,1549519199,0.01122000,0.01130000,0.01111000,0.01130000,1888.20000000
1549519200,1549522799,0.01131000,0.01134000,0.01127000,0.01127000,1289.60000000
1549522800,1549526399,0.01127000,0.01127000,0.01127000,0.01127000,0.00000000
1549526400,1549529999,0.01121000,0.01136000,0.01120000,0.01136000,1091.20000000
1549530000,1549533599,0.01136000,0.01136000,0.01136000,0.01136000,0.00000000
1549533600,1549537199,0.01188000,0.01188000,0.01169000,0.01188000,1104.60000000
1549537200,1549540799,0.01198000,0.01228000,0.01193000,0.01205000,11713.40000000
1549540800,1549544399,0.01205000,0.01231000,0.01167000,0.01185000,2667.30000000
1549544400,1549547999,0.01202000,0.01203000,0.01202000,0.01203000,289.90000000
1549548000,1549551599,0.01229000,0.01289000,0.01199000,0.01224000,10650.90000000
1549551600,1549555199,0.01223000,0.01234000,0.01223000,0.01224000,2569.20000000
1549555200,1549558799,0.01232000,0.01256000,0.01232000,0.01243000,5168.50000000
1549558800,1549562399,0.01240000,0.01240000,0.01217000,0.01235000,3848.40000000
1549562400,1549565999,0.01235000,0.01235000,0.01235000,0.01235000,0.00000000
1549566000,1549569599,0.01229000,0.01265000,0.01229000,0.01265000,48815.80000000
1549569600,1549573199,0.01252000,0.01252000,0.01226000,0.01226000,5261.00000000
1549573200,1549576799,0.01226000,0.01226000,0.01226000,0.01226000,0.00000000
1549576800,1549580399,0.01250000,0.01250000,0.01250000,0.01250000,808.70000000
1549580400,1549583999,0.01247000,0.01267000,0.01240000,0.01267000,52534.60000000
1549584000,1549587599,0.01277000,0.01890000,0.01272000,0.01877000,197689.40000000
1549587600,1549591199,0.01868000,0.01918000,0.01702000,0.01703000,99631.80000000
1549591200,1549594799,0.01664000,0.01868000,0.01611000,0.01782000,139454.40000000
1549594800,1549598399,0.01776000,0.01908000,0.01723000,0.01908000,108194.50000000
1549598400,1549601999,0.01884000,0.01900000,0.01750000,0.01750000,78809.80000000
1549602000,1549605599,0.01744000,0.01769000,0.01677000,0.01677000,48860.10000000
1549605600,1549609199,0.01672000,0.01982000,0.01671000,0.01701000,77071.20000000
1549609200,1549612799,0.01691000,0.01826000,0.01691000,0.01781000,31084.10000000
1549612800,1549616399,0.01773000,0.01812000,0.01700000,0.01700000,29197.50000000
1549616400,1549619999,0.01700000,0.01703000,0.01590000,0.01590000,25173.30000000
1549620000,1549623599,0.01609000,0.01610000,0.01516000,0.01543000,12628.40000000
1549623600,1549627199,0.01533000,0.01556000,0.01490000,0.01555000,24554.60000000
1549627200,1549630799,0.01544000,0.01590000,0.01536000,0.01536000,29874.30000000
1549630800,1549634399,0.01541000,0.01541000,0.01445000,0.01451000,20404.20000000
1549634400,1549637999,0.01451000,0.01469000,0.01387000,0.01409000,21668.50000000
1549638000,1549641599,0.01408000,0.01409000,0.01359000,0.01359000,5126.90000000
1549641600,1549645199,0.01384000,0.01496000,0.01327000,0.01430000,41597.60000000
1549645200,1549648799,0.01427000,0.01560000,0.01300000,0.01361000,68543.60000000
1549648800,1549652399,0.01363000,0.01363000,0.01316000,0.01345000,65847.60000000
1549652400,1549655999,0.01348000,0.01362000,0.01348000,0.01350000,4113.50000000
1549656000,1549659599,0.01340000,0.01385000,0.01328000,0.01362000,47339.40000000
1549659600,1549663199,0.01363000,0.01378000,0.01347000,0.01347000,30995.70000000
1549663200,1549666799,0.01356000,0.01386000,0.01323000,0.01328000,13400.90000000
1549666800,1549670399,0.01310000,0.01340000,0.01270000,0.01339000,69596.90000000
1549670400,1549673999,0.01315000,0.01315000,0.01276000,0.01276000,21618.70000000
1549674000,1549677599,0.01286000,0.01306000,0.01281000,0.01289000,6400.60000000
1549677600,1549681199,0.01289000,0.01303000,0.01270000,0.01286000,7919.50000000
1549681200,1549684799,0.01286000,0.01306000,0.01268000,0.01297000,5549.20000000
1549684800,1549688399,0.01297000,0.01297000,0.01291000,0.01291000,1558.30000000
1549688400,1549691999,0.01328000,0.01328000,0.01294000,0.01294000,1468.00000000
1549692000,1549695599,0.01325000,0.01331000,0.01288000,0.01290000,13215.10000000
1549695600,1549699199,0.01289000,0.01289000,0.01289000,0.01289000,1593.40000000
1549699200,1549702799,0.01288000,0.01289000,0.01253000,0.01264000,6831.30000000
1549702800,1549706399,0.01286000,0.01286000,0.01272000,0.01272000,5192.50000000
1549706400,1549709999,0.01272000,0.01300000,0.01272000,0.01288000,6136.60000000
1549710000,1549713599,0.01288000,0.01288000,0.01270000,0.01270000,11528.30000000
1549713600,1549717199,0.01295000,0.01333000,0.01295000,0.01308000,3914.40000000
1549717200,1549720799,0.01308000,0.01315000,0.01308000,0.01315000,6271.60000000
1549720800,1549724399,0.01326000,0.01326000,0.01317000,0.01317000,4833.00000000
1549724400,1549727999,0.01311000,0.01311000,0.01311000,0.01311000,1483.40000000
1549728000,1549731599,0.01297000,0.01297000,0.01264000,0.01264000,3280.60000000
1549731600,1549735199,0.01264000,0.01264000,0.01228000,0.01228000,3607.80000000
1549735200,1549738799,0.01244000,0.01244000,0.01243000,0.01244000,1276.70000000
1549738800,1549742399,0.01244000,0.01244000,0.01244000,0.01244000,0.00000000
1549742400,1549745999,0.01270000,0.01275000,0.01270000,0.01273000,689.30000000
1549746000,1549749599,0.01275000,0.01310000,0.01274000,0.01310000,4677.40000000
1549749600,1549753199,0.01268000,0.01268000,0.01267000,0.01267000,272.00000000
1549753200,1549756799,0.01271000,0.01287000,0.01271000,0.01287000,789.80000000
1549756800,1549760399,0.01254000,0.01254000,0.01222000,0.01222000,11952.50000000
1549760400,1549763999,0.01216000,0.01216000,0.01205000,0.01205000,1539.10000000
1549764000,1549767599,0.01205000,0.01244000,0.01191000,0.01244000,804.70000000
1549767600,1549771199,0.01195000,0.01195000,0.01163000,0.01163000,2671.80000000
1549771200,1549774799,0.01174000,0.01186000,0.01174000,0.01186000,1640.80000000
1549774800,1549778399,0.01187000,0.01187000,0.01158000,0.01158000,1902.30000000
1549778400,1549781999,0.01164000,0.01245000,0.01163000,0.01166000,4311.10000000
1549782000,1549785599,0.01158000,0.01158000,0.01158000,0.01158000,758.00000000
1549785600,1549789199,0.01158000,0.01158000,0.01145000,0.01145000,2073.00000000
1549789200,1549792799,0.01197000,0.01197000,0.01145000,0.01161000,6407.60000000
1549792800,1549796399,0.01161000,0.01207000,0.01161000,0.01187000,3031.90000000
1549796400,1549799999,0.01214000,0.01298000,0.01189000,0.01197000,107874.30000000
1549800000,1549803599,0.01184000,0.01187000,0.01184000,0.01187000,1674.90000000
1549803600,1549807199,0.01175000,0.01175000,0.01170000,0.01170000,4256.40000000
1549807200,1549810799,0.01175000,0.01181000,0.01170000,0.01177000,2004.20000000
1549810800,1549814399,0.01186000,0.01206000,0.01186000,0.01202000,2862.20000000
1549814400,1549817999,0.01175000,0.01180000,0.01175000,0.01180000,1952.00000000
1549818000,1549821599,0.01172000,0.01173000,0.01172000,0.01173000,1451.40000000
1549821600,1549825199,0.01174000,0.01180000,0.01174000,0.01180000,1538.20000000
1549825200,1549828799,0.01191000,0.01191000,0.01182000,0.01182000,2469.00000000
1549828800,1549832399,0.01190000,0.01211000,0.01190000,0.01196000,1280.70000000
1549832400,1549835999,0.01182000,0.01182000,0.01182000,0.01182000,133.00000000
1549836000,1549839599,0.01182000,0.01235000,0.01182000,0.01211000,10502.70000000
1549839600,1549843199,0.01218000,0.01235000,0.01218000,0.01229000,2116.00000000
1549843200,1549846799,0.01234000,0.01277000,0.01178000,0.01183000,24631.40000000
1549846800,1549850399,0.01172000,0.01191000,0.01172000,0.01191000,1658.10000000
1549850400,1549853999,0.01211000,0.01228000,0.01190000,0.01209000,6783.40000000
1549854000,1549857599,0.01174000,0.01174000,0.01174000,0.01174000,340.00000000
1549857600,1549861199,0.01213000,0.01214000,0.01196000,0.01196000,836.80000000
1549861200,1549864799,0.01190000,0.01204000,0.01190000,0.01195000,1791.00000000
1549864800,1549868399,0.01198000,0.01204000,0.01187000,0.01204000,1176.00000000
1549868400,1549871999,0.01200000,0.01207000,0.01186000,0.01186000,9746.50000000
1549872000,1549875599,0.01172000,0.01174000,0.01147000,0.01174000,7096.70000000
1549875600,1549879199,0.01169000,0.01180000,0.01169000,0.01171000,3240.80000000
1549879200,1549882799,0.01171000,0.01171000,0.01155000,0.01155000,5573.40000000
1549882800,1549886399,0.01155000,0.01155000,0.01155000,0.01155000,0.00000000
1549886400,1549889999,0.01178000,0.01210000,0.01178000,0.01201000,31515.00000000
1549890000,1549893599,0.01193000,0.01207000,0.01180000,0.01180000,5125.90000000
1549893600,1549897199,0.01186000,0.01186000,0.01183000,0.01183000,854.00000000
1549897200,1549900799,0.01186000,0.01212000,0.01173000,0.01200000,14885.30000000
1549900800,1549904399,0.01207000,0.01216000,0.01195000,0.01195000,6909.00000000
1549904400,1549907999,0.01200000,0.01200000,0.01189000,0.01189000,2916.40000000
1549908000,1549911599,0.01197000,0.01197000,0.01197000,0.01197000,162.00000000
1549911600,1549915199,0.01203000,0.01220000,0.01197000,0.01197000,11423.50000000
1549915200,1549918799,0.01218000,0.01218000,0.01197000,0.01202000,11150.80000000
1549918800,1549922399,0.01200000,0.01200000,0.01199000,0.01199000,817.00000000
1549922400,1549925999,0.01198000,0.01201000,0.01198000,0.01201000,637.60000000
1549926000,1549929599,0.01201000,0.01201000,0.01196000,0.01196000,972.00000000
1549929600,1549933199,0.01195000,0.01195000,0.01145000,0.01150000,4765.20000000
1549933200,1549936799,0.01150000,0.01193000,0.01133000,0.01147000,1635.20000000
1549936800,1549940399,0.01138000,0.01138000,0.01138000,0.01138000,978.90000000
1549940400,1549943999,0.01146000,0.01158000,0.01137000,0.01144000,4082.40000000
1549944000,1549947599,0.01144000,0.01144000,0.01133000,0.01133000,2173.30000000
1549947600,1549951199,0.01148000,0.01241000,0.01142000,0.01150000,19100.50000000
1549951200,1549954799,0.01149000,0.01152000,0.01136000,0.01138000,11249.20000000
1549954800,1549958399,0.01138000,0.01149000,0.01137000,0.01149000,1501.50000000
1549958400,1549961999,0.01150000,0.01164000,0.01150000,0.01164000,191.40000000
1549962000,1549965599,0.01153000,0.01179000,0.01152000,0.01179000,2637.90000000
1549965600,1549969199,0.01179000,0.01179000,0.01179000,0.01179000,0.00000000
1549969200,1549972799,0.01199000,0.01206000,0.01199000,0.01206000,175.80000000
1549972800,1549976399,0.01197000,0.01197000,0.01197000,0.01197000,610.00000000
1549976400,1549979999,0.01190000,0.01190000,0.01190000,0.01190000,242.90000000
1549980000,1549983599,0.01199000,0.01207000,0.01195000,0.01195000,2506.90000000
1549983600,1549987199,0.01202000,0.01220000,0.01195000,0.01195000,2979.80000000
1549987200,1549990799,0.01204000,0.01204000,0.01204000,0.01204000,119.30000000
1549990800,1549994399,0.01207000,0.01207000,0.01197000,0.01199000,1741.10000000
1549994400,1549997999,0.01199000,0.01199000,0.01189000,0.01190000,629.00000000
1549998000,1550001599,0.01203000,0.01229000,0.01203000,0.01229000,897.60000000
1550001600,1550005199,0.01208000,0.01212000,0.01205000,0.01212000,4332.40000000
1550005200,1550008799,0.01215000,0.01218000,0.01215000,0.01218000,1187.30000000
1550008800,1550012399,0.01210000,0.01221000,0.01206000,0.01221000,3852.40000000
1550012400,1550015999,0.01202000,0.01217000,0.01202000,0.01217000,1218.70000000
1550016000,1550019599,0.01217000,0.01229000,0.01217000,0.01218000,1139.30000000
1550019600,1550023199,0.01218000,0.01218000,0.01218000,0.01218000,0.00000000
1550023200,1550026799,0.01218000,0.01218000,0.01218000,0.01218000,0.00000000
1550026800,1550030399,0.01223000,0.01236000,0.01223000,0.01225000,9200.00000000
1550030400,1550033999,0.01216000,0.01218000,0.01216000,0.01218000,1000.00000000
1550034000,1550037599,0.01219000,0.01219000,0.01216000,0.01216000,1960.40000000
1550037600,1550041199,0.01218000,0.01219000,0.01212000,0.01219000,2115.40000000
1550041200,1550044799,0.01219000,0.01219000,0.01219000,0.01219000,0.00000000
1550044800,1550048399,0.01216000,0.01216000,0.01216000,0.01216000,164.50000000
1550048400,1550051999,0.01216000,0.01216000,0.01216000,0.01216000,0.00000000
1550052000,1550055599,0.01216000,0.01216000,0.01216000,0.01216000,0.00000000
1550055600,1550059199,0.01209000,0.01209000,0.01209000,0.01209000,93.00000000
1550059200,1550062799,0.01209000,0.01209000,0.01209000,0.01209000,0.00000000
1550062800,1550066399,0.01209000,0.01209000,0.01209000,0.01209000,0.00000000
1550066400,1550069999,0.01209000,0.01209000,0.01209000,0.01209000,0.00000000
1550070000,1550073599,0.01203000,0.01203000,0.01203000,0.01203000,100.00000000
1550073600,1550077199,0.01203000,0.01203000,0.01203000,0.01203000,0.00000000
1550077200,1550080799,0.01201000,0.01201000,0.01187000,0.01187000,680.90000000
1550080800,1550084399,0.01187000,0.01187000,0.01187000,0.01187000,0.00000000
1550084400,1550087999,0.01190000,0.01214000,0.01187000,0.01214000,4308.30000000
1550088000,1550091599,0.01214000,0.01214000,0.01214000,0.01214000,0.90000000
1550091600,1550095199,0.01214000,0.01214000,0.01214000,0.01214000,0.00000000
1550095200,1550098799,0.01231000,0.01235000,0.01231000,0.01235000,552.10000000
1550098800,1550102399,0.01226000,0.01226000,0.01226000,0.01226000,203.80000000
1550102400,1550105999,0.01225000,0.01230000,0.01213000,0.01213000,2093.90000000
1550106000,1550109599,0.01213000,0.01213000,0.01213000,0.01213000,0.00000000
1550109600,1550113199,0.01213000,0.01213000,0.01213000,0.01213000,0.00000000
1550113200,1550116799,0.01224000,0.01224000,0.01203000,0.01203000,4945.40000000
1550116800,1550120399,0.01213000,0.01213000,0.01212000,0.01212000,861.70000000
1550120400,1550123999,0.01212000,0.01212000,0.01212000,0.01212000,0.00000000
1550124000,1550127599,0.01212000,0.01212000,0.01212000,0.01212000,0.00000000
1550127600,1550131199,0.01214000,0.01228000,0.01214000,0.01228000,1846.80000000
1550131200,1550134799,0.01228000,0.01228000,0.01228000,0.01228000,0.00000000
1550134800,1550138399,0.01228000,0.01228000,0.01228000,0.01228000,0.00000000
1550138400,1550141999,0.01224000,0.01228000,0.01224000,0.01228000,4114.20000000
1550142000,1550145599,0.01241000,0.01241000,0.01241000,0.01241000,373.20000000
1550145600,1550149199,0.01237000,0.01250000,0.01237000,0.01237000,3166.70000000
1550149200,1550152799,0.01231000,0.01251000,0.01231000,0.01245000,8430.40000000
1550152800,1550156399,0.01257000,0.01274000,0.01251000,0.01262000,2365.20000000
1550156400,1550159999,0.01253000,0.01253000,0.01249000,0.01249000,1084.40000000
1550160000,1550163599,0.01243000,0.01244000,0.01239000,0.01243000,2878.70000000
1550163600,1550167199,0.01246000,0.01246000,0.01246000,0.01246000,505.70000000
1550167200,1550170799,0.01239000,0.01239000,0.01239000,0.01239000,327.20000000
1550170800,1550174399,0.01213000,0.01220000,0.01213000,0.01220000,180.00000000
1550174400,1550177999,0.01220000,0.01220000,0.01220000,0.01220000,0.00000000
1550178000,1550181599,0.01220000,0.01220000,0.01220000,0.01220000,502.50000000
1550181600,1550185199,0.01220000,0.01220000,0.01220000,0.01220000,0.00000000
1550185200,1550188799,0.01222000,0.01222000,0.01222000,0.01222000,503.80000000
1550188800,1550192399,0.01218000,0.01227000,0.01218000,0.01227000,248.50000000
1550192400,1550195999,0.01227000,0.01227000,0.01227000,0.01227000,0.00000000
1550196000,1550199599,0.01205000,0.01205000,0.01176000,0.01176000,1022.90000000
1550199600,1550203199,0.01166000,0.01169000,0.01166000,0.01169000,882.40000000
1550203200,1550206799,0.01165000,0.01165000,0.01133000,0.01133000,6178.10000000
1550206800,1550210399,0.01133000,0.01133000,0.01133000,0.01133000,0.00000000
1550210400,1550213999,0.01137000,0.01137000,0.01137000,0.01137000,1166.20000000
1550214000,1550217599,0.01137000,0.01137000,0.01137000,0.01137000,0.00000000
1550217600,1550221199,0.01116000,0.01142000,0.01110000,0.01110000,967.40000000
1550221200,1550224799,0.01125000,0.01126000,0.01125000,0.01126000,200.00000000
1550224800,1550228399,0.01126000,0.01126000,0.01126000,0.01126000,0.00000000
1550228400,1550231999,0.01142000,0.01160000,0.01142000,0.01160000,2106.10000000
1550232000,1550235599,0.01161000,0.01161000,0.01154000,0.01154000,1388.30000000
1550235600,1550239199,0.01177000,0.01177000,0.01177000,0.01177000,93.50000000
1550239200,1550242799,0.01195000,0.01195000,0.01171000,0.01171000,1532.70000000
1550242800,1550246399,0.01155000,0.01196000,0.01155000,0.01162000,1827.30000000
1550246400,1550249999,0.01149000,0.01149000,0.01149000,0.01149000,311.00000000
1550250000,1550253599,0.01155000,0.01155000,0.01155000,0.01155000,97.00000000
1550253600,1550257199,0.01161000,0.01161000,0.01154000,0.01154000,1043.90000000
1550257200,1550260799,0.01154000,0.01154000,0.01154000,0.01154000,693.20000000
1550260800,1550264399,0.01151000,0.01151000,0.01149000,0.01149000,862.20000000
1550264400,1550267999,0.01132000,0.01138000,0.01132000,0.01132000,1442.90000000
1550268000,1550271599,0.01147000,0.01147000,0.01147000,0.01147000,1743.70000000
1550271600,1550275199,0.01138000,0.01140000,0.01136000,0.01140000,1371.50000000
1550275200,1550278799,0.01153000,0.01184000,0.01143000,0.01175000,8099.50000000
1550278800,1550282399,0.01196000,0.01196000,0.01163000,0.01168000,8758.00000000
1550282400,1550285999,0.01175000,0.01175000,0.01175000,0.01175000,500.50000000
1550286000,1550289599,0.01175000,0.01175000,0.01175000,0.01175000,0.00000000
1550289600,1550293199,0.01201000,0.01203000,0.01193000,0.01194000,2140.30000000
1550293200,1550296799,0.01194000,0.01194000,0.01194000,0.01194000,0.00000000
1550296800,1550300399,0.01175000,0.01175000,0.01170000,0.01170000,1433.60000000
1550300400,1550303999,0.01171000,0.01176000,0.01166000,0.01166000,570.50000000
1550304000,1550307599,0.01166000,0.01166000,0.01166000,0.01166000,0.00000000
1550307600,1550311199,0.01166000,0.01166000,0.01166000,0.01166000,0.00000000
1550311200,1550314799,0.01166000,0.01166000,0.01166000,0.01166000,0.00000000
1550314800,1550318399,0.01174000,0.01226000,0.01174000,0.01226000,2810.00000000
1550318400,1550321999,0.01226000,0.01280000,0.01215000,0.01221000,15899.30000000
1550322000,1550325599,0.01231000,0.01231000,0.01227000,0.01231000,454.40000000
1550325600,1550329199,0.01231000,0.01231000,0.01231000,0.01231000,104.70000000
1550329200,1550332799,0.01245000,0.01277000,0.01240000,0.01240000,2417.40000000
1550332800,1550336399,0.01246000,0.01247000,0.01233000,0.01233000,7001.40000000
1550336400,1550339999,0.01233000,0.01233000,0.01233000,0.01233000,0.00000000
1550340000,1550343599,0.01227000,0.01229000,0.01227000,0.01228000,2908.20000000
1550343600,1550347199,0.01228000,0.01228000,0.01228000,0.01228000,0.00000000
1550347200,1550350799,0.01235000,0.01235000,0.01235000,0.01235000,482.50000000
1550350800,1550354399,0.01247000,0.01257000,0.01247000,0.01257000,10388.40000000
1550354400,1550357999,0.01268000,0.01318000,0.01267000,0.01318000,20357.50000000
1550358000,1550361599,0.01317000,0.01349000,0.01271000,0.01280000,84158.80000000
1550361600,1550365199,0.01279000,0.01373000,0.01255000,0.01344000,44080.60000000
1550365200,1550368799,0.01345000,0.01595000,0.01323000,0.01405000,161117.10000000
1550368800,1550372399,0.01410000,0.01419000,0.01340000,0.01347000,58666.60000000
1550372400,1550375999,0.01340000,0.01340000,0.01301000,0.01314000,20296.00000000
1550376000,1550379599,0.01303000,0.01318000,0.01297000,0.01316000,5611.80000000
1550379600,1550383199,0.01314000,0.01336000,0.01309000,0.01336000,16406.10000000
1550383200,1550386799,0.01345000,0.01400000,0.01328000,0.01341000,23212.70000000
1550386800,1550390399,0.01343000,0.01399000,0.01300000,0.01399000,27874.50000000
1550390400,1550393999,0.01343000,0.01343000,0.01343000,0.01343000,793.30000000
1550394000,1550397599,0.01330000,0.01330000,0.01330000,0.01330000,165.00000000
1550397600,1550401199,0.01344000,0.01409000,0.01341000,0.01349000,16708.90000000
1550401200,1550404799,0.01335000,0.01335000,0.01275000,0.01283000,17158.90000000
1550404800,1550408399,0.01283000,0.01283000,0.01257000,0.01276000,15069.90000000
1550408400,1550411999,0.01293000,0.01382000,0.01293000,0.01303000,27357.00000000
1550412000,1550415599,0.01291000,0.01428000,0.01291000,0.01346000,10548.50000000
1550415600,1550419199,0.01350000,0.01407000,0.01344000,0.01379000,3436.10000000
1550419200,1550422799,0.01384000,0.01399000,0.01364000,0.01366000,10026.70000000
1550422800,1550426399,0.01376000,0.01387000,0.01368000,0.01368000,4560.50000000
1550426400,1550429999,0.01374000,0.01380000,0.01345000,0.01345000,6329.80000000
1550430000,1550433599,0.01342000,0.01342000,0.01342000,0.01342000,769.80000000
1550433600,1550437199,0.01358000,0.01358000,0.01342000,0.01342000,8498.60000000
1550437200,1550440799,0.01352000,0.01357000,0.01330000,0.01330000,21113.80000000
1550440800,1550444399,0.01329000,0.01347000,0.01325000,0.01346000,5882.70000000
1550444400,1550447999,0.01346000,0.01350000,0.01337000,0.01350000,3143.70000000
1550448000,1550451599,0.01350000,0.01350000,0.01289000,0.01289000,13551.80000000
1550451600,1550455199,0.01279000,0.01320000,0.01254000,0.01254000,5586.80000000
1550455200,1550458799,0.01252000,0.01264000,0.01252000,0.01264000,3570.20000000
1550458800,1550462399,0.01257000,0.01262000,0.01249000,0.01262000,2272.10000000
1550462400,1550465999,0.01249000,0.01269000,0.01249000,0.01269000,4915.80000000
1550466000,1550469599,0.01267000,0.01269000,0.01267000,0.01269000,5868.80000000
1550469600,1550473199,0.01263000,0.01269000,0.01263000,0.01269000,8422.90000000
1550473200,1550476799,0.01271000,0.01271000,0.01261000,0.01261000,3885.90000000
1550476800,1550480399,0.01261000,0.01261000,0.01261000,0.01261000,0.00000000
1550480400,1550483999,0.01249000,0.01249000,0.01249000,0.01249000,3347.30000000
1550484000,1550487599,0.01260000,0.01260000,0.01260000,0.01260000,3097.90000000
1550487600,1550491199,0.01260000,0.01260000,0.01260000,0.01260000,0.00000000
1550491200,1550494799,0.01273000,0.01282000,0.01265000,0.01280000,8252.20000000
1550494800,1550498399,0.01280000,0.01285000,0.01280000,0.01285000,570.30000000
1550498400,1550501999,0.01280000,0.01280000,0.01274000,0.01274000,5477.30000000
1550502000,1550505599,0.01274000,0.01285000,0.01271000,0.01285000,1423.30000000
1550505600,1550509199,0.01285000,0.01293000,0.01280000,0.01280000,18262.40000000
1550509200,1550512799,0.01280000,0.01280000,0.01270000,0.01270000,215.70000000
1550512800,1550516399,0.01269000,0.01273000,0.01269000,0.01273000,1347.50000000
1550516400,1550519999,0.01265000,0.01278000,0.01245000,0.01245000,1421.40000000
1550520000,1550523599,0.01251000,0.01251000,0.01245000,0.01245000,2929.60000000
1550523600,1550527199,0.01245000,0.01263000,0.01245000,0.01263000,534.80000000
1550527200,1550530799,0.01263000,0.01263000,0.01263000,0.01263000,0.00000000
1550530800,1550534399,0.01263000,0.01263000,0.01263000,0.01263000,0.00000000
1550534400,1550537999,0.01262000,0.01281000,0.01244000,0.01260000,15766.00000000
1550538000,1550541599,0.01248000,0.01254000,0.01213000,0.01213000,4689.20000000
1550541600,1550545199,0.01216000,0.01217000,0.01216000,0.01217000,2476.40000000
1550545200,1550548799,0.01225000,0.01226000,0.01218000,0.01218000,4841.50000000
1550548800,1550552399,0.01218000,0.01218000,0.01218000,0.01218000,0.00000000
1550552400,1550555999,0.01230000,0.01230000,0.01230000,0.01230000,1986.60000000
1550556000,1550559599,0.01229000,0.01229000,0.01217000,0.01217000,7336.80000000
1550559600,1550563199,0.01232000,0.01232000,0.01215000,0.01215000,1266.60000000
1550563200,1550566799,0.01208000,0.01217000,0.01205000,0.01205000,1161.70000000
1550566800,1550570399,0.01215000,0.01215000,0.01207000,0.01211000,12184.40000000
1550570400,1550573999,0.01211000,0.01211000,0.01211000,0.01211000,0.00000000
1550574000,1550577599,0.01212000,0.01212000,0.01212000,0.01212000,502.10000000
1550577600,1550581199,0.01227000,0.01227000,0.01227000,0.01227000,81.50000000
1550581200,1550584799,0.01237000,0.01237000,0.01237000,0.01237000,236.60000000
1550584800,1550588399,0.01209000,0.01209000,0.01157000,0.01180000,4415.50000000
1550588400,1550591999,0.01191000,0.01192000,0.01142000,0.01142000,4406.70000000
1550592000,1550595599,0.01139000,0.01159000,0.01119000,0.01119000,5159.20000000
1550595600,1550599199,0.01128000,0.01130000,0.01119000,0.01130000,3896.30000000
1550599200,1550602799,0.01117000,0.01117000,0.01075000,0.01087000,3964.30000000
1550602800,1550606399,0.01100000,0.01100000,0.01080000,0.01096000,3066.60000000
1550606400,1550609999,0.01096000,0.01114000,0.01096000,0.01114000,276.50000000
1550610000,1550613599,0.01129000,0.01132000,0.01118000,0.01132000,2241.20000000
1550613600,1550617199,0.01132000,0.01140000,0.01132000,0.01140000,1962.30000000
1550617200,1550620799,0.01130000,0.01130000,0.01130000,0.01130000,127.60000000
1550620800,1550624399,0.01124000,0.01128000,0.01124000,0.01124000,1068.10000000
1550624400,1550627999,0.01102000,0.01102000,0.01102000,0.01102000,309.50000000
1550628000,1550631599,0.01101000,0.01120000,0.01100000,0.01100000,740.60000000
1550631600,1550635199,0.01094000,0.01094000,0.01094000,0.01094000,500.00000000
1550635200,1550638799,0.01110000,0.01110000,0.01110000,0.01110000,126.20000000
1550638800,1550642399,0.01110000,0.01110000,0.01110000,0.01110000,0.00000000
1550642400,1550645999,0.01106000,0.01125000,0.01090000,0.01116000,9525.30000000
1550646000,1550649599,0.01116000,0.01116000,0.01116000,0.01116000,0.00000000
1550649600,1550653199,0.01089000,0.01089000,0.01089000,0.01089000,457.10000000
1550653200,1550656799,0.01100000,0.01100000,0.01100000,0.01100000,2065.90000000
1550656800,1550660399,0.01097000,0.01149000,0.01097000,0.01105000,6991.30000000
1550660400,1550663999,0.01105000,0.01105000,0.01105000,0.01105000,0.00000000
1550664000,1550667599,0.01119000,0.01138000,0.01110000,0.01111000,21378.10000000
1550667600,1550671199,0.01109000,0.01128000,0.01095000,0.01128000,2739.40000000
1550671200,1550674799,0.01141000,0.01149000,0.01141000,0.01149000,2279.20000000
1550674800,1550678399,0.01149000,0.01152000,0.01149000,0.01152000,433.00000000
1550678400,1550681999,0.01184000,0.01199000,0.01155000,0.01155000,3814.20000000
1550682000,1550685599,0.01162000,0.01162000,0.01162000,0.01162000,398.00000000
1550685600,1550689199,0.01162000,0.01162000,0.01162000,0.01162000,0.00000000
1550689200,1550692799,0.01167000,0.01167000,0.01146000,0.01146000,2127.80000000
1550692800,1550696399,0.01164000,0.01164000,0.01164000,0.01164000,261.30000000
1550696400,1550699999,0.01148000,0.01148000,0.01146000,0.01146000,974.40000000
1550700000,1550703599,0.01161000,0.01161000,0.01142000,0.01142000,3777.40000000
1550703600,1550707199,0.01146000,0.01149000,0.01146000,0.01148000,6125.00000000
1550707200,1550710799,0.01148000,0.01154000,0.01144000,0.01150000,7738.50000000
1550710800,1550714399,0.01154000,0.01160000,0.01151000,0.01160000,9682.80000000
1550714400,1550717999,0.01152000,0.01152000,0.01131000,0.01152000,4541.60000000
1550718000,1550721599,0.01154000,0.01163000,0.01150000,0.01150000,8065.80000000
1550721600,1550725199,0.01153000,0.01153000,0.01144000,0.01144000,2039.50000000
1550725200,1550728799,0.01149000,0.01200000,0.01149000,0.01187000,9167.00000000
1550728800,1550732399,0.01189000,0.01189000,0.01183000,0.01183000,5545.30000000
1550732400,1550735999,0.01144000,0.01150000,0.01144000,0.01150000,973.30000000
1550736000,1550739599,0.01171000,0.01171000,0.01171000,0.01171000,404.50000000
1550739600,1550743199,0.01141000,0.01142000,0.01136000,0.01136000,4313.30000000
1550743200,1550746799,0.01135000,0.01135000,0.01127000,0.01135000,2465.60000000
1550746800,1550750399,0.01135000,0.01135000,0.01135000,0.01135000,0.00000000
1550750400,1550753999,0.01135000,0.01135000,0.01135000,0.01135000,0.00000000
1550754000,1550757599,0.01139000,0.01139000,0.01139000,0.01139000,1156.00000000
1550757600,1550761199,0.01133000,0.01133000,0.01107000,0.01130000,10543.30000000
1550761200,1550764799,0.01124000,0.01124000,0.01106000,0.01106000,3136.10000000
1550764800,1550768399,0.01107000,0.01130000,0.01105000,0.01125000,7104.80000000
1550768400,1550771999,0.01127000,0.01127000,0.01124000,0.01124000,1386.40000000
1550772000,1550775599,0.01120000,0.01120000,0.01119000,0.01119000,4079.60000000
1550775600,1550779199,0.01122000,0.01130000,0.01122000,0.01130000,869.90000000
1550779200,1550782799,0.01135000,0.01135000,0.01127000,0.01129000,2442.80000000
1550782800,1550786399,0.01127000,0.01147000,0.01122000,0.01130000,5403.10000000
1550786400,1550789999,0.01128000,0.01129000,0.01128000,0.01128000,1855.00000000
1550790000,1550793599,0.01134000,0.01138000,0.01128000,0.01138000,7895.00000000
1550793600,1550797199,0.01135000,0.01135000,0.01118000,0.01127000,7387.60000000
1550797200,1550800799,0.01130000,0.01130000,0.01130000,0.01130000,500.20000000
1550800800,1550804399,0.01127000,0.01127000,0.01117000,0.01117000,3844.90000000
1550804400,1550807999,0.01124000,0.01124000,0.01124000,0.01124000,1722.00000000
1550808000,1550811599,0.01124000,0.01124000,0.01124000,0.01124000,0.00000000
1550811600,1550815199,0.01100000,0.01100000,0.01095000,0.01096000,1280.80000000
1550815200,1550818799,0.01096000,0.01096000,0.01086000,0.01086000,1234.20000000
1550818800,1550822399,0.01095000,0.01095000,0.01095000,0.01095000,429.00000000
1550822400,1550825999,0.01091000,0.01092000,0.01091000,0.01092000,1006.10000000
1550826000,1550829599,0.01097000,0.01100000,0.01097000,0.01100000,2002.70000000
1550829600,1550833199,0.01100000,0.01100000,0.01100000,0.01100000,0.00000000
1550833200,1550836799,0.01100000,0.01100000,0.01100000,0.01100000,0.00000000
1550836800,1550840399,0.01100000,0.01100000,0.01100000,0.01100000,0.00000000
1550840400,1550843999,0.01100000,0.01100000,0.01100000,0.01100000,0.00000000
1550844000,1550847599,0.01100000,0.01100000,0.01100000,0.01100000,163.40000000
1550847600,1550851199,0.01100000,0.01100000,0.01100000,0.01100000,0.00000000
1550851200,1550854799,0.01100000,0.01100000,0.01100000,0.01100000,0.00000000
1550854800,1550858399,0.01100000,0.01100000,0.01100000,0.01100000,0.00000000
1550858400,1550861999,0.01107000,0.01107000,0.01107000,0.01107000,1864.70000000
1550862000,1550865599,0.01106000,0.01107000,0.01106000,0.01107000,1801.90000000
1550865600,1550869199,0.01108000,0.01108000,0.01108000,0.01108000,1442.80000000
1550869200,1550872799,0.01108000,0.01108000,0.01108000,0.01108000,0.00000000
1550872800,1550876399,0.01103000,0.01109000,0.01103000,0.01109000,8133.60000000
1550876400,1550879999,0.01109000,0.01120000,0.01109000,0.01120000,2370.70000000
1550880000,1550883599,0.01119000,0.01120000,0.01119000,0.01120000,1240.50000000
1550883600,1550887199,0.01146000,0.01165000,0.01146000,0.01157000,4330.60000000
1550887200,1550890799,0.01142000,0.01142000,0.01117000,0.01117000,2440.00000000
1550890800,1550894399,0.01119000,0.01123000,0.01119000,0.01123000,689.80000000
1550894400,1550897999,0.01120000,0.01120000,0.01120000,0.01120000,616.90000000
1550898000,1550901599,0.01129000,0.01129000,0.01129000,0.01129000,97.00000000
1550901600,1550905199,0.01188000,0.01189000,0.01134000,0.01134000,804.20000000
1550905200,1550908799,0.01134000,0.01134000,0.01134000,0.01134000,0.00000000
1550908800,1550912399,0.01187000,0.01187000,0.01149000,0.01149000,647.10000000
1550912400,1550915999,0.01149000,0.01149000,0.01144000,0.01144000,2727.70000000
1550916000,1550919599,0.01142000,0.01142000,0.01142000,0.01142000,673.00000000
1550919600,1550923199,0.01182000,0.01183000,0.01182000,0.01183000,3205.40000000
1550923200,1550926799,0.01159000,0.01159000,0.01158000,0.01158000,3685.20000000
1550926800,1550930399,0.01170000,0.01170000,0.01170000,0.01170000,768.70000000
1550930400,1550933999,0.01176000,0.01179000,0.01171000,0.01179000,2854.90000000
1550934000,1550937599,0.01179000,0.01179000,0.01179000,0.01179000,0.00000000
1550937600,1550941199,0.01182000,0.01182000,0.01174000,0.01174000,1670.20000000
1550941200,1550944799,0.01182000,0.01182000,0.01174000,0.01174000,1708.20000000
1550944800,1550948399,0.01161000,0.01161000,0.01154000,0.01156000,2954.60000000
1550948400,1550951999,0.01156000,0.01156000,0.01156000,0.01156000,0.00000000
1550952000,1550955599,0.01165000,0.01165000,0.01164000,0.01164000,392.20000000
1550955600,1550959199,0.01171000,0.01175000,0.01162000,0.01175000,4240.90000000
1550959200,1550962799,0.01175000,0.01175000,0.01168000,0.01168000,3050.40000000
1550962800,1550966399,0.01168000,0.01168000,0.01168000,0.01168000,0.00000000
1550966400,1550969999,0.01163000,0.01175000,0.01162000,0.01175000,4111.80000000
1550970000,1550973599,0.01169000,0.01169000,0.01169000,0.01169000,1478.40000000
1550973600,1550977199,0.01167000,0.01168000,0.01167000,0.01167000,1311.60000000
1550977200,1550980799,0.01182000,0.01182000,0.01182000,0.01182000,145.50000000
1550980800,1550984399,0.01182000,0.01182000,0.01182000,0.01182000,0.00000000
1550984400,1550987999,0.01172000,0.01172000,0.01172000,0.01172000,2754.90000000
1550988000,1550991599,0.01187000,0.01194000,0.01170000,0.01170000,3537.80000000
1550991600,1550995199,0.01179000,0.01190000,0.01179000,0.01184000,1432.30000000
1550995200,1550998799,0.01192000,0.01290000,0.01192000,0.01207000,21764.80000000
1550998800,1551002399,0.01183000,0.01183000,0.01169000,0.01169000,1540.00000000
1551002400,1551005999,0.01163000,0.01163000,0.01163000,0.01163000,98.00000000
1551006000,1551009599,0.01164000,0.01166000,0.01164000,0.01166000,740.10000000
1551009600,1551013199,0.01166000,0.01166000,0.01166000,0.01166000,0.00000000
1551013200,1551016799,0.01174000,0.01174000,0.01173000,0.01173000,9030.10000000
1551016800,1551020399,0.01173000,0.01173000,0.01142000,0.01142000,9341.90000000
1551020400,1551023999,0.01147000,0.01155000,0.01140000,0.01140000,3912.40000000
1551024000,1551027599,0.01150000,0.01161000,0.01149000,0.01149000,2976.60000000
1551027600,1551031199,0.01125000,0.01125000,0.01125000,0.01125000,527.80000000
1551031200,1551034799,0.01125000,0.01125000,0.01125000,0.01125000,0.00000000
1551034800,1551038399,0.01130000,0.01134000,0.01130000,0.01134000,1863.90000000
1551038400,1551041999,0.01126000,0.01128000,0.01121000,0.01121000,2234.50000000
1551042000,1551045599,0.01116000,0.01116000,0.01099000,0.01113000,7291.80000000
1551045600,1551049199,0.01104000,0.01113000,0.01104000,0.01113000,1560.50000000
1551049200,1551052799,0.01119000,0.01119000,0.01108000,0.01110000,2795.30000000
1551052800,1551056399,0.01117000,0.01137000,0.01096000,0.01096000,22390.40000000
1551056400,1551059999,0.01094000,0.01100000,0.01094000,0.01100000,6791.30000000
1551060000,1551063599,0.01100000,0.01101000,0.01087000,0.01088000,17178.80000000
1551063600,1551067199,0.01101000,0.01112000,0.01101000,0.01112000,793.10000000
1551067200,1551070799,0.01119000,0.01126000,0.01119000,0.01121000,3403.60000000
1551070800,1551074399,0.01121000,0.01121000,0.01121000,0.01121000,700.80000000
1551074400,1551077999,0.01121000,0.01121000,0.01119000,0.01119000,699.80000000
1551078000,1551081599,0.01132000,0.01143000,0.01131000,0.01133000,1243.90000000
1551081600,1551085199,0.01126000,0.01131000,0.01126000,0.01127000,3533.00000000
1551085200,1551088799,0.01125000,0.01125000,0.01120000,0.01120000,5841.30000000
1551088800,1551092399,0.01114000,0.01114000,0.01080000,0.01080000,10044.90000000
1551092400,1551095999,0.01106000,0.01143000,0.01104000,0.01130000,11709.10000000
1551096000,1551099599,0.01138000,0.01147000,0.01124000,0.01124000,10840.20000000
1551099600,1551103199,0.01125000,0.01133000,0.01102000,0.01117000,12939.40000000
1551103200,1551106799,0.01105000,0.01186000,0.01105000,0.01176000,5461.40000000
1551106800,1551110399,0.01176000,0.01176000,0.01141000,0.01150000,29123.70000000
1551110400,1551113999,0.01160000,0.01164000,0.01160000,0.01164000,3365.40000000
1551114000,1551117599,0.01163000,0.01163000,0.01157000,0.01157000,1467.90000000
1551117600,1551121199,0.01173000,0.01204000,0.01168000,0.01199000,7911.30000000
1551121200,1551124799,0.01212000,0.01213000,0.01202000,0.01205000,5064.40000000
1551124800,1551128399,0.01209000,0.01209000,0.01184000,0.01184000,4616.40000000
1551128400,1551131999,0.01185000,0.01185000,0.01180000,0.01184000,7748.90000000
1551132000,1551135599,0.01190000,0.01190000,0.01175000,0.01184000,11306.60000000
1551135600,1551139199,0.01184000,0.01186000,0.01184000,0.01186000,324.00000000
1551139200,1551142799,0.01219000,0.01228000,0.01207000,0.01207000,8363.90000000
1551142800,1551146399,0.01206000,0.01222000,0.01206000,0.01222000,1325.30000000
1551146400,1551149999,0.01226000,0.01236000,0.01220000,0.01234000,1875.60000000
1551150000,1551153599,0.01233000,0.01233000,0.01207000,0.01215000,20646.20000000
1551153600,1551157199,0.01215000,0.01215000,0.01215000,0.01215000,0.00000000
1551157200,1551160799,0.01235000,0.01235000,0.01228000,0.01228000,1926.50000000
1551160800,1551164399,0.01228000,0.01240000,0.01228000,0.01236000,11628.20000000
1551164400,1551167999,0.01247000,0.01333000,0.01247000,0.01273000,31839.20000000
1551168000,1551171599,0.01274000,0.01276000,0.01264000,0.01270000,7519.00000000
1551171600,1551175199,0.01270000,0.01280000,0.01260000,0.01273000,6548.70000000
1551175200,1551178799,0.01263000,0.01263000,0.01255000,0.01255000,4760.30000000
1551178800,1551182399,0.01275000,0.01299000,0.01275000,0.01278000,3231.00000000
1551182400,1551185999,0.01289000,0.01312000,0.01277000,0.01278000,5224.80000000
1551186000,1551189599,0.01279000,0.01280000,0.01253000,0.01261000,2053.10000000
1551189600,1551193199,0.01288000,0.01296000,0.01288000,0.01294000,4041.30000000
1551193200,1551196799,0.01292000,0.01299000,0.01275000,0.01279000,7275.40000000
1551196800,1551200399,0.01284000,0.01285000,0.01284000,0.01285000,572.30000000
1551200400,1551203999,0.01285000,0.01301000,0.01285000,0.01301000,8284.50000000
1551204000,1551207599,0.01299000,0.01299000,0.01299000,0.01299000,77.80000000
1551207600,1551211199,0.01298000,0.01305000,0.01298000,0.01305000,3252.20000000
1551211200,1551214799,0.01293000,0.01304000,0.01293000,0.01304000,2384.80000000
1551214800,1551218399,0.01308000,0.01319000,0.01308000,0.01308000,12003.00000000
1551218400,1551221999,0.01304000,0.01304000,0.01304000,0.01304000,382.20000000
1551222000,1551225599,0.01298000,0.01298000,0.01295000,0.01297000,1998.20000000
1551225600,1551229199,0.01297000,0.01297000,0.01276000,0.01284000,6709.50000000
1551229200,1551232799,0.01281000,0.01281000,0.01281000,0.01281000,519.90000000
1551232800,1551236399,0.01281000,0.01281000,0.01281000,0.01281000,519.90000000
1551236400,1551239999,0.01283000,0.01283000,0.01282000,0.01282000,2993.00000000
1551240000,1551243599,0.01271000,0.01271000,0.01237000,0.01261000,8688.10000000
1551243600,1551247199,0.01260000,0.01265000,0.01251000,0.01259000,5659.20000000
1551247200,1551250799,0.01259000,0.01259000,0.01259000,0.01259000,0.00000000
1551250800,1551254399,0.01262000,0.01262000,0.01245000,0.01245000,4500.30000000
1551254400,1551257999,0.01259000,0.01259000,0.01259000,0.01259000,2162.30000000
1551258000,1551261599,0.01262000,0.01270000,0.01259000,0.01259000,6422.20000000
1551261600,1551265199,0.01259000,0.01259000,0.01259000,0.01259000,0.00000000
1551265200,1551268799,0.01259000,0.01259000,0.01259000,0.01259000,0.00000000
1551268800,1551272399,0.01236000,0.01236000,0.01220000,0.01220000,10686.50000000
1551272400,1551275999,0.01210000,0.01210000,0.01203000,0.01205000,9047.90000000
1551276000,1551279599,0.01197000,0.01197000,0.01182000,0.01182000,5420.60000000
1551279600,1551283199,0.01184000,0.01192000,0.01178000,0.01188000,9484.90000000
1551283200,1551286799,0.01189000,0.01191000,0.01186000,0.01191000,1667.80000000
1551286800,1551290399,0.01192000,0.01192000,0.01186000,0.01186000,2454.30000000
1551290400,1551293999,0.01195000,0.01207000,0.01195000,0.01207000,2907.10000000
1551294000,1551297599,0.01207000,0.01207000,0.01207000,0.01207000,0.00000000
1551297600,1551301199,0.01208000,0.01217000,0.01189000,0.01198000,17054.80000000
1551301200,1551304799,0.01191000,0.01199000,0.01191000,0.01191000,1392.20000000
1551304800,1551308399,0.01188000,0.01189000,0.01188000,0.01189000,1626.20000000
1551308400,1551311999,0.01189000,0.01189000,0.01189000,0.01189000,0.00000000
1551312000,1551315599,0.01242000,0.01242000,0.01198000,0.01205000,865.50000000
1551315600,1551319199,0.01198000,0.01198000,0.01198000,0.01198000,483.30000000
1551319200,1551322799,0.01198000,0.01198000,0.01198000,0.01198000,0.00000000
1551322800,1551326399,0.01204000,0.01204000,0.01204000,0.01204000,2074.90000000
1551326400,1551329999,0.01206000,0.01206000,0.01206000,0.01206000,670.00000000
1551330000,1551333599,0.01206000,0.01206000,0.01206000,0.01206000,0.00000000
1551333600,1551337199,0.01217000,0.01223000,0.01217000,0.01223000,7856.40000000
1551337200,1551340799,0.01224000,0.01224000,0.01215000,0.01215000,1191.20000000
1551340800,1551344399,0.01214000,0.01254000,0.01214000,0.01214000,22450.80000000
1551344400,1551347999,0.01211000,0.01269000,0.01211000,0.01269000,24624.00000000
1551348000,1551351599,0.01256000,0.01256000,0.01209000,0.01215000,23621.50000000
1551351600,1551355199,0.01213000,0.01217000,0.01196000,0.01217000,4138.70000000
1551355200,1551358799,0.01202000,0.01238000,0.01199000,0.01207000,21608.70000000
1551358800,1551362399,0.01238000,0.01319000,0.01235000,0.01319000,26902.10000000
1551362400,1551365999,0.01254000,0.01280000,0.01247000,0.01251000,10179.80000000
1551366000,1551369599,0.01254000,0.01254000,0.01191000,0.01226000,24880.90000000
1551369600,1551373199,0.01221000,0.01224000,0.01221000,0.01224000,1160.00000000
1551373200,1551376799,0.01222000,0.01260000,0.01222000,0.01222000,5375.40000000
1551376800,1551380399,0.01221000,0.01221000,0.01217000,0.01217000,4962.80000000
1551380400,1551383999,0.01224000,0.01224000,0.01223000,0.01223000,5429.80000000
1551384000,1551387599,0.01227000,0.01235000,0.01215000,0.01235000,10722.70000000
1551387600,1551391199,0.01242000,0.01242000,0.01238000,0.01238000,1038.90000000
1551391200,1551394799,0.01246000,0.01249000,0.01242000,0.01242000,546.20000000
1551394800,1551398399,0.01266000,0.01287000,0.01266000,0.01287000,4655.30000000
1551398400,1551401999,0.01316000,0.01316000,0.01240000,0.01240000,11826.90000000
1551402000,1551405599,0.01231000,0.01231000,0.01205000,0.01205000,17910.90000000
1551405600,1551409199,0.01207000,0.01207000,0.01194000,0.01203000,7353.00000000
1551409200,1551412799,0.01203000,0.01208000,0.01189000,0.01203000,11569.20000000
1551412800,1551416399,0.01186000,0.01186000,0.01169000,0.01172000,6323.90000000
1551416400,1551419999,0.01173000,0.01173000,0.01162000,0.01162000,612.90000000
1551420000,1551423599,0.01170000,0.01185000,0.01149000,0.01149000,938.60000000
1551423600,1551427199,0.01153000,0.01157000,0.01153000,0.01157000,607.90000000
1551427200,1551430799,0.01175000,0.01181000,0.01166000,0.01181000,5159.50000000
1551430800,1551434399,0.01172000,0.01172000,0.01172000,0.01172000,900.60000000
1551434400,1551437999,0.01180000,0.01180000,0.01172000,0.01172000,923.70000000
1551438000,1551441599,0.01168000,0.01168000,0.01168000,0.01168000,124.00000000
1551441600,1551445199,0.01168000,0.01168000,0.01162000,0.01162000,3973.50000000
1551445200,1551448799,0.01148000,0.01156000,0.01145000,0.01145000,1127.70000000
1551448800,1551452399,0.01144000,0.01149000,0.01136000,0.01149000,4774.10000000
1551452400,1551455999,0.01138000,0.01144000,0.01131000,0.01131000,4348.50000000
1551456000,1551459599,0.01129000,0.01129000,0.01103000,0.01105000,4550.90000000
1551459600,1551463199,0.01116000,0.01121000,0.01116000,0.01121000,9328.10000000
1551463200,1551466799,0.01112000,0.01117000,0.01112000,0.01117000,898.80000000
1551466800,1551470399,0.01126000,0.01131000,0.01123000,0.01131000,4176.40000000
1551470400,1551473999,0.01119000,0.01119000,0.01119000,0.01119000,454.50000000
1551474000,1551477599,0.01116000,0.01127000,0.01103000,0.01110000,5023.50000000
1551477600,1551481199,0.01110000,0.01110000,0.01110000,0.01110000,0.00000000
1551481200,1551484799,0.01135000,0.01141000,0.01127000,0.01127000,2648.40000000
1551484800,1551488399,0.01127000,0.01127000,0.01127000,0.01127000,0.00000000
1551488400,1551491999,0.01116000,0.01116000,0.01103000,0.01103000,7327.60000000
1551492000,1551495599,0.01105000,0.01105000,0.01103000,0.01103000,1589.20000000
1551495600,1551499199,0.01106000,0.01107000,0.01072000,0.01072000,17337.70000000
1551499200,1551502799,0.01082000,0.01096000,0.01082000,0.01096000,5070.40000000
1551502800,1551506399,0.01107000,0.01135000,0.01107000,0.01135000,627.60000000
1551506400,1551509999,0.01135000,0.01135000,0.01135000,0.01135000,0.00000000
1551510000,1551513599,0.01109000,0.01119000,0.01109000,0.01119000,5117.30000000
1551513600,1551517199,0.01122000,0.01122000,0.01107000,0.01107000,18019.20000000
1551517200,1551520799,0.01107000,0.01107000,0.01107000,0.01107000,0.00000000
1551520800,1551524399,0.01104000,0.01104000,0.01084000,0.01084000,2405.00000000
1551524400,1551527999,0.01098000,0.01116000,0.01095000,0.01095000,961.00000000
1551528000,1551531599,0.01104000,0.01140000,0.01104000,0.01109000,649.50000000
1551531600,1551535199,0.01113000,0.01113000,0.01113000,0.01113000,459.80000000
1551535200,1551538799,0.01107000,0.01107000,0.01100000,0.01100000,558.10000000
1551538800,1551542399,0.01103000,0.01107000,0.01100000,0.01107000,657.00000000
1551542400,1551545999,0.01107000,0.01107000,0.01104000,0.01104000,2167.50000000
1551546000,1551549599,0.01096000,0.01096000,0.01088000,0.01088000,2792.40000000
1551549600,1551553199,0.01091000,0.01097000,0.01091000,0.01095000,1286.50000000
1551553200,1551556799,0.01100000,0.01100000,0.01100000,0.01100000,99.90000000
1551556800,1551560399,0.01100000,0.01100000,0.01085000,0.01085000,4192.00000000
1551560400,1551563999,0.01082000,0.01082000,0.01077000,0.01077000,7190.20000000
1551564000,1551567599,0.01079000,0.01089000,0.01075000,0.01089000,644.50000000
1551567600,1551571199,0.01071000,0.01071000,0.01065000,0.01065000,3507.20000000
1551571200,1551574799,0.01066000,0.01066000,0.01049000,0.01054000,5307.30000000
1551574800,1551578399,0.01066000,0.01067000,0.01061000,0.01065000,8275.40000000
1551578400,1551581999,0.01073000,0.01074000,0.01070000,0.01070000,2907.30000000
1551582000,1551585599,0.01061000,0.01061000,0.01060000,0.01060000,924.00000000
1551585600,1551589199,0.01060000,0.01060000,0.01060000,0.01060000,0.00000000
1551589200,1551592799,0.01060000,0.01060000,0.01060000,0.01060000,0.00000000
1551592800,1551596399,0.01060000,0.01060000,0.01060000,0.01060000,0.00000000
1551596400,1551599999,0.01060000,0.01060000,0.01060000,0.01060000,0.00000000
1551600000,1551603599,0.01060000,0.01060000,0.01060000,0.01060000,0.00000000
1551603600,1551607199,0.01060000,0.01060000,0.01060000,0.01060000,0.00000000
1551607200,1551610799,0.01060000,0.01060000,0.01060000,0.01060000,0.00000000
1551610800,1551614399,0.01096000,0.01096000,0.01096000,0.01096000,289.30000000
1551614400,1551617999,0.01086000,0.01086000,0.01086000,0.01086000,204.70000000
1551618000,1551621599,0.01086000,0.01086000,0.01086000,0.01086000,0.00000000
1551621600,1551625199,0.01086000,0.01086000,0.01086000,0.01086000,0.00000000
1551625200,1551628799,0.01086000,0.01086000,0.01086000,0.01086000,0.00000000
1551628800,1551632399,0.01083000,0.01083000,0.01082000,0.01082000,399.70000000
1551632400,1551635999,0.01082000,0.01082000,0.01082000,0.01082000,0.00000000
1551636000,1551639599,0.01082000,0.01082000,0.01082000,0.01082000,0.00000000
1551639600,1551643199,0.01070000,0.01070000,0.01070000,0.01070000,988.00000000
1551643200,1551646799,0.01069000,0.01069000,0.01069000,0.01069000,971.00000000
1551646800,1551650399,0.01066000,0.01073000,0.01062000,0.01062000,626.90000000
1551650400,1551653999,0.01065000,0.01065000,0.01065000,0.01065000,107.00000000
1551654000,1551657599,0.01067000,0.01070000,0.01039000,0.01060000,4398.10000000
1551657600,1551661199,0.01068000,0.01068000,0.01068000,0.01068000,1097.00000000
1551661200,1551664799,0.01068000,0.01068000,0.01068000,0.01068000,0.00000000
1551664800,1551668399,0.01073000,0.01073000,0.01073000,0.01073000,1157.50000000
1551668400,1551671999,0.01081000,0.01081000,0.01074000,0.01079000,735.90000000
1551672000,1551675599,0.01067000,0.01067000,0.01053000,0.01063000,4007.20000000
1551675600,1551679199,0.01063000,0.01063000,0.01036000,0.01040000,9358.70000000
1551679200,1551682799,0.01033000,0.01035000,0.01030000,0.01031000,4709.70000000
1551682800,1551686399,0.01014000,0.01029000,0.01013000,0.01029000,1769.60000000
1551686400,1551689999,0.01035000,0.01035000,0.01035000,0.01035000,25.10000000
1551690000,1551693599,0.01030000,0.01030000,0.01021000,0.01021000,3546.80000000
1551693600,1551697199,0.01018000,0.01019000,0.00999000,0.01019000,10128.80000000
1551697200,1551700799,0.01019000,0.01019000,0.01019000,0.01019000,0.00000000
1551700800,1551704399,0.01024000,0.01024000,0.01024000,0.01024000,243.40000000
1551704400,1551707999,0.01024000,0.01024000,0.01024000,0.01024000,0.00000000
1551708000,1551711599,0.01008000,0.01020000,0.01006000,0.01020000,4430.30000000
1551711600,1551715199,0.01026000,0.01026000,0.01025000,0.01025000,3589.20000000
1551715200,1551718799,0.01025000,0.01025000,0.01025000,0.01025000,548.90000000
1551718800,1551722399,0.01020000,0.01041000,0.01020000,0.01021000,1257.10000000
1551722400,1551725999,0.01021000,0.01021000,0.01021000,0.01021000,0.00000000
1551726000,1551729599,0.01032000,0.01032000,0.01032000,0.01032000,824.00000000
1551729600,1551733199,0.01021000,0.01021000,0.01021000,0.01021000,229.00000000
1551733200,1551736799,0.01021000,0.01021000,0.01021000,0.01021000,0.00000000
1551736800,1551740399,0.01025000,0.01025000,0.01024000,0.01024000,477.20000000
1551740400,1551743999,0.01019000,0.01049000,0.01019000,0.01049000,289.20000000
1551744000,1551747599,0.01008000,0.01016000,0.01008000,0.01016000,2397.60000000
1551747600,1551751199,0.01018000,0.01018000,0.01017000,0.01017000,479.40000000
1551751200,1551754799,0.01008000,0.01008000,0.00977000,0.00981000,4180.30000000
1551754800,1551758399,0.00965000,0.00965000,0.00933000,0.00933000,4839.50000000
1551758400,1551761999,0.00947000,0.00947000,0.00946000,0.00946000,798.30000000
1551762000,1551765599,0.00931000,0.00931000,0.00911000,0.00911000,3050.30000000
1551765600,1551769199,0.00911000,0.00911000,0.00895000,0.00896000,3756.30000000
1551769200,1551772799,0.00895000,0.00915000,0.00865000,0.00915000,20456.00000000
1551772800,1551776399,0.00909000,0.00915000,0.00896000,0.00903000,3964.60000000
1551776400,1551779999,0.00911000,0.00915000,0.00906000,0.00907000,3756.10000000
1551780000,1551783599,0.00902000,0.00905000,0.00902000,0.00905000,2587.70000000
1551783600,1551787199,0.00893000,0.00895000,0.00883000,0.00883000,11893.50000000
1551787200,1551790799,0.00881000,0.00881000,0.00857000,0.00875000,37036.80000000
1551790800,1551794399,0.00895000,0.00895000,0.00895000,0.00895000,315.00000000
1551794400,1551797999,0.00931000,0.00931000,0.00927000,0.00927000,632.60000000
1551798000,1551801599,0.00933000,0.00955000,0.00933000,0.00938000,21014.40000000
1551801600,1551805199,0.00937000,0.00939000,0.00926000,0.00939000,12381.30000000
1551805200,1551808799,0.00942000,0.00962000,0.00942000,0.00956000,4919.70000000
1551808800,1551812399,0.00956000,0.00956000,0.00922000,0.00922000,24973.40000000
1551812400,1551815999,0.00936000,0.00956000,0.00936000,0.00956000,3525.80000000
1551816000,1551819599,0.00929000,0.00929000,0.00929000,0.00929000,487.00000000
1551819600,1551823199,0.00918000,0.00918000,0.00918000,0.00918000,4159.00000000
1551823200,1551826799,0.00918000,0.00918000,0.00918000,0.00918000,0.00000000
1551826800,1551830399,0.00918000,0.00918000,0.00918000,0.00918000,0.00000000
1551830400,1551833999,0.00931000,0.00937000,0.00924000,0.00925000,6868.50000000
1551834000,1551837599,0.00927000,0.00930000,0.00927000,0.00930000,1375.00000000
1551837600,1551841199,0.00931000,0.00942000,0.00931000,0.00942000,863.20000000
1551841200,1551844799,0.00956000,0.00956000,0.00956000,0.00956000,154.00000000
1551844800,1551848399,0.00936000,0.00936000,0.00936000,0.00936000,348.00000000
1551848400,1551851999,0.00937000,0.00945000,0.00933000,0.00945000,5504.10000000
1551852000,1551855599,0.00955000,0.00956000,0.00944000,0.00949000,3315.60000000
1551855600,1551859199,0.00949000,0.00949000,0.00945000,0.00945000,792.80000000
1551859200,1551862799,0.00958000,0.00958000,0.00958000,0.00958000,207.00000000
1551862800,1551866399,0.00958000,0.00958000,0.00958000,0.00958000,0.00000000
1551866400,1551869999,0.00947000,0.00954000,0.00936000,0.00953000,17698.30000000
1551870000,1551873599,0.00942000,0.00949000,0.00942000,0.00949000,1534.00000000
1551873600,1551877199,0.00949000,0.00949000,0.00949000,0.00949000,0.00000000
1551877200,1551880799,0.00930000,0.00930000,0.00930000,0.00930000,2623.20000000
1551880800,1551884399,0.00927000,0.00927000,0.00917000,0.00917000,18347.30000000
1551884400,1551887999,0.00906000,0.00906000,0.00896000,0.00906000,5189.10000000
1551888000,1551891599,0.00902000,0.00902000,0.00894000,0.00894000,872.90000000
1551891600,1551895199,0.00905000,0.00906000,0.00905000,0.00906000,774.50000000
1551895200,1551898799,0.00908000,0.00908000,0.00908000,0.00908000,112.00000000
1551898800,1551902399,0.00890000,0.00894000,0.00885000,0.00890000,723.20000000
1551902400,1551905999,0.00879000,0.00884000,0.00875000,0.00884000,616.70000000
1551906000,1551909599,0.00884000,0.00884000,0.00884000,0.00884000,0.00000000
1551909600,1551913199,0.00863000,0.00863000,0.00842000,0.00852000,6860.60000000
1551913200,1551916799,0.00866000,0.00874000,0.00850000,0.00852000,7019.30000000
1551916800,1551920399,0.00845000,0.00852000,0.00845000,0.00852000,2254.70000000
1551920400,1551923999,0.00851000,0.00851000,0.00851000,0.00851000,662.60000000
1551924000,1551927599,0.00833000,0.00840000,0.00826000,0.00826000,880.90000000
1551927600,1551931199,0.00824000,0.00824000,0.00824000,0.00824000,471.50000000
1551931200,1551934799,0.00796000,0.00807000,0.00796000,0.00807000,6411.60000000
1551934800,1551938399,0.00814000,0.00834000,0.00809000,0.00827000,6781.40000000
1551938400,1551941999,0.00817000,0.00859000,0.00813000,0.00817000,10695.10000000
1551942000,1551945599,0.00815000,0.00819000,0.00806000,0.00819000,16301.20000000
1551945600,1551949199,0.00822000,0.00828000,0.00818000,0.00826000,11699.90000000
1551949200,1551952799,0.00826000,0.00837000,0.00826000,0.00830000,1266.50000000
1551952800,1551956399,0.00841000,0.00842000,0.00820000,0.00831000,18201.40000000
1551956400,1551959999,0.00832000,0.00840000,0.00823000,0.00840000,9050.70000000
1551960000,1551963599,0.00840000,0.00897000,0.00838000,0.00874000,26980.70000000
1551963600,1551967199,0.00872000,0.00895000,0.00847000,0.00863000,24743.80000000
1551967200,1551970799,0.00855000,0.00896000,0.00855000,0.00893000,22215.70000000
1551970800,1551974399,0.00896000,0.00909000,0.00890000,0.00890000,17998.70000000
1551974400,1551977999,0.00876000,0.00895000,0.00872000,0.00880000,21576.70000000
1551978000,1551981599,0.00871000,0.00873000,0.00868000,0.00868000,5521.70000000
1551981600,1551985199,0.00879000,0.00879000,0.00853000,0.00853000,20221.50000000
1551985200,1551988799,0.00878000,0.00878000,0.00878000,0.00878000,1013.70000000
1551988800,1551992399,0.00868000,0.00870000,0.00868000,0.00870000,4149.40000000
1551992400,1551995999,0.00870000,0.00870000,0.00860000,0.00860000,6312.10000000
1551996000,1551999599,0.00860000,0.00860000,0.00860000,0.00860000,0.00000000
1551999600,1552003199,0.00870000,0.00870000,0.00870000,0.00870000,222.00000000
1552003200,1552006799,0.00883000,0.00893000,0.00883000,0.00887000,4698.00000000
1552006800,1552010399,0.00887000,0.00887000,0.00887000,0.00887000,0.00000000
1552010400,1552013999,0.00860000,0.00860000,0.00860000,0.00860000,5186.70000000
1552014000,1552017599,0.00860000,0.00860000,0.00860000,0.00860000,0.00000000
1552017600,1552021199,0.00860000,0.00871000,0.00860000,0.00869000,30621.20000000
1552021200,1552024799,0.00864000,0.00864000,0.00858000,0.00864000,2835.00000000
1552024800,1552028399,0.00864000,0.00864000,0.00864000,0.00864000,0.00000000
1552028400,1552031999,0.00883000,0.00897000,0.00883000,0.00897000,35332.30000000
1552032000,1552035599,0.00902000,0.00922000,0.00902000,0.00922000,8028.10000000
1552035600,1552039199,0.00926000,0.00926000,0.00920000,0.00926000,3927.90000000
1552039200,1552042799,0.00890000,0.00890000,0.00887000,0.00887000,1907.70000000
1552042800,1552046399,0.00889000,0.00901000,0.00889000,0.00901000,1695.00000000
1552046400,1552049999,0.00892000,0.00899000,0.00892000,0.00897000,9925.40000000
1552050000,1552053599,0.00897000,0.00897000,0.00897000,0.00897000,0.00000000
1552053600,1552057199,0.00905000,0.00917000,0.00905000,0.00917000,1501.50000000
1552057200,1552060799,0.00918000,0.00918000,0.00910000,0.00910000,1451.00000000
1552060800,1552064399,0.00928000,0.00928000,0.00917000,0.00917000,2188.40000000
1552064400,1552067999,0.00936000,0.00943000,0.00935000,0.00935000,969.70000000
1552068000,1552071599,0.00942000,0.00942000,0.00942000,0.00942000,331.50000000
1552071600,1552075199,0.00921000,0.00921000,0.00921000,0.00921000,247.70000000
1552075200,1552078799,0.00903000,0.00903000,0.00897000,0.00897000,2159.20000000
1552078800,1552082399,0.00893000,0.00898000,0.00893000,0.00898000,549.20000000
1552082400,1552085999,0.00905000,0.00905000,0.00888000,0.00888000,2694.60000000
1552086000,1552089599,0.00899000,0.00903000,0.00881000,0.00881000,4892.90000000
1552089600,1552093199,0.00881000,0.00930000,0.00881000,0.00920000,6114.70000000
1552093200,1552096799,0.00927000,0.00927000,0.00911000,0.00911000,466.00000000
1552096800,1552100399,0.00899000,0.00905000,0.00873000,0.00873000,2870.20000000
1552100400,1552103999,0.00872000,0.00876000,0.00857000,0.00857000,9554.40000000
1552104000,1552107599,0.00859000,0.00862000,0.00859000,0.00862000,788.40000000
1552107600,1552111199,0.00887000,0.00892000,0.00884000,0.00892000,1995.00000000
1552111200,1552114799,0.00892000,0.00892000,0.00892000,0.00892000,0.00000000
1552114800,1552118399,0.00909000,0.00909000,0.00909000,0.00909000,751.20000000
1552118400,1552121999,0.00888000,0.00896000,0.00888000,0.00896000,2205.40000000
1552122000,1552125599,0.00892000,0.00903000,0.00892000,0.00902000,6511.20000000
1552125600,1552129199,0.00914000,0.00914000,0.00914000,0.00914000,796.20000000
1552129200,1552132799,0.00914000,0.00914000,0.00914000,0.00914000,0.00000000
1552132800,1552136399,0.00904000,0.00911000,0.00898000,0.00911000,10841.30000000
1552136400,1552139999,0.00914000,0.00921000,0.00911000,0.00911000,3907.00000000
1552140000,1552143599,0.00925000,0.00954000,0.00925000,0.00954000,689.40000000
1552143600,1552147199,0.00952000,0.00952000,0.00911000,0.00913000,5423.90000000
1552147200,1552150799,0.00933000,0.00933000,0.00933000,0.00933000,213.40000000
1552150800,1552154399,0.00911000,0.00911000,0.00907000,0.00907000,163.30000000
1552154400,1552157999,0.00901000,0.00901000,0.00901000,0.00901000,140.00000000
1552158000,1552161599,0.00901000,0.00901000,0.00901000,0.00901000,0.00000000
1552161600,1552165199,0.00901000,0.00901000,0.00901000,0.00901000,0.00000000
1552165200,1552168799,0.00901000,0.00901000,0.00901000,0.00901000,0.00000000
1552168800,1552172399,0.00913000,0.00929000,0.00913000,0.00913000,533.90000000
1552172400,1552175999,0.00913000,0.00913000,0.00913000,0.00913000,0.00000000
1552176000,1552179599,0.00936000,0.00977000,0.00925000,0.00950000,26356.00000000
1552179600,1552183199,0.00944000,0.00944000,0.00944000,0.00944000,1002.00000000
1552183200,1552186799,0.00957000,0.00957000,0.00940000,0.00944000,2395.50000000
1552186800,1552190399,0.00937000,0.00946000,0.00936000,0.00946000,2295.40000000
1552190400,1552193999,0.00941000,0.00941000,0.00941000,0.00941000,1620.60000000
1552194000,1552197599,0.00941000,0.00941000,0.00941000,0.00941000,0.00000000
1552197600,1552201199,0.00954000,0.00955000,0.00954000,0.00955000,3528.10000000
1552201200,1552204799,0.00959000,0.00959000,0.00959000,0.00959000,150.00000000
1552204800,1552208399,0.00944000,0.00977000,0.00944000,0.00962000,1208.20000000
1552208400,1552211999,0.00961000,0.00961000,0.00961000,0.00961000,588.00000000
1552212000,1552215599,0.00961000,0.00961000,0.00961000,0.00961000,4177.20000000
1552215600,1552219199,0.00961000,0.00961000,0.00961000,0.00961000,0.00000000
1552219200,1552222799,0.00951000,0.00955000,0.00951000,0.00951000,3842.90000000
1552222800,1552226399,0.00969000,0.00979000,0.00969000,0.00977000,907.50000000
1552226400,1552229999,0.00973000,0.00973000,0.00973000,0.00973000,313.00000000
1552230000,1552233599,0.00972000,0.00999000,0.00972000,0.00981000,3665.40000000
1552233600,1552237199,0.00994000,0.00995000,0.00988000,0.00988000,6911.30000000
1552237200,1552240799,0.00988000,0.00988000,0.00988000,0.00988000,0.00000000
1552240800,1552244399,0.00999000,0.01013000,0.00998000,0.00998000,44190.20000000
1552244400,1552247999,0.01004000,0.01018000,0.01004000,0.01007000,1563.00000000
1552248000,1552251599,0.01000000,0.01006000,0.00997000,0.01006000,3084.30000000
1552251600,1552255199,0.00997000,0.00997000,0.00997000,0.00997000,150.00000000
1552255200,1552258799,0.00982000,0.00993000,0.00982000,0.00993000,8404.80000000
1552258800,1552262399,0.00971000,0.00971000,0.00971000,0.00971000,3253.40000000
1552262400,1552265999,0.00971000,0.00971000,0.00970000,0.00970000,19591.50000000
1552266000,1552269599,0.00964000,0.00967000,0.00956000,0.00967000,2550.70000000
1552269600,1552273199,0.00967000,0.00987000,0.00967000,0.00987000,3128.20000000
1552273200,1552276799,0.00987000,0.01014000,0.00980000,0.00996000,2785.80000000
1552276800,1552280399,0.01008000,0.01034000,0.00996000,0.01034000,15235.60000000
1552280400,1552283999,0.00993000,0.00999000,0.00984000,0.00999000,4111.00000000
1552284000,1552287599,0.00976000,0.00976000,0.00929000,0.00941000,6524.00000000
1552287600,1552291199,0.00939000,0.00946000,0.00925000,0.00935000,9578.30000000
1552291200,1552294799,0.00926000,0.00928000,0.00885000,0.00917000,15091.80000000
1552294800,1552298399,0.00926000,0.00926000,0.00925000,0.00925000,615.00000000
1552298400,1552301999,0.00928000,0.00929000,0.00925000,0.00925000,1159.50000000
1552302000,1552305599,0.00925000,0.00925000,0.00925000,0.00925000,210.00000000
1552305600,1552309199,0.00925000,0.00925000,0.00925000,0.00925000,492.40000000
1552309200,1552312799,0.00920000,0.00920000,0.00915000,0.00915000,493.00000000
1552312800,1552316399,0.00938000,0.00991000,0.00938000,0.00987000,20091.50000000
1552316400,1552319999,0.01019000,0.01035000,0.00940000,0.00949000,36924.70000000
1552320000,1552323599,0.00945000,0.00952000,0.00944000,0.00944000,3015.80000000
1552323600,1552327199,0.00951000,0.00965000,0.00951000,0.00957000,4679.60000000
1552327200,1552330799,0.00978000,0.01005000,0.00962000,0.00964000,15622.40000000
1552330800,1552334399,0.00982000,0.01006000,0.00975000,0.00986000,2752.50000000
1552334400,1552337999,0.00986000,0.01000000,0.00966000,0.00974000,8261.40000000
1552338000,1552341599,0.00979000,0.01038000,0.00979000,0.00986000,9453.90000000
1552341600,1552345199,0.00990000,0.00990000,0.00990000,0.00990000,199.30000000
1552345200,1552348799,0.00998000,0.00999000,0.00998000,0.00999000,1608.30000000
1552348800,1552352399,0.00998000,0.01097000,0.00996000,0.00998000,38546.10000000
1552352400,1552355999,0.00987000,0.00996000,0.00970000,0.00971000,3014.90000000
1552377600,1552381199,0.00987000,0.01045000,0.00972000,0.01045000,16082.70000000
1552381200,1552384799,0.01061000,0.01061000,0.00986000,0.00986000,1258.80000000
1552384800,1552388399,0.00997000,0.01046000,0.00994000,0.01004000,16300.20000000
1552388400,1552391999,0.01004000,0.01025000,0.00983000,0.00983000,15505.30000000
1552392000,1552395599,0.00976000,0.00976000,0.00953000,0.00966000,6552.40000000
1552395600,1552399199,0.01020000,0.01148000,0.00990000,0.01008000,173367.20000000
1552399200,1552402799,0.00984000,0.01004000,0.00981000,0.00991000,11197.50000000
1552402800,1552406399,0.00990000,0.00990000,0.00977000,0.00977000,1804.50000000
1552406400,1552409999,0.00976000,0.00988000,0.00925000,0.00937000,97459.00000000
1552410000,1552413599,0.00936000,0.00943000,0.00935000,0.00943000,1968.40000000
1552413600,1552417199,0.00947000,0.00947000,0.00947000,0.00947000,2679.90000000
1552417200,1552420799,0.00946000,0.00947000,0.00940000,0.00940000,2936.00000000
1552420800,1552424399,0.00940000,0.00940000,0.00940000,0.00940000,0.00000000
1552424400,1552427999,0.00943000,0.00943000,0.00943000,0.00943000,212.00000000
1552428000,1552431599,0.00934000,0.00942000,0.00934000,0.00942000,5443.10000000
1552431600,1552435199,0.00941000,0.00949000,0.00939000,0.00939000,6889.70000000
1552435200,1552438799,0.00933000,0.00933000,0.00932000,0.00932000,1276.00000000
1552438800,1552442399,0.00924000,0.00924000,0.00921000,0.00924000,3647.30000000
1552442400,1552445999,0.00928000,0.00928000,0.00914000,0.00916000,18118.20000000
1552446000,1552449599,0.00923000,0.00939000,0.00923000,0.00938000,8779.80000000
1552449600,1552453199,0.00926000,0.00926000,0.00926000,0.00926000,519.90000000
1552453200,1552456799,0.00928000,0.00930000,0.00928000,0.00928000,12656.10000000
1552456800,1552460399,0.00928000,0.00928000,0.00928000,0.00928000,0.00000000
1552460400,1552463999,0.00935000,0.00944000,0.00935000,0.00939000,1311.30000000
1552464000,1552467599,0.00939000,0.00946000,0.00937000,0.00937000,3698.20000000
1552467600,1552471199,0.00944000,0.00944000,0.00944000,0.00944000,808.00000000
1552471200,1552474799,0.00942000,0.00942000,0.00920000,0.00920000,8997.10000000
1552474800,1552478399,0.00929000,0.00929000,0.00929000,0.00929000,215.20000000
1552478400,1552481999,0.00929000,0.00929000,0.00910000,0.00920000,1647.40000000
1552482000,1552485599,0.00919000,0.00926000,0.00919000,0.00924000,2113.90000000
1552485600,1552489199,0.00929000,0.00938000,0.00929000,0.00929000,325.80000000
1552489200,1552492799,0.00925000,0.00929000,0.00925000,0.00926000,999.70000000
1552492800,1552496399,0.00926000,0.00926000,0.00926000,0.00926000,0.00000000
1552496400,1552499999,0.00926000,0.00926000,0.00926000,0.00926000,0.00000000
1552500000,1552503599,0.00926000,0.00926000,0.00926000,0.00926000,0.00000000
1552503600,1552507199,0.00926000,0.00926000,0.00926000,0.00926000,0.00000000
1552507200,1552510799,0.00926000,0.00926000,0.00926000,0.00926000,0.00000000
1552510800,1552514399,0.00924000,0.00925000,0.00924000,0.00925000,4302.00000000
1552514400,1552517999,0.00929000,0.00929000,0.00929000,0.00929000,115.60000000
1552518000,1552521599,0.00929000,0.00929000,0.00929000,0.00929000,0.00000000
1552521600,1552525199,0.00929000,0.00929000,0.00929000,0.00929000,0.00000000
1552525200,1552528799,0.00929000,0.00937000,0.00929000,0.00937000,858.70000000
1552528800,1552532399,0.00945000,0.00945000,0.00945000,0.00945000,215.40000000
1552532400,1552535999,0.00948000,0.00959000,0.00948000,0.00952000,1926.80000000
1552536000,1552539599,0.00960000,0.00960000,0.00957000,0.00957000,3144.00000000
1552539600,1552543199,0.00954000,0.00954000,0.00952000,0.00954000,5083.80000000
1552543200,1552546799,0.00959000,0.00959000,0.00957000,0.00957000,4752.30000000
1552546800,1552550399,0.00957000,0.00957000,0.00957000,0.00957000,0.00000000
1552550400,1552553999,0.00957000,0.00957000,0.00957000,0.00957000,0.00000000
1552554000,1552557599,0.00957000,0.00957000,0.00957000,0.00957000,0.00000000
1552557600,1552561199,0.00957000,0.00957000,0.00957000,0.00957000,0.00000000
1552561200,1552564799,0.00979000,0.01015000,0.00979000,0.00990000,6262.60000000
1552564800,1552568399,0.00989000,0.00990000,0.00989000,0.00990000,960.00000000
1552568400,1552571999,0.00981000,0.00981000,0.00981000,0.00981000,168.00000000
1552572000,1552575599,0.00978000,0.00978000,0.00970000,0.00977000,953.10000000
1552575600,1552579199,0.00977000,0.00977000,0.00977000,0.00977000,0.00000000
1552579200,1552582799,0.00977000,0.00977000,0.00977000,0.00977000,0.00000000
1552582800,1552586399,0.00977000,0.00977000,0.00967000,0.00967000,1204.30000000
1552586400,1552589999,0.00962000,0.00962000,0.00962000,0.00962000,185.80000000
1552590000,1552593599,0.00965000,0.00965000,0.00956000,0.00959000,1028.70000000
1552593600,1552597199,0.00959000,0.00969000,0.00953000,0.00964000,1070.50000000
1552597200,1552600799,0.00964000,0.00964000,0.00960000,0.00960000,1102.20000000
1552600800,1552604399,0.00960000,0.00960000,0.00960000,0.00960000,0.90000000
1552604400,1552607999,0.00968000,0.00968000,0.00967000,0.00967000,571.70000000
1552608000,1552611599,0.00976000,0.00996000,0.00968000,0.00968000,1893.70000000
1552611600,1552615199,0.00968000,0.00968000,0.00968000,0.00968000,0.00000000
1552615200,1552618799,0.00968000,0.00968000,0.00968000,0.00968000,0.00000000
1552618800,1552622399,0.00968000,0.00968000,0.00968000,0.00968000,0.00000000
1552622400,1552625999,0.00968000,0.00968000,0.00968000,0.00968000,0.00000000
1552626000,1552629599,0.00960000,0.00970000,0.00960000,0.00970000,361.50000000
1552629600,1552633199,0.00970000,0.00970000,0.00970000,0.00970000,0.00000000
1552633200,1552636799,0.00960000,0.00960000,0.00960000,0.00960000,200.00000000
1552636800,1552640399,0.00951000,0.00951000,0.00948000,0.00948000,926.90000000
1552640400,1552643999,0.00996000,0.00996000,0.00961000,0.00961000,314.70000000
1552644000,1552647599,0.00961000,0.00961000,0.00961000,0.00961000,0.00000000
1552647600,1552651199,0.00961000,0.00961000,0.00961000,0.00961000,0.00000000
1552651200,1552654799,0.00987000,0.00987000,0.00987000,0.00987000,104.00000000
1552654800,1552658399,0.00970000,0.00977000,0.00965000,0.00965000,1552.40000000
1552658400,1552661999,0.00968000,0.00971000,0.00967000,0.00971000,1568.20000000
1552662000,1552665599,0.00971000,0.00971000,0.00971000,0.00971000,0.00000000
1552665600,1552669199,0.00970000,0.00970000,0.00970000,0.00970000,1603.20000000
1552669200,1552672799,0.00964000,0.00964000,0.00964000,0.00964000,1588.50000000
1552672800,1552676399,0.00996000,0.00996000,0.00965000,0.00965000,453.70000000
1552676400,1552679999,0.00965000,0.00965000,0.00965000,0.00965000,0.00000000
1552680000,1552683599,0.00965000,0.00965000,0.00965000,0.00965000,0.00000000
1552683600,1552687199,0.00967000,0.00967000,0.00967000,0.00967000,309.50000000
1552687200,1552690799,0.00967000,0.00967000,0.00967000,0.00967000,0.00000000
1552690800,1552694399,0.00978000,0.00978000,0.00978000,0.00978000,267.00000000
1552694400,1552697999,0.00979000,0.00979000,0.00972000,0.00972000,2285.60000000
1552698000,1552701599,0.00972000,0.00985000,0.00972000,0.00985000,4309.00000000
1552701600,1552705199,0.00985000,0.00985000,0.00985000,0.00985000,0.00000000
1552705200,1552708799,0.00985000,0.00985000,0.00985000,0.00985000,0.00000000
1552708800,1552712399,0.00980000,0.00983000,0.00980000,0.00983000,1647.40000000
1552712400,1552715999,0.00991000,0.00991000,0.00964000,0.00964000,5402.50000000
1552716000,1552719599,0.00964000,0.00964000,0.00964000,0.00964000,0.00000000
1552719600,1552723199,0.00954000,0.00954000,0.00945000,0.00945000,5391.10000000
1552723200,1552726799,0.00944000,0.00948000,0.00944000,0.00948000,3963.70000000
1552726800,1552730399,0.00945000,0.00945000,0.00945000,0.00945000,783.70000000
1552730400,1552733999,0.00936000,0.00936000,0.00921000,0.00921000,4209.30000000
1552734000,1552737599,0.00923000,0.00924000,0.00923000,0.00924000,2460.20000000
1552737600,1552741199,0.00924000,0.00924000,0.00924000,0.00924000,0.00000000
1552741200,1552744799,0.00924000,0.00924000,0.00924000,0.00924000,0.00000000
1552744800,1552748399,0.00913000,0.00913000,0.00913000,0.00913000,519.00000000
1552748400,1552751999,0.00913000,0.00913000,0.00913000,0.00913000,0.00000000
1552752000,1552755599,0.00920000,0.00920000,0.00920000,0.00920000,267.10000000
1552755600,1552759199,0.00923000,0.00923000,0.00923000,0.00923000,157.00000000
1552759200,1552762799,0.00922000,0.00922000,0.00920000,0.00920000,1360.00000000
1552762800,1552766399,0.00923000,0.00931000,0.00919000,0.00919000,1351.90000000
1552766400,1552769999,0.00919000,0.00919000,0.00919000,0.00919000,0.00000000
1552770000,1552773599,0.00910000,0.00910000,0.00909000,0.00910000,723.00000000
1552773600,1552777199,0.00917000,0.00917000,0.00906000,0.00906000,4953.70000000
1552777200,1552780799,0.00906000,0.00914000,0.00897000,0.00897000,11664.00000000
1552780800,1552784399,0.00901000,0.00901000,0.00897000,0.00901000,1296.80000000
1552784400,1552787999,0.00910000,0.00910000,0.00906000,0.00906000,2960.50000000
1552788000,1552791599,0.00913000,0.00913000,0.00913000,0.00913000,182.00000000
1552791600,1552795199,0.00913000,0.00913000,0.00913000,0.00913000,0.00000000
1552795200,1552798799,0.00913000,0.00913000,0.00913000,0.00913000,0.00000000
1552798800,1552802399,0.00913000,0.00913000,0.00913000,0.00913000,0.00000000
1552802400,1552805999,0.00914000,0.00914000,0.00914000,0.00914000,1515.60000000
1552806000,1552809599,0.00914000,0.00914000,0.00914000,0.00914000,0.00000000
1552809600,1552813199,0.00914000,0.00914000,0.00914000,0.00914000,0.00000000
1552813200,1552816799,0.00922000,0.00922000,0.00922000,0.00922000,112.20000000
1552816800,1552820399,0.00947000,0.00947000,0.00913000,0.00922000,36166.80000000
1552820400,1552823999,0.00922000,0.00922000,0.00922000,0.00922000,0.00000000
1552824000,1552827599,0.00931000,0.00931000,0.00931000,0.00931000,220.00000000
1552827600,1552831199,0.00931000,0.00931000,0.00931000,0.00931000,4920.60000000
1552831200,1552834799,0.00940000,0.00970000,0.00940000,0.00946000,27210.10000000
1552834800,1552838399,0.00945000,0.00945000,0.00942000,0.00942000,1516.40000000
1552838400,1552841999,0.00939000,0.00939000,0.00939000,0.00939000,213.00000000
1552842000,1552845599,0.00935000,0.00935000,0.00934000,0.00934000,2706.60000000
1552845600,1552849199,0.00943000,0.00943000,0.00943000,0.00943000,484.50000000
1552849200,1552852799,0.00943000,0.00943000,0.00943000,0.00943000,0.00000000
1552852800,1552856399,0.00943000,0.00943000,0.00943000,0.00943000,0.00000000
1552856400,1552859999,0.00933000,0.00944000,0.00933000,0.00944000,616.50000000
1552860000,1552863599,0.00941000,0.00941000,0.00941000,0.00941000,193.90000000
1552863600,1552867199,0.00941000,0.00941000,0.00941000,0.00941000,0.00000000
1552867200,1552870799,0.00941000,0.00941000,0.00941000,0.00941000,0.00000000
1552870800,1552874399,0.00941000,0.00941000,0.00941000,0.00941000,0.00000000
1552874400,1552877999,0.00941000,0.00941000,0.00941000,0.00941000,0.00000000
1552878000,1552881599,0.00941000,0.00941000,0.00941000,0.00941000,0.00000000
1552881600,1552885199,0.00934000,0.00934000,0.00934000,0.00934000,214.10000000
1552885200,1552888799,0.00933000,0.00933000,0.00933000,0.00933000,189.00000000
1552888800,1552892399,0.00930000,0.00930000,0.00930000,0.00930000,344.80000000
1552892400,1552895999,0.00930000,0.00930000,0.00930000,0.00930000,0.00000000
1552896000,1552899599,0.00927000,0.00929000,0.00927000,0.00929000,12290.00000000
1552899600,1552903199,0.00919000,0.00919000,0.00900000,0.00900000,17145.90000000
1552903200,1552906799,0.00920000,0.00920000,0.00906000,0.00907000,976.00000000
1552906800,1552910399,0.00907000,0.00907000,0.00907000,0.00907000,0.00000000
1552910400,1552913999,0.00929000,0.00929000,0.00922000,0.00922000,1499.00000000
1552914000,1552917599,0.00922000,0.00922000,0.00922000,0.00922000,0.00000000
1552917600,1552921199,0.00926000,0.00927000,0.00926000,0.00927000,576.80000000
1552921200,1552924799,0.00922000,0.00922000,0.00922000,0.00922000,385.00000000
1552924800,1552928399,0.00922000,0.00922000,0.00922000,0.00922000,0.00000000
1552928400,1552931999,0.00922000,0.00922000,0.00922000,0.00922000,0.00000000
1552932000,1552935599,0.00922000,0.00922000,0.00922000,0.00922000,0.00000000
1552935600,1552939199,0.00919000,0.00919000,0.00917000,0.00918000,1184.70000000
1552939200,1552942799,0.00916000,0.00916000,0.00916000,0.00916000,110.00000000
1552942800,1552946399,0.00916000,0.00916000,0.00916000,0.00916000,0.00000000
1552946400,1552949999,0.00917000,0.00917000,0.00917000,0.00917000,463.70000000
1552950000,1552953599,0.00917000,0.00917000,0.00917000,0.00917000,0.00000000
1552953600,1552957199,0.00922000,0.00922000,0.00922000,0.00922000,434.50000000
1552957200,1552960799,0.00911000,0.00911000,0.00911000,0.00911000,2638.70000000
1552960800,1552964399,0.00911000,0.00911000,0.00911000,0.00911000,0.00000000
1552964400,1552967999,0.00920000,0.00920000,0.00920000,0.00920000,315.70000000
1552968000,1552971599,0.00920000,0.00920000,0.00920000,0.00920000,0.00000000
1552971600,1552975199,0.00903000,0.00903000,0.00899000,0.00899000,445.10000000
1552975200,1552978799,0.00899000,0.00899000,0.00899000,0.00899000,0.00000000
1552978800,1552982399,0.00899000,0.00899000,0.00899000,0.00899000,0.00000000
1552982400,1552985999,0.00899000,0.00899000,0.00899000,0.00899000,0.00000000
1552986000,1552989599,0.00894000,0.00894000,0.00887000,0.00891000,11803.10000000
1552989600,1552993199,0.00891000,0.00891000,0.00891000,0.00891000,0.00000000
1552993200,1552996799,0.00896000,0.00904000,0.00888000,0.00888000,8337.10000000
1552996800,1553000399,0.00901000,0.00901000,0.00901000,0.00901000,2723.00000000
1553000400,1553003999,0.00902000,0.00909000,0.00901000,0.00909000,7153.40000000
1553004000,1553007599,0.00927000,0.00943000,0.00906000,0.00923000,5197.00000000
1553007600,1553011199,0.00923000,0.00923000,0.00910000,0.00910000,4557.70000000
1553011200,1553014799,0.00916000,0.00926000,0.00916000,0.00920000,3279.40000000
1553014800,1553018399,0.00920000,0.00920000,0.00920000,0.00920000,0.00000000
1553018400,1553021999,0.00920000,0.00920000,0.00920000,0.00920000,0.00000000
1553022000,1553025599,0.00920000,0.00920000,0.00920000,0.00920000,0.00000000
1553025600,1553029199,0.00920000,0.00920000,0.00920000,0.00920000,0.00000000
1553029200,1553032799,0.00930000,0.00930000,0.00930000,0.00930000,1465.70000000
1553032800,1553036399,0.00930000,0.00930000,0.00930000,0.00930000,0.00000000
1553036400,1553039999,0.00930000,0.00930000,0.00930000,0.00930000,0.00000000
1553040000,1553043599,0.00933000,0.00951000,0.00933000,0.00950000,5274.90000000
1553043600,1553047199,0.00934000,0.00934000,0.00920000,0.00920000,6403.30000000
1553047200,1553050799,0.00920000,0.00920000,0.00920000,0.00920000,0.00000000
1553050800,1553054399,0.00920000,0.00920000,0.00920000,0.00920000,0.00000000
1553054400,1553057999,0.00937000,0.00937000,0.00937000,0.00937000,107.00000000
1553058000,1553061599,0.00940000,0.00940000,0.00935000,0.00936000,1023.20000000
1553061600,1553065199,0.00942000,0.00942000,0.00942000,0.00942000,320.40000000
1553065200,1553068799,0.00941000,0.00941000,0.00940000,0.00940000,4426.50000000
1553068800,1553072399,0.00940000,0.00940000,0.00940000,0.00940000,536.80000000
1553072400,1553075999,0.00940000,0.00940000,0.00940000,0.00940000,0.00000000
1553076000,1553079599,0.00940000,0.00940000,0.00940000,0.00940000,0.00000000
1553079600,1553083199,0.00940000,0.00940000,0.00940000,0.00940000,0.00000000
1553083200,1553086799,0.00956000,0.00974000,0.00951000,0.00955000,4405.90000000
1553086800,1553090399,0.00955000,0.00964000,0.00955000,0.00964000,996.60000000
1553090400,1553093999,0.00964000,0.00966000,0.00964000,0.00966000,386.50000000
1553094000,1553097599,0.00961000,0.00961000,0.00957000,0.00957000,2865.90000000
1553097600,1553101199,0.00960000,0.00960000,0.00950000,0.00950000,4295.70000000
1553101200,1553104799,0.00951000,0.00951000,0.00951000,0.00951000,128.90000000
1553104800,1553108399,0.00951000,0.00951000,0.00951000,0.00951000,0.00000000
1553108400,1553111999,0.00961000,0.00961000,0.00961000,0.00961000,248.40000000
1553112000,1553115599,0.00961000,0.00961000,0.00961000,0.00961000,0.00000000
1553115600,1553119199,0.00961000,0.00961000,0.00961000,0.00961000,0.00000000
1553119200,1553122799,0.00961000,0.00961000,0.00961000,0.00961000,0.00000000
1553122800,1553126399,0.00961000,0.00961000,0.00961000,0.00961000,0.00000000
1553126400,1553129999,0.00961000,0.00961000,0.00961000,0.00961000,0.00000000
1553130000,1553133599,0.00961000,0.00961000,0.00961000,0.00961000,0.00000000
1553133600,1553137199,0.00945000,0.00945000,0.00945000,0.00945000,105.90000000
1553137200,1553140799,0.00945000,0.00945000,0.00945000,0.00945000,0.00000000
1553140800,1553144399,0.00945000,0.00945000,0.00945000,0.00945000,0.00000000
1553144400,1553147999,0.00945000,0.00945000,0.00945000,0.00945000,0.00000000
1553148000,1553151599,0.00945000,0.00945000,0.00945000,0.00945000,0.00000000
1553151600,1553155199,0.00945000,0.00945000,0.00945000,0.00945000,0.00000000
1553155200,1553158799,0.00945000,0.00945000,0.00945000,0.00945000,0.00000000
1553158800,1553162399,0.00945000,0.00945000,0.00945000,0.00945000,0.00000000
1553162400,1553165999,0.00958000,0.00958000,0.00958000,0.00958000,301.40000000
1553166000,1553169599,0.00963000,0.00963000,0.00963000,0.00963000,1120.00000000
1553169600,1553173199,0.00963000,0.00963000,0.00963000,0.00963000,0.00000000
1553173200,1553176799,0.00973000,0.00999000,0.00973000,0.00976000,1443.10000000
1553176800,1553180399,0.00976000,0.00981000,0.00928000,0.00935000,26327.00000000
1553180400,1553183999,0.00926000,0.00932000,0.00895000,0.00929000,15632.80000000
1553184000,1553187599,0.00936000,0.00936000,0.00936000,0.00936000,277.70000000
1553187600,1553191199,0.00934000,0.00945000,0.00927000,0.00936000,1245.60000000
1553191200,1553194799,0.00936000,0.00936000,0.00936000,0.00936000,0.00000000
1553194800,1553198399,0.00936000,0.00936000,0.00936000,0.00936000,0.00000000
1553198400,1553201999,0.00936000,0.00936000,0.00936000,0.00936000,0.00000000
1553202000,1553205599,0.00942000,0.00942000,0.00936000,0.00936000,1282.20000000
1553205600,1553209199,0.00944000,0.00947000,0.00944000,0.00946000,1284.20000000
1553209200,1553212799,0.00948000,0.00948000,0.00948000,0.00948000,109.00000000
1553212800,1553216399,0.00974000,0.01036000,0.00950000,0.00957000,89167.70000000
1553216400,1553219999,0.00952000,0.00952000,0.00950000,0.00950000,1038.90000000
1553220000,1553223599,0.00967000,0.00976000,0.00967000,0.00974000,5673.40000000
1553223600,1553227199,0.00966000,0.00971000,0.00959000,0.00959000,9308.90000000
1553227200,1553230799,0.00967000,0.00967000,0.00943000,0.00943000,7360.40000000
1553230800,1553234399,0.00955000,0.00962000,0.00947000,0.00962000,3571.40000000
1553234400,1553237999,0.00970000,0.00978000,0.00970000,0.00978000,2717.90000000
1553238000,1553241599,0.00983000,0.00983000,0.00967000,0.00967000,2776.40000000
1553241600,1553245199,0.00967000,0.00967000,0.00960000,0.00960000,3066.00000000
1553245200,1553248799,0.00949000,0.00949000,0.00943000,0.00943000,3117.00000000
1553248800,1553252399,0.00949000,0.00950000,0.00944000,0.00944000,7022.60000000
1553252400,1553255999,0.00947000,0.00947000,0.00938000,0.00938000,3493.70000000
1553256000,1553259599,0.00938000,0.00938000,0.00938000,0.00938000,0.00000000
1553259600,1553263199,0.00938000,0.00938000,0.00938000,0.00938000,0.00000000
1553263200,1553266799,0.00924000,0.00956000,0.00924000,0.00943000,19214.70000000
1553266800,1553270399,0.00941000,0.00974000,0.00941000,0.00974000,11147.60000000
1553270400,1553273999,0.00965000,0.00971000,0.00958000,0.00958000,3445.70000000
1553274000,1553277599,0.00956000,0.00959000,0.00940000,0.00955000,13735.70000000
1553277600,1553281199,0.00955000,0.00955000,0.00955000,0.00955000,0.00000000
1553281200,1553284799,0.00945000,0.00945000,0.00945000,0.00945000,162.00000000
1553284800,1553288399,0.00950000,0.00950000,0.00950000,0.00950000,238.00000000
1553288400,1553291999,0.00946000,0.00950000,0.00946000,0.00950000,9613.80000000
1553292000,1553295599,0.00943000,0.00943000,0.00943000,0.00943000,2079.50000000
1553295600,1553299199,0.00939000,0.00939000,0.00937000,0.00937000,4158.50000000
1553299200,1553302799,0.00941000,0.00941000,0.00941000,0.00941000,4154.70000000
1553302800,1553306399,0.00941000,0.00941000,0.00941000,0.00941000,0.00000000
1553306400,1553309999,0.00942000,0.00942000,0.00942000,0.00942000,344.20000000
1553310000,1553313599,0.00942000,0.00942000,0.00942000,0.00942000,0.00000000
1553313600,1553317199,0.00942000,0.00942000,0.00934000,0.00934000,621.40000000
1553317200,1553320799,0.00926000,0.00926000,0.00923000,0.00923000,1003.70000000
1553320800,1553324399,0.00929000,0.00929000,0.00929000,0.00929000,250.00000000
1553324400,1553327999,0.00922000,0.00926000,0.00921000,0.00926000,1307.00000000
1553328000,1553331599,0.00926000,0.00926000,0.00926000,0.00926000,0.00000000
1553331600,1553335199,0.00934000,0.00934000,0.00934000,0.00934000,991.30000000
1553335200,1553338799,0.00935000,0.00935000,0.00928000,0.00928000,4149.80000000
1553338800,1553342399,0.00928000,0.00934000,0.00926000,0.00934000,4130.00000000
1553342400,1553345999,0.00929000,0.00929000,0.00929000,0.00929000,241.00000000
1553346000,1553349599,0.00934000,0.00937000,0.00934000,0.00937000,354.00000000
1553349600,1553353199,0.00925000,0.00926000,0.00925000,0.00925000,1756.30000000
1553353200,1553356799,0.00930000,0.00930000,0.00921000,0.00921000,795.80000000
1553356800,1553360399,0.00931000,0.00931000,0.00930000,0.00931000,3951.30000000
1553360400,1553363999,0.00931000,0.00931000,0.00931000,0.00931000,136.80000000
1553364000,1553367599,0.00931000,0.00931000,0.00931000,0.00931000,0.00000000
1553367600,1553371199,0.00931000,0.00931000,0.00931000,0.00931000,439.90000000
1553371200,1553374799,0.00928000,0.00928000,0.00928000,0.00928000,1414.20000000
1553374800,1553378399,0.00928000,0.00928000,0.00928000,0.00928000,2553.80000000
1553378400,1553381999,0.00928000,0.00928000,0.00928000,0.00928000,0.00000000
1553382000,1553385599,0.00928000,0.00928000,0.00928000,0.00928000,0.00000000
1553385600,1553389199,0.00928000,0.00928000,0.00928000,0.00928000,0.00000000
1553389200,1553392799,0.00928000,0.00928000,0.00928000,0.00928000,0.00000000
1553392800,1553396399,0.00932000,0.00935000,0.00932000,0.00935000,1443.60000000
1553396400,1553399999,0.00935000,0.00935000,0.00935000,0.00935000,0.00000000
1553400000,1553403599,0.00936000,0.00936000,0.00936000,0.00936000,322.00000000
1553403600,1553407199,0.00936000,0.00936000,0.00936000,0.00936000,0.00000000
1553407200,1553410799,0.00936000,0.00936000,0.00936000,0.00936000,0.00000000
1553410800,1553414399,0.00936000,0.00936000,0.00936000,0.00936000,0.00000000
1553414400,1553417999,0.00924000,0.00934000,0.00918000,0.00918000,2233.70000000
1553418000,1553421599,0.00902000,0.00924000,0.00836000,0.00850000,18402.90000000
1553421600,1553425199,0.00853000,0.00853000,0.00829000,0.00829000,2693.60000000
1553425200,1553428799,0.00824000,0.00849000,0.00817000,0.00839000,4453.10000000
1553428800,1553432399,0.00836000,0.00847000,0.00825000,0.00847000,2536.20000000
1553432400,1553435999,0.00824000,0.00824000,0.00824000,0.00824000,387.00000000
1553436000,1553439599,0.00836000,0.00843000,0.00836000,0.00843000,1264.20000000
1553439600,1553443199,0.00843000,0.00843000,0.00843000,0.00843000,0.00000000
1553443200,1553446799,0.00845000,0.00856000,0.00843000,0.00856000,1940.50000000
1553446800,1553450399,0.00843000,0.00843000,0.00835000,0.00835000,1182.50000000
1553450400,1553453999,0.00843000,0.00843000,0.00843000,0.00843000,1302.90000000
1553454000,1553457599,0.00846000,0.00846000,0.00842000,0.00842000,748.80000000
1553457600,1553461199,0.00838000,0.00838000,0.00838000,0.00838000,327.00000000
1553461200,1553464799,0.00832000,0.00836000,0.00832000,0.00836000,259.80000000
1553464800,1553468399,0.00824000,0.00824000,0.00824000,0.00824000,277.90000000
1553468400,1553471999,0.00824000,0.00824000,0.00824000,0.00824000,0.00000000
1553472000,1553475599,0.00824000,0.00824000,0.00824000,0.00824000,0.00000000
1553475600,1553479199,0.00824000,0.00824000,0.00824000,0.00824000,0.00000000
1553479200,1553482799,0.00827000,0.00827000,0.00827000,0.00827000,797.50000000
1553482800,1553486399,0.00831000,0.00853000,0.00831000,0.00841000,6316.00000000
1553486400,1553489999,0.00842000,0.00853000,0.00832000,0.00844000,19834.70000000
1553490000,1553493599,0.00847000,0.00847000,0.00847000,0.00847000,450.70000000
1553493600,1553497199,0.00849000,0.00856000,0.00849000,0.00856000,555.40000000
1553497200,1553500799,0.00842000,0.00842000,0.00841000,0.00841000,1293.50000000
1553500800,1553504399,0.00845000,0.00845000,0.00845000,0.00845000,1500.00000000
1553504400,1553507999,0.00846000,0.00846000,0.00838000,0.00838000,3887.50000000
1553508000,1553511599,0.00838000,0.00838000,0.00838000,0.00838000,0.00000000
1553511600,1553515199,0.00847000,0.00847000,0.00847000,0.00847000,1057.20000000
1553515200,1553518799,0.00852000,0.00855000,0.00832000,0.00832000,7432.70000000
1553518800,1553522399,0.00832000,0.00832000,0.00830000,0.00830000,1967.60000000
1553522400,1553525999,0.00826000,0.00845000,0.00826000,0.00838000,15786.40000000
1553526000,1553529599,0.00835000,0.00847000,0.00834000,0.00847000,6936.20000000
1553529600,1553533199,0.00857000,0.00879000,0.00852000,0.00871000,41404.00000000
1553533200,1553536799,0.00875000,0.00880000,0.00865000,0.00871000,8327.00000000
1553536800,1553540399,0.00858000,0.00858000,0.00854000,0.00854000,4502.00000000
1553540400,1553543999,0.00854000,0.00856000,0.00841000,0.00854000,1802.40000000
1553544000,1553547599,0.00852000,0.00852000,0.00852000,0.00852000,1473.00000000
1553547600,1553551199,0.00852000,0.00852000,0.00852000,0.00852000,0.00000000
1553551200,1553554799,0.00852000,0.00852000,0.00852000,0.00852000,0.00000000
1553554800,1553558399,0.00837000,0.00837000,0.00837000,0.00837000,299.00000000
1553558400,1553561999,0.00837000,0.00837000,0.00837000,0.00837000,0.00000000
1553562000,1553565599,0.00835000,0.00835000,0.00835000,0.00835000,2407.00000000
1553565600,1553569199,0.00834000,0.00834000,0.00832000,0.00832000,432.50000000
1553569200,1553572799,0.00832000,0.00832000,0.00832000,0.00832000,0.00000000
1553572800,1553576399,0.00832000,0.00832000,0.00832000,0.00832000,0.00000000
1553576400,1553579999,0.00832000,0.00832000,0.00832000,0.00832000,0.00000000
1553580000,1553583599,0.00832000,0.00832000,0.00832000,0.00832000,0.00000000
1553583600,1553587199,0.00832000,0.00832000,0.00832000,0.00832000,0.00000000
1553587200,1553590799,0.00832000,0.00832000,0.00832000,0.00832000,0.00000000
1553590800,1553594399,0.00832000,0.00832000,0.00832000,0.00832000,0.00000000
1553594400,1553597999,0.00844000,0.00844000,0.00844000,0.00844000,499.50000000
1553598000,1553601599,0.00855000,0.00855000,0.00852000,0.00852000,666.00000000
1553601600,1553605199,0.00853000,0.00874000,0.00853000,0.00867000,8336.30000000
1553605200,1553608799,0.00868000,0.00879000,0.00856000,0.00856000,4421.80000000
1553608800,1553612399,0.00845000,0.00876000,0.00845000,0.00864000,6020.10000000
1553612400,1553615999,0.00870000,0.01479000,0.00870000,0.01199000,528053.60000000
1553616000,1553619599,0.01190000,0.01291000,0.01024000,0.01095000,266151.20000000
1553619600,1553623199,0.01090000,0.01210000,0.01042000,0.01045000,121829.50000000
1553623200,1553626799,0.01048000,0.01088000,0.01033000,0.01072000,75574.60000000
1553626800,1553630399,0.01074000,0.01107000,0.01019000,0.01097000,57080.50000000
1553630400,1553633999,0.01100000,0.01169000,0.01056000,0.01063000,61021.80000000
1553634000,1553637599,0.01070000,0.01167000,0.01066000,0.01102000,56650.20000000
1553637600,1553641199,0.01112000,0.01150000,0.01095000,0.01137000,34578.00000000
1553641200,1553644799,0.01135000,0.01161000,0.01110000,0.01132000,27377.40000000
1553644800,1553648399,0.01143000,0.01160000,0.01044000,0.01044000,56300.00000000
1553648400,1553651999,0.01049000,0.01049000,0.01013000,0.01027000,25329.90000000
1553652000,1553655599,0.01018000,0.01039000,0.01015000,0.01017000,17245.10000000
1553655600,1553659199,0.01017000,0.01045000,0.01017000,0.01045000,10059.00000000
1553659200,1553662799,0.01030000,0.01091000,0.01012000,0.01043000,24117.70000000
1553662800,1553666399,0.01031000,0.01042000,0.01029000,0.01035000,10510.40000000
1553666400,1553669999,0.01033000,0.01111000,0.01028000,0.01088000,92480.30000000
1553670000,1553673599,0.01089000,0.01089000,0.01037000,0.01037000,53740.40000000
1553673600,1553677199,0.01032000,0.01032000,0.01002000,0.01003000,25335.40000000
1553677200,1553680799,0.01002000,0.01046000,0.00985000,0.01014000,33606.30000000
1553680800,1553684399,0.01014000,0.01049000,0.01006000,0.01023000,38106.10000000
1553684400,1553687999,0.01027000,0.01027000,0.01001000,0.01009000,8178.40000000
1553688000,1553691599,0.01005000,0.01030000,0.01001000,0.01009000,5478.10000000
1553691600,1553695199,0.01014000,0.01076000,0.01012000,0.01020000,21384.00000000
1553695200,1553698799,0.01020000,0.01050000,0.01007000,0.01028000,16225.60000000
1553698800,1553702399,0.01022000,0.01024000,0.01013000,0.01013000,14443.20000000
1553702400,1553705999,0.01019000,0.01024000,0.01006000,0.01007000,31620.60000000
1553706000,1553709599,0.01023000,0.01027000,0.00999000,0.01018000,67441.40000000
1553709600,1553713199,0.01015000,0.01029000,0.01015000,0.01021000,4472.30000000
1553713200,1553716799,0.01026000,0.01061000,0.01020000,0.01057000,23855.00000000
1553716800,1553720399,0.01049000,0.01053000,0.01035000,0.01039000,5956.80000000
1553720400,1553723999,0.01033000,0.01038000,0.01023000,0.01024000,3106.00000000
1553724000,1553727599,0.01024000,0.01048000,0.01024000,0.01035000,1670.90000000
1553727600,1553731199,0.01035000,0.01044000,0.01035000,0.01035000,17158.80000000
1553731200,1553734799,0.01042000,0.01042000,0.01034000,0.01034000,5694.20000000
1553734800,1553738399,0.01030000,0.01030000,0.01023000,0.01024000,2375.70000000
1553738400,1553741999,0.01014000,0.01039000,0.01014000,0.01026000,7135.70000000
1553742000,1553745599,0.01026000,0.01026000,0.01026000,0.01026000,0.00000000
1553745600,1553749199,0.01017000,0.01017000,0.01011000,0.01013000,18921.30000000
1553749200,1553752799,0.01018000,0.01020000,0.01014000,0.01020000,845.30000000
1553752800,1553756399,0.01023000,0.01023000,0.00995000,0.00995000,20033.00000000
1553756400,1553759999,0.00990000,0.00990000,0.00974000,0.00980000,16465.20000000
1553760000,1553763599,0.00980000,0.00980000,0.00979000,0.00979000,14379.30000000
1553763600,1553767199,0.00979000,0.00982000,0.00979000,0.00982000,72944.20000000
1553767200,1553770799,0.00973000,0.00980000,0.00967000,0.00980000,7943.20000000
1553770800,1553774399,0.00980000,0.00980000,0.00980000,0.00980000,2040.80000000
1553774400,1553777999,0.00981000,0.00981000,0.00981000,0.00981000,105.70000000
1553778000,1553781599,0.00979000,0.00979000,0.00973000,0.00979000,1712.90000000
1553781600,1553785199,0.00975000,0.00987000,0.00975000,0.00987000,3429.50000000
1553785200,1553788799,0.00981000,0.00984000,0.00976000,0.00982000,5965.70000000
1553788800,1553792399,0.00979000,0.00980000,0.00970000,0.00979000,9772.40000000
1553792400,1553795999,0.00968000,0.01020000,0.00963000,0.00975000,19016.90000000
1553796000,1553799599,0.00969000,0.00976000,0.00969000,0.00976000,1195.10000000
1553799600,1553803199,0.00969000,0.00970000,0.00963000,0.00963000,23581.70000000
1553803200,1553806799,0.00963000,0.00964000,0.00963000,0.00963000,14293.50000000
1553806800,1553810399,0.00962000,0.00980000,0.00959000,0.00971000,1547.10000000
1553810400,1553813999,0.00971000,0.00971000,0.00971000,0.00971000,401.90000000
1553814000,1553817599,0.00982000,0.00982000,0.00973000,0.00980000,4077.40000000
1553817600,1553821199,0.00983000,0.00984000,0.00972000,0.00972000,1463.50000000
1553821200,1553824799,0.00983000,0.00984000,0.00965000,0.00966000,12390.90000000
1553824800,1553828399,0.00966000,0.00966000,0.00966000,0.00966000,4985.30000000
1553828400,1553831999,0.00969000,0.00975000,0.00969000,0.00975000,2248.10000000
1553832000,1553835599,0.00975000,0.00975000,0.00975000,0.00975000,0.00000000
1553835600,1553839199,0.00977000,0.00977000,0.00977000,0.00977000,515.00000000
1553839200,1553842799,0.00977000,0.00977000,0.00977000,0.00977000,0.00000000
1553842800,1553846399,0.00986000,0.00986000,0.00986000,0.00986000,102.50000000
1553846400,1553849999,0.00977000,0.00977000,0.00977000,0.00977000,4172.70000000
1553850000,1553853599,0.00977000,0.00985000,0.00977000,0.00977000,3945.60000000
1553853600,1553857199,0.00976000,0.00983000,0.00971000,0.00971000,14294.50000000
1553857200,1553860799,0.00971000,0.00992000,0.00971000,0.00992000,13750.40000000
1553860800,1553864399,0.00992000,0.01000000,0.00992000,0.01000000,5570.50000000
1553864400,1553867999,0.00985000,0.00985000,0.00984000,0.00984000,638.70000000
1553868000,1553871599,0.00989000,0.00989000,0.00988000,0.00988000,660.50000000
1553871600,1553875199,0.00989000,0.00989000,0.00989000,0.00989000,435.00000000
1553875200,1553878799,0.00987000,0.00988000,0.00987000,0.00987000,6698.40000000
1553878800,1553882399,0.00984000,0.00998000,0.00984000,0.00998000,2440.00000000
1553882400,1553885999,0.01000000,0.01003000,0.01000000,0.01003000,102.20000000
1553886000,1553889599,0.01002000,0.01014000,0.00994000,0.01007000,6003.30000000
1553889600,1553893199,0.01017000,0.01017000,0.01007000,0.01007000,198.80000000
1553893200,1553896799,0.00993000,0.00993000,0.00993000,0.00993000,150.00000000
1553896800,1553900399,0.00996000,0.00996000,0.00996000,0.00996000,502.00000000
1553900400,1553903999,0.00996000,0.00996000,0.00985000,0.00996000,6390.90000000
1553904000,1553907599,0.01012000,0.01019000,0.01011000,0.01012000,6661.50000000
1553907600,1553911199,0.01018000,0.01020000,0.01004000,0.01004000,6233.80000000
1553911200,1553914799,0.01004000,0.01004000,0.01004000,0.01004000,0.00000000
1553914800,1553918399,0.01000000,0.01000000,0.00974000,0.00974000,15020.10000000
1553918400,1553921999,0.00972000,0.00975000,0.00956000,0.00956000,3268.60000000
1553922000,1553925599,0.00950000,0.00958000,0.00950000,0.00958000,4090.40000000
1553925600,1553929199,0.00958000,0.00958000,0.00958000,0.00958000,1592.00000000
1553929200,1553932799,0.00959000,0.00959000,0.00957000,0.00957000,321.20000000
1553932800,1553936399,0.00961000,0.00961000,0.00957000,0.00957000,701.70000000
1553936400,1553939999,0.00953000,0.00954000,0.00953000,0.00954000,1103.50000000
1553940000,1553943599,0.00946000,0.00950000,0.00940000,0.00940000,1045.30000000
1553943600,1553947199,0.00936000,0.00951000,0.00932000,0.00951000,2658.10000000
1553947200,1553950799,0.00948000,0.00957000,0.00948000,0.00957000,634.80000000
1553950800,1553954399,0.00957000,0.00957000,0.00957000,0.00957000,0.00000000
1553954400,1553957999,0.00949000,0.00949000,0.00949000,0.00949000,1759.20000000
1553958000,1553961599,0.00957000,0.00959000,0.00956000,0.00959000,1338.70000000
1553961600,1553965199,0.00950000,0.00950000,0.00948000,0.00948000,4344.90000000
1553965200,1553968799,0.00948000,0.00948000,0.00948000,0.00948000,0.00000000
1553968800,1553972399,0.00958000,0.00958000,0.00958000,0.00958000,299.00000000
1553972400,1553975999,0.00969000,0.00969000,0.00969000,0.00969000,104.30000000
1553976000,1553979599,0.00947000,0.00947000,0.00946000,0.00946000,3042.70000000
1553979600,1553983199,0.00946000,0.00946000,0.00946000,0.00946000,625.50000000
1553983200,1553986799,0.00940000,0.00940000,0.00939000,0.00939000,785.70000000
1553986800,1553990399,0.00936000,0.00936000,0.00931000,0.00931000,223.10000000
1553990400,1553993999,0.00933000,0.00933000,0.00931000,0.00931000,237.00000000
1553994000,1553997599,0.00934000,0.00934000,0.00934000,0.00934000,422.80000000
1553997600,1554001199,0.00929000,0.00929000,0.00912000,0.00912000,11883.70000000
1554001200,1554004799,0.00922000,0.00922000,0.00905000,0.00905000,950.20000000
1554004800,1554008399,0.00905000,0.00905000,0.00882000,0.00883000,41021.40000000
1554008400,1554011999,0.00889000,0.00897000,0.00889000,0.00896000,2267.10000000
1554012000,1554015599,0.00896000,0.00896000,0.00896000,0.00896000,0.00000000
1554015600,1554019199,0.00889000,0.00889000,0.00881000,0.00881000,15000.00000000
1554019200,1554022799,0.00881000,0.00881000,0.00881000,0.00881000,0.00000000
1554022800,1554026399,0.00899000,0.00910000,0.00899000,0.00910000,979.60000000
1554026400,1554029999,0.00912000,0.00912000,0.00910000,0.00910000,878.80000000
1554030000,1554033599,0.00917000,0.00936000,0.00915000,0.00925000,4431.40000000
1554033600,1554037199,0.00926000,0.00965000,0.00915000,0.00965000,11403.40000000
1554037200,1554040799,0.00976000,0.00990000,0.00942000,0.00944000,9923.90000000
1554040800,1554044399,0.00964000,0.00964000,0.00941000,0.00943000,1502.40000000
1554044400,1554047999,0.00960000,0.00968000,0.00955000,0.00955000,3508.90000000
1554048000,1554051599,0.00948000,0.00948000,0.00947000,0.00948000,4363.30000000
1554051600,1554055199,0.00961000,0.00961000,0.00947000,0.00947000,14027.50000000
1554055200,1554058799,0.00947000,0.00953000,0.00947000,0.00953000,3100.80000000
1554058800,1554062399,0.00951000,0.00951000,0.00944000,0.00944000,4662.30000000
1554062400,1554065999,0.00942000,0.00942000,0.00942000,0.00942000,10174.70000000
1554066000,1554069599,0.00942000,0.00942000,0.00942000,0.00942000,0.00000000
1554069600,1554073199,0.00942000,0.00942000,0.00942000,0.00942000,0.00000000
1554073200,1554076799,0.00934000,0.00934000,0.00934000,0.00934000,158.80000000
1554076800,1554080399,0.00940000,0.00969000,0.00940000,0.00969000,8603.50000000
1554080400,1554083999,0.00955000,0.00977000,0.00955000,0.00977000,235.30000000
1554084000,1554087599,0.00977000,0.00977000,0.00977000,0.00977000,0.00000000
1554087600,1554091199,0.00976000,0.00976000,0.00976000,0.00976000,123.40000000
1554091200,1554094799,0.00961000,0.00961000,0.00961000,0.00961000,125.00000000
1554094800,1554098399,0.00963000,0.00963000,0.00963000,0.00963000,104.00000000
1554098400,1554101999,0.00963000,0.00963000,0.00946000,0.00946000,415.10000000
1554102000,1554105599,0.00945000,0.00945000,0.00945000,0.00945000,725.70000000
1554105600,1554109199,0.00945000,0.00945000,0.00943000,0.00943000,3035.50000000
1554109200,1554112799,0.00943000,0.00967000,0.00943000,0.00954000,1329.90000000
1554112800,1554116399,0.00948000,0.00956000,0.00944000,0.00944000,4654.50000000
1554116400,1554119999,0.00941000,0.00941000,0.00904000,0.00915000,3116.20000000
1554120000,1554123599,0.00922000,0.00929000,0.00922000,0.00929000,1155.10000000
1554123600,1554127199,0.00928000,0.00928000,0.00928000,0.00928000,190.00000000
1554127200,1554130799,0.00924000,0.00925000,0.00918000,0.00918000,11017.90000000
1554130800,1554134399,0.00915000,0.00915000,0.00915000,0.00915000,111.70000000
1554134400,1554137999,0.00906000,0.00906000,0.00906000,0.00906000,138.80000000
1554138000,1554141599,0.00910000,0.00910000,0.00906000,0.00906000,691.20000000
1554141600,1554145199,0.00906000,0.00906000,0.00906000,0.00906000,0.00000000
1554145200,1554148799,0.00906000,0.00906000,0.00906000,0.00906000,0.00000000
1554148800,1554152399,0.00907000,0.00907000,0.00904000,0.00906000,533.80000000
1554152400,1554155999,0.00906000,0.00906000,0.00906000,0.00906000,0.00000000
1554156000,1554159599,0.00919000,0.00919000,0.00908000,0.00913000,529.60000000
1554159600,1554163199,0.00917000,0.00921000,0.00917000,0.00921000,362.60000000
1554163200,1554166799,0.00915000,0.00916000,0.00912000,0.00916000,819.60000000
1554166800,1554170399,0.00916000,0.00916000,0.00916000,0.00916000,0.00000000
1554170400,1554173999,0.00916000,0.00916000,0.00916000,0.00916000,2368.10000000
1554174000,1554177599,0.00927000,0.00927000,0.00927000,0.00927000,6946.10000000
1554177600,1554181199,0.00933000,0.00939000,0.00863000,0.00863000,31306.20000000
1554181200,1554184799,0.00875000,0.00895000,0.00824000,0.00867000,55972.50000000
1554184800,1554188399,0.00881000,0.00909000,0.00856000,0.00887000,18826.40000000
1554188400,1554191999,0.00898000,0.00914000,0.00896000,0.00899000,12400.50000000
1554192000,1554195599,0.00919000,0.00928000,0.00919000,0.00920000,5786.80000000
1554195600,1554199199,0.00913000,0.00913000,0.00892000,0.00892000,2563.70000000
1554199200,1554202799,0.00885000,0.00885000,0.00878000,0.00884000,1407.80000000
1554202800,1554206399,0.00875000,0.00875000,0.00869000,0.00869000,361.90000000
1554206400,1554209999,0.00884000,0.00911000,0.00883000,0.00911000,7815.00000000
1554210000,1554213599,0.00914000,0.00914000,0.00914000,0.00914000,3238.90000000
1554213600,1554217199,0.00907000,0.00929000,0.00907000,0.00923000,3161.70000000
1554217200,1554220799,0.00924000,0.00928000,0.00924000,0.00928000,892.10000000
1554220800,1554224399,0.00909000,0.00909000,0.00908000,0.00908000,1554.00000000
1554224400,1554227999,0.00894000,0.00894000,0.00894000,0.00894000,150.00000000
1554228000,1554231599,0.00894000,0.00912000,0.00886000,0.00889000,1382.20000000
1554231600,1554235199,0.00883000,0.00918000,0.00880000,0.00890000,8127.80000000
1554235200,1554238799,0.00883000,0.00884000,0.00857000,0.00857000,4512.60000000
1554238800,1554242399,0.00869000,0.00869000,0.00864000,0.00864000,724.00000000
1554242400,1554245999,0.00872000,0.00872000,0.00867000,0.00867000,796.80000000
1554246000,1554249599,0.00881000,0.00881000,0.00870000,0.00877000,5869.10000000
1554249600,1554253199,0.00889000,0.00889000,0.00858000,0.00870000,3186.10000000
1554253200,1554256799,0.00889000,0.00895000,0.00869000,0.00869000,18157.20000000
1554256800,1554260399,0.00895000,0.00902000,0.00894000,0.00894000,1456.50000000
1554260400,1554263999,0.00892000,0.00893000,0.00880000,0.00893000,10740.80000000
1554264000,1554267599,0.00893000,0.00904000,0.00876000,0.00900000,2827.90000000
1554267600,1554271199,0.00900000,0.00900000,0.00900000,0.00900000,0.00000000
1554271200,1554274799,0.00897000,0.00903000,0.00897000,0.00903000,18165.90000000
1554274800,1554278399,0.00903000,0.00903000,0.00903000,0.00903000,265.00000000
1554278400,1554281999,0.00896000,0.00904000,0.00896000,0.00904000,1478.70000000
1554282000,1554285599,0.00891000,0.00891000,0.00891000,0.00891000,166.20000000
1554285600,1554289199,0.00915000,0.00917000,0.00915000,0.00917000,2915.60000000
1554289200,1554292799,0.00915000,0.00922000,0.00915000,0.00922000,761.70000000
1554292800,1554296399,0.00925000,0.00930000,0.00916000,0.00916000,3058.00000000
1554296400,1554299999,0.00916000,0.00916000,0.00913000,0.00913000,1693.30000000
1554300000,1554303599,0.00908000,0.00908000,0.00907000,0.00907000,352.90000000
1554303600,1554307199,0.00899000,0.00899000,0.00895000,0.00895000,2381.00000000
1554307200,1554310799,0.00895000,0.00903000,0.00894000,0.00895000,16103.70000000
1554310800,1554314399,0.00895000,0.00901000,0.00871000,0.00901000,7466.80000000
1554314400,1554317999,0.00904000,0.00905000,0.00900000,0.00905000,1753.70000000
1554318000,1554321599,0.00895000,0.00918000,0.00895000,0.00915000,3574.60000000
1554321600,1554325199,0.00919000,0.00924000,0.00909000,0.00915000,9234.00000000
1554325200,1554328799,0.00906000,0.00910000,0.00904000,0.00904000,4746.00000000
1554328800,1554332399,0.00908000,0.00912000,0.00900000,0.00900000,4200.70000000
1554332400,1554335999,0.00900000,0.00900000,0.00878000,0.00898000,2362.80000000
1554336000,1554339599,0.00897000,0.00897000,0.00884000,0.00889000,3446.80000000
1554339600,1554343199,0.00896000,0.00901000,0.00896000,0.00901000,4770.00000000
1554343200,1554346799,0.00902000,0.00902000,0.00902000,0.00902000,320.00000000
1554346800,1554350399,0.00902000,0.00902000,0.00902000,0.00902000,0.00000000
1554350400,1554353999,0.00882000,0.00883000,0.00878000,0.00878000,1327.20000000
1554354000,1554357599,0.00886000,0.00887000,0.00882000,0.00887000,2704.20000000
1554357600,1554361199,0.00887000,0.00891000,0.00884000,0.00884000,3004.30000000
1554361200,1554364799,0.00889000,0.00889000,0.00889000,0.00889000,650.00000000
1554364800,1554368399,0.00880000,0.00885000,0.00876000,0.00885000,4372.50000000
1554368400,1554371999,0.00899000,0.00899000,0.00884000,0.00886000,2495.10000000
1554372000,1554375599,0.00884000,0.00885000,0.00884000,0.00885000,533.70000000
1554375600,1554379199,0.00888000,0.00888000,0.00888000,0.00888000,1759.00000000
1554379200,1554382799,0.00899000,0.00909000,0.00899000,0.00909000,704.90000000
1554382800,1554386399,0.00912000,0.00912000,0.00912000,0.00912000,6260.60000000
1554386400,1554389999,0.00912000,0.00928000,0.00912000,0.00928000,6264.60000000
1554390000,1554393599,0.00917000,0.00917000,0.00911000,0.00911000,2485.60000000
1554393600,1554397199,0.00906000,0.00906000,0.00906000,0.00906000,172.90000000
1554397200,1554400799,0.00911000,0.00911000,0.00911000,0.00911000,172.70000000
1554400800,1554404399,0.00897000,0.00897000,0.00890000,0.00890000,1015.20000000
1554404400,1554407999,0.00884000,0.00884000,0.00874000,0.00874000,1283.00000000
1554408000,1554411599,0.00867000,0.00871000,0.00862000,0.00862000,1183.40000000
1554411600,1554415199,0.00881000,0.00887000,0.00881000,0.00887000,585.00000000
1554415200,1554418799,0.00883000,0.00883000,0.00873000,0.00873000,860.50000000
1554418800,1554422399,0.00879000,0.00907000,0.00879000,0.00907000,2518.80000000
1554422400,1554425999,0.00895000,0.00901000,0.00895000,0.00901000,4242.00000000
1554426000,1554429599,0.00901000,0.00901000,0.00901000,0.00901000,0.00000000
1554429600,1554433199,0.00901000,0.00901000,0.00901000,0.00901000,0.00000000
1554433200,1554436799,0.00901000,0.00901000,0.00901000,0.00901000,0.00000000
1554436800,1554440399,0.00901000,0.00901000,0.00901000,0.00901000,0.00000000
1554440400,1554443999,0.00918000,0.00918000,0.00904000,0.00904000,4664.70000000
1554444000,1554447599,0.00904000,0.00904000,0.00904000,0.00904000,0.00000000
1554447600,1554451199,0.00904000,0.00904000,0.00904000,0.00904000,0.00000000
1554451200,1554454799,0.00918000,0.00918000,0.00918000,0.00918000,414.60000000
1554454800,1554458399,0.00918000,0.00918000,0.00918000,0.00918000,0.00000000
1554458400,1554461999,0.00922000,0.00949000,0.00922000,0.00943000,11072.20000000
1554462000,1554465599,0.00943000,0.00962000,0.00940000,0.00962000,10962.30000000
1554465600,1554469199,0.00959000,0.00959000,0.00944000,0.00946000,6290.70000000
1554469200,1554472799,0.00940000,0.00962000,0.00929000,0.00955000,10426.40000000
1554472800,1554476399,0.00947000,0.00950000,0.00945000,0.00946000,4415.80000000
1554476400,1554479999,0.00946000,0.00958000,0.00941000,0.00949000,6194.20000000
1554480000,1554483599,0.00949000,0.00954000,0.00943000,0.00954000,1460.60000000
1554483600,1554487199,0.00954000,0.00960000,0.00953000,0.00956000,3942.60000000
1554487200,1554490799,0.00963000,0.00968000,0.00955000,0.00955000,4759.30000000
1554490800,1554494399,0.00956000,0.00966000,0.00956000,0.00966000,2522.70000000
1554494400,1554497999,0.00968000,0.00973000,0.00963000,0.00963000,5126.80000000
1554498000,1554501599,0.00957000,0.00957000,0.00949000,0.00957000,534.90000000
1554501600,1554505199,0.00951000,0.00957000,0.00951000,0.00957000,764.20000000
1554505200,1554508799,0.00960000,0.00960000,0.00942000,0.00942000,601.20000000
1554508800,1554512399,0.00954000,0.00955000,0.00954000,0.00954000,849.00000000
1554512400,1554515999,0.00957000,0.00960000,0.00956000,0.00957000,926.60000000
1554516000,1554519599,0.00957000,0.00957000,0.00957000,0.00957000,0.00000000
1554519600,1554523199,0.00957000,0.00957000,0.00955000,0.00955000,4816.70000000
1554523200,1554526799,0.00956000,0.00956000,0.00956000,0.00956000,133.00000000
1554526800,1554530399,0.00949000,0.00949000,0.00949000,0.00949000,124.50000000
1554530400,1554533999,0.00950000,0.00955000,0.00949000,0.00955000,3290.20000000
1554534000,1554537599,0.00951000,0.00955000,0.00951000,0.00955000,2961.00000000
1554537600,1554541199,0.00943000,0.00948000,0.00913000,0.00929000,15223.30000000
1554541200,1554544799,0.00944000,0.00944000,0.00922000,0.00922000,2405.10000000
1554544800,1554548399,0.00925000,0.00934000,0.00918000,0.00923000,10009.10000000
1554548400,1554551999,0.00925000,0.00929000,0.00925000,0.00925000,1790.30000000
1554552000,1554555599,0.00925000,0.00925000,0.00925000,0.00925000,734.00000000
1554555600,1554559199,0.00926000,0.00926000,0.00926000,0.00926000,2890.00000000
1554559200,1554562799,0.00926000,0.00927000,0.00921000,0.00924000,3058.60000000
1554562800,1554566399,0.00931000,0.00931000,0.00925000,0.00929000,1365.20000000
1554566400,1554569999,0.00935000,0.00936000,0.00905000,0.00923000,16575.80000000
1554570000,1554573599,0.00920000,0.00932000,0.00920000,0.00927000,3613.40000000
1554573600,1554577199,0.00928000,0.00938000,0.00928000,0.00938000,664.40000000
1554577200,1554580799,0.00937000,0.00938000,0.00930000,0.00930000,6290.00000000
1554580800,1554584399,0.00937000,0.00937000,0.00928000,0.00928000,5206.50000000
1554584400,1554587999,0.00920000,0.00923000,0.00920000,0.00923000,2698.00000000
1554588000,1554591599,0.00924000,0.00924000,0.00918000,0.00918000,1603.50000000
1554591600,1554595199,0.00918000,0.00918000,0.00918000,0.00918000,0.00000000
1554595200,1554598799,0.00930000,0.00930000,0.00929000,0.00929000,673.50000000
1554598800,1554602399,0.00933000,0.00933000,0.00933000,0.00933000,108.30000000
1554602400,1554605999,0.00927000,0.00939000,0.00927000,0.00939000,1053.00000000
1554606000,1554609599,0.00938000,0.00940000,0.00938000,0.00940000,1518.20000000
1554609600,1554613199,0.00940000,0.00940000,0.00940000,0.00940000,0.00000000
1554613200,1554616799,0.00940000,0.00940000,0.00940000,0.00940000,0.00000000
1554616800,1554620399,0.00926000,0.00926000,0.00926000,0.00926000,226.70000000
1554620400,1554623999,0.00928000,0.00928000,0.00925000,0.00925000,663.00000000
1554624000,1554627599,0.00929000,0.00929000,0.00929000,0.00929000,227.00000000
1554627600,1554631199,0.00929000,0.00929000,0.00929000,0.00929000,0.00000000
1554631200,1554634799,0.00929000,0.00929000,0.00929000,0.00929000,0.00000000
1554634800,1554638399,0.00934000,0.00934000,0.00925000,0.00933000,2244.80000000
1554638400,1554641999,0.00933000,0.00933000,0.00933000,0.00933000,0.00000000
1554642000,1554645599,0.00941000,0.00941000,0.00941000,0.00941000,6176.40000000
1554645600,1554649199,0.00942000,0.00942000,0.00941000,0.00941000,224.20000000
1554649200,1554652799,0.00933000,0.00933000,0.00930000,0.00930000,196.00000000
1554652800,1554656399,0.00932000,0.00932000,0.00932000,0.00932000,201.00000000
1554656400,1554659999,0.00941000,0.00943000,0.00936000,0.00943000,3570.90000000
1554660000,1554663599,0.00944000,0.00954000,0.00944000,0.00954000,1577.00000000
1554663600,1554667199,0.00949000,0.00953000,0.00943000,0.00953000,2137.30000000
1554667200,1554670799,0.00946000,0.00955000,0.00944000,0.00944000,3295.70000000
1554670800,1554674399,0.00947000,0.00947000,0.00947000,0.00947000,106.00000000
1554674400,1554677999,0.00947000,0.00948000,0.00947000,0.00948000,1893.10000000
1554678000,1554681599,0.00948000,0.00948000,0.00948000,0.00948000,0.00000000
1554681600,1554685199,0.00943000,0.00957000,0.00943000,0.00957000,704.00000000
1554685200,1554688799,0.00952000,0.00956000,0.00944000,0.00956000,2798.10000000
1554688800,1554692399,0.00954000,0.00973000,0.00954000,0.00968000,1469.60000000
1554692400,1554695999,0.00959000,0.00959000,0.00946000,0.00948000,2013.90000000
1554696000,1554699599,0.00942000,0.00949000,0.00942000,0.00946000,2147.00000000
1554699600,1554703199,0.00939000,0.00948000,0.00933000,0.00946000,6045.20000000
1554703200,1554706799,0.00950000,0.00951000,0.00950000,0.00951000,752.60000000
1554706800,1554710399,0.00947000,0.00947000,0.00937000,0.00938000,5175.00000000
1554710400,1554713999,0.00938000,0.00939000,0.00938000,0.00939000,2570.50000000
1554714000,1554717599,0.00943000,0.00950000,0.00943000,0.00950000,429.30000000
1554717600,1554721199,0.00951000,0.00951000,0.00946000,0.00948000,1466.00000000
1554721200,1554724799,0.00944000,0.00945000,0.00939000,0.00939000,1459.70000000
1554724800,1554728399,0.00942000,0.00942000,0.00942000,0.00942000,493.00000000
1554728400,1554731999,0.00934000,0.00945000,0.00934000,0.00943000,1550.30000000
1554732000,1554735599,0.00943000,0.00943000,0.00943000,0.00943000,0.00000000
1554735600,1554739199,0.00936000,0.00942000,0.00934000,0.00942000,18162.00000000
1554739200,1554742799,0.00944000,0.00944000,0.00944000,0.00944000,2753.90000000
1554742800,1554746399,0.00944000,0.00944000,0.00943000,0.00943000,128.00000000
1554746400,1554749999,0.00943000,0.00943000,0.00942000,0.00942000,244.00000000
1554750000,1554753599,0.00947000,0.00956000,0.00947000,0.00955000,3487.70000000
1554753600,1554757199,0.00953000,0.00960000,0.00953000,0.00960000,1799.00000000
1554757200,1554760799,0.00957000,0.00965000,0.00957000,0.00965000,2685.60000000
1554760800,1554764399,0.00954000,0.00959000,0.00947000,0.00947000,2422.20000000
1554764400,1554767999,0.00947000,0.00947000,0.00947000,0.00947000,0.00000000
1554768000,1554771599,0.00965000,0.00965000,0.00951000,0.00951000,2899.40000000
1554771600,1554775199,0.00958000,0.00958000,0.00955000,0.00955000,694.10000000
1554775200,1554778799,0.00955000,0.00955000,0.00947000,0.00948000,4903.90000000
1554778800,1554782399,0.00947000,0.00948000,0.00947000,0.00948000,1007.00000000
1554782400,1554785999,0.00962000,0.00962000,0.00960000,0.00960000,9202.80000000
1554786000,1554789599,0.00963000,0.00963000,0.00927000,0.00937000,9769.70000000
1554789600,1554793199,0.00939000,0.00942000,0.00932000,0.00942000,670.60000000
1554793200,1554796799,0.00936000,0.00936000,0.00931000,0.00931000,1305.30000000
1554796800,1554800399,0.00917000,0.00927000,0.00902000,0.00910000,5455.60000000
1554800400,1554803999,0.00912000,0.00912000,0.00898000,0.00905000,5133.60000000
1554804000,1554807599,0.00904000,0.00904000,0.00901000,0.00901000,1400.80000000
1554807600,1554811199,0.00900000,0.00900000,0.00893000,0.00893000,2405.10000000
1554811200,1554814799,0.00898000,0.00898000,0.00898000,0.00898000,519.20000000
1554814800,1554818399,0.00890000,0.00898000,0.00889000,0.00897000,3443.10000000
1554818400,1554821999,0.00911000,0.00913000,0.00904000,0.00905000,2805.00000000
1554822000,1554825599,0.00908000,0.00908000,0.00898000,0.00903000,9125.60000000
1554825600,1554829199,0.00901000,0.00905000,0.00901000,0.00905000,1358.00000000
1554829200,1554832799,0.00905000,0.01074000,0.00905000,0.00978000,76287.20000000
1554832800,1554836399,0.00963000,0.00985000,0.00933000,0.00933000,27980.60000000
1554836400,1554839999,0.00936000,0.00936000,0.00920000,0.00920000,19467.40000000
1554840000,1554843599,0.00923000,0.00925000,0.00909000,0.00909000,7132.00000000
1554843600,1554847199,0.00911000,0.00932000,0.00905000,0.00908000,12749.90000000
1554847200,1554850799,0.00902000,0.00927000,0.00902000,0.00927000,4938.00000000
1554850800,1554854399,0.00927000,0.00927000,0.00927000,0.00927000,0.00000000
1554854400,1554857999,0.00914000,0.00915000,0.00908000,0.00915000,1606.80000000
1554858000,1554861599,0.00916000,0.00916000,0.00909000,0.00914000,1105.70000000
1554861600,1554865199,0.00913000,0.00921000,0.00913000,0.00921000,1049.60000000
1554865200,1554868799,0.00921000,0.00927000,0.00921000,0.00924000,3740.10000000
1554868800,1554872399,0.00917000,0.00917000,0.00913000,0.00913000,554.90000000
1554872400,1554875999,0.00922000,0.00922000,0.00922000,0.00922000,495.10000000
1554876000,1554879599,0.00913000,0.00923000,0.00913000,0.00923000,1053.20000000
1554879600,1554883199,0.00919000,0.00924000,0.00919000,0.00924000,1355.50000000
1554883200,1554886799,0.00928000,0.00936000,0.00923000,0.00936000,7903.60000000
1554886800,1554890399,0.00945000,0.00946000,0.00945000,0.00946000,1082.60000000
1554890400,1554893999,0.00949000,0.00955000,0.00931000,0.00934000,11956.20000000
1554894000,1554897599,0.00933000,0.00934000,0.00933000,0.00934000,516.00000000
1554897600,1554901199,0.00928000,0.00945000,0.00928000,0.00945000,1281.20000000
1554901200,1554904799,0.00946000,0.00990000,0.00946000,0.00969000,41532.70000000
1554904800,1554908399,0.00962000,0.00969000,0.00960000,0.00969000,4083.40000000
1554908400,1554911999,0.00988000,0.00992000,0.00961000,0.00968000,38933.90000000
1554912000,1554915599,0.00972000,0.01044000,0.00968000,0.01041000,47198.70000000
1554915600,1554919199,0.01035000,0.01050000,0.00963000,0.00968000,75115.20000000
1554919200,1554922799,0.00965000,0.00966000,0.00946000,0.00963000,13569.30000000
1554922800,1554926399,0.00968000,0.00988000,0.00968000,0.00979000,3519.50000000
1554926400,1554929999,0.00978000,0.00978000,0.00958000,0.00958000,4879.10000000
1554930000,1554933599,0.00960000,0.00972000,0.00960000,0.00972000,5520.00000000
1554933600,1554937199,0.00972000,0.01015000,0.00972000,0.00992000,15792.70000000
1554937200,1554940799,0.00983000,0.00983000,0.00968000,0.00969000,15619.80000000
1554940800,1554944399,0.00973000,0.00980000,0.00966000,0.00966000,7951.90000000
1554944400,1554947999,0.00974000,0.00980000,0.00967000,0.00968000,9407.20000000
1554948000,1554951599,0.00960000,0.00967000,0.00948000,0.00965000,13859.30000000
1554951600,1554955199,0.00957000,0.00957000,0.00951000,0.00954000,7539.20000000
1554955200,1554958799,0.00946000,0.00950000,0.00946000,0.00947000,1456.80000000
1554958800,1554962399,0.00947000,0.00957000,0.00947000,0.00955000,20540.50000000
1554962400,1554965999,0.00957000,0.00957000,0.00954000,0.00956000,55155.10000000
1554966000,1554969599,0.00945000,0.00952000,0.00945000,0.00945000,8272.90000000
1554969600,1554973199,0.00949000,0.00957000,0.00942000,0.00951000,86196.60000000
1554973200,1554976799,0.00951000,0.00951000,0.00937000,0.00942000,10894.30000000
1554976800,1554980399,0.00933000,0.00935000,0.00928000,0.00935000,5187.80000000
1554980400,1554983999,0.00965000,0.00971000,0.00944000,0.00947000,13889.60000000
1554984000,1554987599,0.00945000,0.00945000,0.00933000,0.00935000,10535.90000000
1554987600,1554991199,0.00933000,0.00933000,0.00933000,0.00933000,793.40000000
1554991200,1554994799,0.00955000,0.01019000,0.00946000,0.01003000,18281.20000000
1554994800,1554998399,0.01006000,0.01012000,0.00960000,0.00960000,6515.90000000
1554998400,1555001999,0.00970000,0.00976000,0.00970000,0.00976000,770.60000000
1555002000,1555005599,0.00967000,0.00994000,0.00961000,0.00967000,8961.50000000
1555005600,1555009199,0.00971000,0.00978000,0.00967000,0.00978000,14928.60000000
1555009200,1555012799,0.00985000,0.01069000,0.00985000,0.01069000,54025.90000000
1555012800,1555016399,0.01068000,0.01114000,0.01035000,0.01052000,127115.10000000
1555016400,1555019999,0.01045000,0.01050000,0.00968000,0.00968000,140245.00000000
1555020000,1555023599,0.00963000,0.00973000,0.00934000,0.00941000,16263.30000000
1555023600,1555027199,0.00942000,0.00950000,0.00937000,0.00937000,16552.50000000
1555027200,1555030799,0.00942000,0.00945000,0.00942000,0.00944000,4699.30000000
1555030800,1555034399,0.00945000,0.00946000,0.00913000,0.00926000,16237.60000000
1555034400,1555037999,0.00926000,0.00932000,0.00918000,0.00918000,4558.50000000
1555038000,1555041599,0.00931000,0.00948000,0.00917000,0.00945000,19378.70000000
1555041600,1555045199,0.00936000,0.00945000,0.00923000,0.00942000,8475.80000000
1555045200,1555048799,0.00938000,0.00951000,0.00934000,0.00949000,11844.70000000
1555048800,1555052399,0.00951000,0.00994000,0.00951000,0.00970000,29172.00000000
1555052400,1555055999,0.00971000,0.00975000,0.00954000,0.00954000,1926.20000000
1555056000,1555059599,0.00949000,0.00952000,0.00945000,0.00950000,8311.80000000
1555059600,1555063199,0.00948000,0.00954000,0.00947000,0.00954000,1423.50000000
1555063200,1555066799,0.00959000,0.00965000,0.00943000,0.00947000,16202.70000000
1555066800,1555070399,0.00953000,0.00954000,0.00946000,0.00954000,5814.90000000
1555070400,1555073999,0.00946000,0.00946000,0.00941000,0.00944000,5931.80000000
1555074000,1555077599,0.00940000,0.00943000,0.00923000,0.00928000,16304.90000000
1555077600,1555081199,0.00929000,0.00931000,0.00926000,0.00927000,7635.70000000
1555081200,1555084799,0.00925000,0.00925000,0.00918000,0.00918000,4886.50000000
1555084800,1555088399,0.00914000,0.00914000,0.00907000,0.00907000,5892.70000000
1555088400,1555091999,0.00915000,0.00925000,0.00915000,0.00925000,5433.80000000
1555092000,1555095599,0.00922000,0.00922000,0.00909000,0.00912000,7112.20000000
1555095600,1555099199,0.00914000,0.00925000,0.00914000,0.00922000,4134.70000000
1555099200,1555102799,0.00937000,0.00937000,0.00929000,0.00935000,3212.10000000
1555102800,1555106399,0.00926000,0.00931000,0.00920000,0.00922000,4937.20000000
1555106400,1555109999,0.00917000,0.00921000,0.00916000,0.00921000,5540.80000000
1555110000,1555113599,0.00920000,0.00920000,0.00912000,0.00912000,5975.60000000
1555113600,1555117199,0.00919000,0.00919000,0.00896000,0.00896000,5910.40000000
1555117200,1555120799,0.00903000,0.00920000,0.00903000,0.00910000,4124.90000000
1555120800,1555124399,0.00905000,0.00914000,0.00905000,0.00910000,1148.80000000
1555124400,1555127999,0.00907000,0.00921000,0.00899000,0.00921000,2201.60000000
1555128000,1555131599,0.00917000,0.00921000,0.00915000,0.00921000,581.00000000
1555131600,1555135199,0.00922000,0.00922000,0.00922000,0.00922000,202.90000000
1555135200,1555138799,0.00917000,0.00917000,0.00916000,0.00916000,1070.20000000
1555138800,1555142399,0.00921000,0.00921000,0.00920000,0.00921000,359.00000000
1555142400,1555145999,0.00922000,0.00922000,0.00916000,0.00919000,1959.30000000
1555146000,1555149599,0.00919000,0.00919000,0.00911000,0.00911000,1666.00000000
1555149600,1555153199,0.00910000,0.00921000,0.00906000,0.00921000,473.20000000
1555153200,1555156799,0.00916000,0.00916000,0.00898000,0.00898000,4868.10000000
1555156800,1555160399,0.00904000,0.00905000,0.00894000,0.00894000,3789.60000000
1555160400,1555163999,0.00899000,0.00899000,0.00892000,0.00892000,781.60000000
1555164000,1555167599,0.00890000,0.00898000,0.00890000,0.00893000,14149.70000000
1555167600,1555171199,0.00893000,0.00893000,0.00892000,0.00892000,1567.30000000
1555171200,1555174799,0.00890000,0.00892000,0.00881000,0.00892000,26611.40000000
1555174800,1555178399,0.00892000,0.00892000,0.00892000,0.00892000,0.00000000
1555178400,1555181999,0.00892000,0.00894000,0.00892000,0.00894000,2278.80000000
1555182000,1555185599,0.00889000,0.00889000,0.00889000,0.00889000,402.00000000
1555185600,1555189199,0.00886000,0.00893000,0.00886000,0.00893000,2690.90000000
1555189200,1555192799,0.00888000,0.00888000,0.00877000,0.00877000,3728.30000000
1555192800,1555196399,0.00881000,0.00886000,0.00881000,0.00886000,2240.50000000
1555196400,1555199999,0.00886000,0.00886000,0.00886000,0.00886000,0.00000000
1555200000,1555203599,0.00886000,0.00886000,0.00886000,0.00886000,0.00000000
1555203600,1555207199,0.00894000,0.00894000,0.00894000,0.00894000,118.00000000
1555207200,1555210799,0.00894000,0.00894000,0.00894000,0.00894000,0.00000000
1555210800,1555214399,0.00891000,0.00891000,0.00877000,0.00877000,2854.40000000
1555214400,1555217999,0.00878000,0.00882000,0.00874000,0.00882000,2588.10000000
1555218000,1555221599,0.00872000,0.00872000,0.00872000,0.00872000,332.50000000
1555221600,1555225199,0.00864000,0.00866000,0.00863000,0.00863000,1924.10000000
1555225200,1555228799,0.00859000,0.00859000,0.00841000,0.00857000,2587.10000000
1555228800,1555232399,0.00864000,0.00878000,0.00864000,0.00869000,13734.10000000
1555232400,1555235999,0.00882000,0.00882000,0.00877000,0.00877000,3178.50000000
1555236000,1555239599,0.00871000,0.00886000,0.00871000,0.00877000,2588.80000000
1555239600,1555243199,0.00877000,0.00886000,0.00876000,0.00886000,5613.60000000
1555243200,1555246799,0.00897000,0.00897000,0.00897000,0.00897000,5857.30000000
1555246800,1555250399,0.00896000,0.00896000,0.00876000,0.00876000,2301.40000000
1555250400,1555253999,0.00876000,0.00876000,0.00876000,0.00876000,0.00000000
1555254000,1555257599,0.00876000,0.00876000,0.00875000,0.00875000,3426.80000000
1555257600,1555261199,0.00870000,0.00870000,0.00869000,0.00870000,2384.00000000
1555261200,1555264799,0.00873000,0.00873000,0.00873000,0.00873000,440.00000000
1555264800,1555268399,0.00866000,0.00866000,0.00866000,0.00866000,2629.80000000
1555268400,1555271999,0.00860000,0.00860000,0.00849000,0.00850000,1382.60000000
1555272000,1555275599,0.00851000,0.00857000,0.00849000,0.00849000,2990.40000000
1555275600,1555279199,0.00857000,0.00865000,0.00855000,0.00865000,4869.70000000
1555279200,1555282799,0.00865000,0.00879000,0.00865000,0.00879000,3256.70000000
1555282800,1555286399,0.00884000,0.00884000,0.00884000,0.00884000,350.20000000
1555286400,1555289999,0.00884000,0.00894000,0.00882000,0.00894000,2757.50000000
1555290000,1555293599,0.00883000,0.00883000,0.00877000,0.00877000,4140.00000000
1555293600,1555297199,0.00875000,0.00875000,0.00875000,0.00875000,9385.90000000
1555297200,1555300799,0.00885000,0.00886000,0.00885000,0.00886000,4882.10000000
1555300800,1555304399,0.00891000,0.00891000,0.00891000,0.00891000,113.00000000
1555304400,1555307999,0.00902000,0.00902000,0.00883000,0.00883000,1543.70000000
1555308000,1555311599,0.00882000,0.00882000,0.00881000,0.00881000,3884.80000000
1555311600,1555315199,0.00884000,0.00884000,0.00884000,0.00884000,1478.70000000
1555315200,1555318799,0.00875000,0.00875000,0.00870000,0.00870000,21284.60000000
1555318800,1555322399,0.00869000,0.00871000,0.00869000,0.00871000,1479.70000000
1555322400,1555325999,0.00872000,0.00872000,0.00872000,0.00872000,254.50000000
1555326000,1555329599,0.00865000,0.00865000,0.00857000,0.00858000,4371.20000000
1555329600,1555333199,0.00857000,0.00867000,0.00857000,0.00865000,1956.60000000
1555333200,1555336799,0.00863000,0.00871000,0.00863000,0.00871000,3340.30000000
1555336800,1555340399,0.00879000,0.00880000,0.00879000,0.00880000,2248.30000000
1555340400,1555343999,0.00869000,0.00878000,0.00869000,0.00873000,4349.30000000
1555344000,1555347599,0.00873000,0.00873000,0.00873000,0.00873000,0.00000000
1555347600,1555351199,0.00871000,0.00876000,0.00847000,0.00863000,38990.40000000
1555351200,1555354799,0.00865000,0.00870000,0.00861000,0.00861000,3149.50000000
1555354800,1555358399,0.00861000,0.00861000,0.00861000,0.00861000,1380.00000000
1555358400,1555361999,0.00856000,0.00865000,0.00846000,0.00847000,11082.00000000
1555362000,1555365599,0.00845000,0.00852000,0.00842000,0.00842000,6309.90000000
1555365600,1555369199,0.00847000,0.00847000,0.00841000,0.00842000,1817.30000000
1555369200,1555372799,0.00841000,0.00841000,0.00835000,0.00841000,2077.10000000
1555372800,1555376399,0.00847000,0.00847000,0.00842000,0.00842000,5870.60000000
1555376400,1555379999,0.00836000,0.00836000,0.00836000,0.00836000,1254.90000000
1555380000,1555383599,0.00842000,0.00843000,0.00842000,0.00843000,914.90000000
1555383600,1555387199,0.00845000,0.00845000,0.00841000,0.00841000,1219.20000000
1555387200,1555390799,0.00845000,0.00857000,0.00845000,0.00850000,2161.90000000
1555390800,1555394399,0.00851000,0.00865000,0.00845000,0.00865000,4972.50000000
1555394400,1555397999,0.00865000,0.00865000,0.00865000,0.00865000,0.00000000
1555398000,1555401599,0.00860000,0.00860000,0.00860000,0.00860000,828.90000000
1555401600,1555405199,0.00851000,0.00860000,0.00843000,0.00860000,4142.00000000
1555405200,1555408799,0.00845000,0.00845000,0.00840000,0.00844000,8900.90000000
1555408800,1555412399,0.00847000,0.00856000,0.00836000,0.00836000,3924.10000000
1555412400,1555415999,0.00843000,0.00846000,0.00843000,0.00846000,1986.70000000
1555416000,1555419599,0.00842000,0.00842000,0.00842000,0.00842000,146.70000000
1555419600,1555423199,0.00835000,0.00835000,0.00835000,0.00835000,1358.00000000
1555423200,1555426799,0.00841000,0.00843000,0.00841000,0.00843000,793.10000000
1555426800,1555430399,0.00843000,0.00843000,0.00843000,0.00843000,0.00000000
1555430400,1555433999,0.00847000,0.00849000,0.00847000,0.00849000,1036.90000000
1555434000,1555437599,0.00849000,0.00849000,0.00838000,0.00842000,4491.80000000
1555437600,1555441199,0.00840000,0.00852000,0.00840000,0.00848000,16015.10000000
1555441200,1555444799,0.00849000,0.00849000,0.00847000,0.00847000,6367.80000000
1555444800,1555448399,0.00846000,0.00846000,0.00846000,0.00846000,891.70000000
1555448400,1555451999,0.00849000,0.00849000,0.00839000,0.00840000,4985.60000000
1555452000,1555455599,0.00844000,0.00844000,0.00823000,0.00838000,20481.10000000
1555455600,1555459199,0.00839000,0.00840000,0.00830000,0.00830000,1622.70000000
1555459200,1555462799,0.00830000,0.00830000,0.00830000,0.00830000,0.00000000
1555462800,1555466399,0.00831000,0.00831000,0.00796000,0.00825000,17408.20000000
1555466400,1555469999,0.00828000,0.00828000,0.00828000,0.00828000,120.90000000
1555470000,1555473599,0.00828000,0.00828000,0.00828000,0.00828000,0.00000000
1555473600,1555477199,0.00828000,0.00828000,0.00828000,0.00828000,0.00000000
1555477200,1555480799,0.00828000,0.00828000,0.00828000,0.00828000,0.00000000
1555480800,1555484399,0.00831000,0.00831000,0.00831000,0.00831000,2313.70000000
1555484400,1555487999,0.00837000,0.00838000,0.00836000,0.00836000,518.90000000
1555488000,1555491599,0.00836000,0.00836000,0.00836000,0.00836000,0.00000000
1555491600,1555495199,0.00838000,0.00838000,0.00838000,0.00838000,353.00000000
1555495200,1555498799,0.00838000,0.00838000,0.00838000,0.00838000,0.00000000
1555498800,1555502399,0.00838000,0.00838000,0.00838000,0.00838000,0.00000000
1555502400,1555505999,0.00838000,0.00838000,0.00838000,0.00838000,0.00000000
1555506000,1555509599,0.00838000,0.00838000,0.00838000,0.00838000,0.00000000
1555509600,1555513199,0.00852000,0.00853000,0.00852000,0.00853000,908.50000000
1555513200,1555516799,0.00853000,0.00853000,0.00853000,0.00853000,0.00000000
1555516800,1555520399,0.00862000,0.00879000,0.00862000,0.00867000,6790.30000000
1555520400,1555523999,0.00867000,0.00875000,0.00867000,0.00875000,4270.20000000
1555524000,1555527599,0.00873000,0.00874000,0.00873000,0.00874000,1474.60000000
1555527600,1555531199,0.00864000,0.00872000,0.00860000,0.00872000,4209.10000000
1555531200,1555534799,0.00868000,0.00868000,0.00863000,0.00863000,889.00000000
1555534800,1555538399,0.00863000,0.00863000,0.00863000,0.00863000,0.00000000
1555538400,1555541999,0.00863000,0.00863000,0.00863000,0.00863000,0.00000000
1555542000,1555545599,0.00863000,0.00863000,0.00863000,0.00863000,303.00000000
1555545600,1555549199,0.00874000,0.00874000,0.00874000,0.00874000,196.70000000
1555549200,1555552799,0.00873000,0.00873000,0.00873000,0.00873000,580.70000000
1555552800,1555556399,0.00873000,0.00873000,0.00873000,0.00873000,0.00000000
1555556400,1555559999,0.00873000,0.00873000,0.00873000,0.00873000,0.00000000
1555560000,1555563599,0.00869000,0.00869000,0.00829000,0.00829000,2747.10000000
1555563600,1555567199,0.00824000,0.00824000,0.00811000,0.00823000,16671.90000000
1555567200,1555570799,0.00820000,0.00827000,0.00813000,0.00824000,3726.90000000
1555570800,1555574399,0.00824000,0.00824000,0.00824000,0.00824000,793.00000000
1555574400,1555577999,0.00816000,0.00816000,0.00816000,0.00816000,2671.30000000
1555578000,1555581599,0.00816000,0.00826000,0.00815000,0.00815000,6338.40000000
1555581600,1555585199,0.00809000,0.00809000,0.00809000,0.00809000,370.00000000
1555585200,1555588799,0.00808000,0.00825000,0.00808000,0.00825000,2759.40000000
1555588800,1555592399,0.00814000,0.00814000,0.00814000,0.00814000,201.90000000
1555592400,1555595999,0.00810000,0.00824000,0.00796000,0.00796000,12738.30000000
1555596000,1555599599,0.00788000,0.00789000,0.00764000,0.00779000,9774.20000000
1555599600,1555603199,0.00772000,0.00782000,0.00772000,0.00781000,2368.90000000
1555603200,1555606799,0.00781000,0.00781000,0.00781000,0.00781000,0.00000000
1555606800,1555610399,0.00772000,0.00781000,0.00772000,0.00781000,7814.30000000
1555610400,1555613999,0.00780000,0.00780000,0.00780000,0.00780000,197.20000000
1555614000,1555617599,0.00788000,0.00796000,0.00788000,0.00788000,1744.00000000
1555617600,1555621199,0.00790000,0.00790000,0.00786000,0.00789000,1307.90000000
1555621200,1555624799,0.00784000,0.00788000,0.00783000,0.00783000,2983.30000000
1555624800,1555628399,0.00779000,0.00779000,0.00776000,0.00776000,1633.40000000
1555628400,1555631999,0.00776000,0.00776000,0.00776000,0.00776000,1284.00000000
1555632000,1555635599,0.00776000,0.00776000,0.00776000,0.00776000,0.00000000
1555635600,1555639199,0.00785000,0.00797000,0.00784000,0.00797000,2977.20000000
1555639200,1555642799,0.00797000,0.00797000,0.00797000,0.00797000,0.00000000
1555642800,1555646399,0.00797000,0.00797000,0.00797000,0.00797000,0.00000000
1555646400,1555649999,0.00774000,0.00778000,0.00773000,0.00778000,1401.70000000
1555650000,1555653599,0.00778000,0.00780000,0.00778000,0.00780000,2253.60000000
1555653600,1555657199,0.00775000,0.00780000,0.00774000,0.00780000,8425.80000000
1555657200,1555660799,0.00787000,0.00789000,0.00785000,0.00785000,1059.80000000
1555660800,1555664399,0.00780000,0.00782000,0.00780000,0.00782000,547.30000000
1555664400,1555667999,0.00783000,0.00783000,0.00776000,0.00777000,1103.90000000
1555668000,1555671599,0.00775000,0.00775000,0.00758000,0.00758000,3312.20000000
1555671600,1555675199,0.00761000,0.00762000,0.00761000,0.00762000,1480.00000000
1555675200,1555678799,0.00758000,0.00768000,0.00756000,0.00763000,6904.70000000
1555678800,1555682399,0.00757000,0.00758000,0.00740000,0.00740000,8601.70000000
1555682400,1555685999,0.00750000,0.00750000,0.00725000,0.00725000,4563.50000000
1555686000,1555689599,0.00725000,0.00725000,0.00716000,0.00719000,4939.20000000
1555689600,1555693199,0.00732000,0.00760000,0.00728000,0.00739000,11309.80000000
1555693200,1555696799,0.00719000,0.00736000,0.00716000,0.00735000,4744.00000000
1555696800,1555700399,0.00736000,0.00739000,0.00733000,0.00733000,3183.00000000
1555700400,1555703999,0.00722000,0.00724000,0.00721000,0.00724000,11116.20000000
1555704000,1555707599,0.00730000,0.00730000,0.00730000,0.00730000,481.90000000
1555707600,1555711199,0.00730000,0.00730000,0.00730000,0.00730000,0.00000000
1555711200,1555714799,0.00731000,0.00731000,0.00731000,0.00731000,151.30000000
1555714800,1555718399,0.00731000,0.00732000,0.00728000,0.00728000,24209.10000000
1555718400,1555721999,0.00746000,0.00747000,0.00739000,0.00740000,2808.70000000
1555722000,1555725599,0.00732000,0.00733000,0.00729000,0.00733000,2598.40000000
1555725600,1555729199,0.00736000,0.00736000,0.00736000,0.00736000,1454.90000000
1555729200,1555732799,0.00736000,0.00736000,0.00736000,0.00736000,0.00000000
1555732800,1555736399,0.00737000,0.00742000,0.00735000,0.00735000,7066.00000000
1555736400,1555739999,0.00735000,0.00735000,0.00731000,0.00732000,4603.50000000
1555740000,1555743599,0.00730000,0.00733000,0.00720000,0.00720000,5695.90000000
1555743600,1555747199,0.00719000,0.00732000,0.00708000,0.00721000,5254.90000000
1555747200,1555750799,0.00738000,0.00756000,0.00719000,0.00719000,22722.10000000
1555750800,1555754399,0.00716000,0.00738000,0.00716000,0.00738000,5390.90000000
1555754400,1555757999,0.00734000,0.00740000,0.00728000,0.00738000,3082.50000000
1555758000,1555761599,0.00738000,0.00738000,0.00723000,0.00730000,1766.30000000
1555761600,1555765199,0.00723000,0.00725000,0.00720000,0.00725000,2447.20000000
1555765200,1555768799,0.00725000,0.00725000,0.00725000,0.00725000,0.00000000
1555768800,1555772399,0.00719000,0.00719000,0.00719000,0.00719000,796.00000000
1555772400,1555775999,0.00719000,0.00719000,0.00719000,0.00719000,543.70000000
1555776000,1555779599,0.00721000,0.00722000,0.00721000,0.00722000,1613.80000000
1555779600,1555783199,0.00727000,0.00727000,0.00723000,0.00723000,2452.10000000
1555783200,1555786799,0.00725000,0.00725000,0.00713000,0.00713000,6376.50000000
1555786800,1555790399,0.00720000,0.00720000,0.00720000,0.00720000,699.80000000
1555790400,1555793999,0.00717000,0.00717000,0.00710000,0.00710000,1701.30000000
1555794000,1555797599,0.00710000,0.00711000,0.00706000,0.00706000,6786.30000000
1555797600,1555801199,0.00710000,0.00711000,0.00700000,0.00700000,918.30000000
1555801200,1555804799,0.00700000,0.00700000,0.00700000,0.00700000,0.00000000
1555804800,1555808399,0.00701000,0.00725000,0.00701000,0.00725000,12621.30000000
1555808400,1555811999,0.00726000,0.00730000,0.00726000,0.00729000,12142.00000000
1555812000,1555815599,0.00740000,0.00762000,0.00740000,0.00752000,7394.60000000
1555815600,1555819199,0.00757000,0.00775000,0.00757000,0.00770000,9518.40000000
1555819200,1555822799,0.00761000,0.00785000,0.00761000,0.00769000,5169.70000000
1555822800,1555826399,0.00777000,0.00777000,0.00755000,0.00755000,5867.10000000
1555826400,1555829999,0.00759000,0.00759000,0.00751000,0.00755000,706.10000000
1555830000,1555833599,0.00757000,0.00765000,0.00757000,0.00760000,1598.30000000
1555833600,1555837199,0.00755000,0.00755000,0.00754000,0.00754000,1217.30000000
1555837200,1555840799,0.00735000,0.00735000,0.00720000,0.00730000,14886.90000000
1555840800,1555844399,0.00725000,0.00736000,0.00725000,0.00736000,2104.70000000
1555844400,1555847999,0.00731000,0.00732000,0.00718000,0.00720000,2307.10000000
1555848000,1555851599,0.00717000,0.00717000,0.00711000,0.00711000,3056.90000000
1555851600,1555855199,0.00710000,0.00710000,0.00708000,0.00708000,1965.90000000
1555855200,1555858799,0.00705000,0.00712000,0.00705000,0.00710000,2247.60000000
1555858800,1555862399,0.00708000,0.00708000,0.00698000,0.00698000,4111.50000000
1555862400,1555865999,0.00698000,0.00698000,0.00698000,0.00698000,0.00000000
1555866000,1555869599,0.00701000,0.00701000,0.00701000,0.00701000,297.80000000
1555869600,1555873199,0.00704000,0.00711000,0.00703000,0.00705000,2784.20000000
1555873200,1555876799,0.00705000,0.00705000,0.00705000,0.00705000,0.00000000
1555876800,1555880399,0.00705000,0.00705000,0.00705000,0.00705000,0.00000000
1555880400,1555883999,0.00717000,0.00717000,0.00704000,0.00706000,1943.40000000
1555884000,1555887599,0.00709000,0.00711000,0.00709000,0.00711000,556.00000000
1555887600,1555891199,0.00713000,0.00733000,0.00713000,0.00733000,1837.20000000
1555891200,1555894799,0.00742000,0.00742000,0.00742000,0.00742000,540.20000000
1555894800,1555898399,0.00744000,0.00748000,0.00744000,0.00748000,1735.00000000
1555898400,1555901999,0.00756000,0.00757000,0.00755000,0.00757000,3613.20000000
1555902000,1555905599,0.00766000,0.00766000,0.00755000,0.00755000,1338.50000000
1555905600,1555909199,0.00749000,0.00749000,0.00737000,0.00737000,4862.00000000
1555909200,1555912799,0.00727000,0.00732000,0.00719000,0.00732000,2037.90000000
1555912800,1555916399,0.00730000,0.00731000,0.00719000,0.00723000,4020.70000000
1555916400,1555919999,0.00723000,0.00735000,0.00723000,0.00729000,7562.50000000
1555920000,1555923599,0.00719000,0.00726000,0.00719000,0.00726000,3983.70000000
1555923600,1555927199,0.00727000,0.00727000,0.00711000,0.00711000,9947.10000000
1555927200,1555930799,0.00715000,0.00715000,0.00715000,0.00715000,1186.40000000
1555930800,1555934399,0.00716000,0.00718000,0.00714000,0.00714000,1675.60000000
1555934400,1555937999,0.00712000,0.00712000,0.00710000,0.00710000,702.30000000
1555938000,1555941599,0.00710000,0.00710000,0.00708000,0.00708000,718.20000000
1555941600,1555945199,0.00711000,0.00711000,0.00711000,0.00711000,299.50000000
1555945200,1555948799,0.00711000,0.00711000,0.00711000,0.00711000,0.00000000
1555948800,1555952399,0.00716000,0.00758000,0.00716000,0.00747000,33587.10000000
1555952400,1555955999,0.00747000,0.00748000,0.00730000,0.00730000,16693.50000000
1555956000,1555959599,0.00733000,0.00737000,0.00733000,0.00737000,1128.50000000
1555959600,1555963199,0.00744000,0.00744000,0.00737000,0.00742000,4392.70000000
1555963200,1555966799,0.00744000,0.00779000,0.00744000,0.00762000,5422.10000000
1555966800,1555970399,0.00754000,0.00763000,0.00754000,0.00763000,1191.80000000
1555970400,1555973999,0.00778000,0.00789000,0.00770000,0.00770000,9688.80000000
1555974000,1555977599,0.00772000,0.00775000,0.00759000,0.00759000,5889.70000000
1555977600,1555981199,0.00758000,0.00758000,0.00750000,0.00750000,2253.90000000
1555981200,1555984799,0.00747000,0.00747000,0.00742000,0.00743000,3172.10000000
1555984800,1555988399,0.00750000,0.00752000,0.00744000,0.00744000,9300.70000000
1555988400,1555991999,0.00748000,0.00758000,0.00747000,0.00755000,7349.20000000
1555992000,1555995599,0.00755000,0.00759000,0.00740000,0.00741000,8941.30000000
1555995600,1555999199,0.00741000,0.00741000,0.00739000,0.00739000,514.70000000
1555999200,1556002799,0.00746000,0.00747000,0.00740000,0.00740000,1458.20000000
1556002800,1556006399,0.00740000,0.00740000,0.00740000,0.00740000,0.00000000
1556006400,1556009999,0.00736000,0.00736000,0.00715000,0.00721000,15417.30000000
1556010000,1556013599,0.00726000,0.00735000,0.00726000,0.00735000,1836.50000000
1556013600,1556017199,0.00737000,0.00748000,0.00737000,0.00748000,1744.40000000
1556017200,1556020799,0.00752000,0.00770000,0.00752000,0.00767000,3006.60000000
1556020800,1556024399,0.00766000,0.00766000,0.00758000,0.00758000,1556.60000000
1556024400,1556027999,0.00759000,0.00760000,0.00759000,0.00760000,1126.80000000
1556028000,1556031599,0.00759000,0.00763000,0.00749000,0.00762000,15158.70000000
1556031600,1556035199,0.00751000,0.00753000,0.00751000,0.00753000,1265.00000000
1556035200,1556038799,0.00758000,0.00759000,0.00758000,0.00759000,637.70000000
1556038800,1556042399,0.00759000,0.00763000,0.00759000,0.00763000,1696.80000000
1556042400,1556045999,0.00767000,0.00767000,0.00767000,0.00767000,273.70000000
1556046000,1556049599,0.00759000,0.00764000,0.00756000,0.00756000,7844.70000000
1556049600,1556053199,0.00760000,0.00760000,0.00760000,0.00760000,3547.00000000
1556053200,1556056799,0.00758000,0.00758000,0.00758000,0.00758000,1246.70000000
1556056800,1556060399,0.00765000,0.00765000,0.00752000,0.00756000,4144.90000000
1556060400,1556063999,0.00756000,0.00756000,0.00756000,0.00756000,0.00000000
1556064000,1556067599,0.00781000,0.00788000,0.00765000,0.00765000,6302.30000000
1556067600,1556071199,0.00765000,0.00765000,0.00742000,0.00754000,9595.60000000
1556071200,1556074799,0.00758000,0.00758000,0.00737000,0.00737000,4822.70000000
1556074800,1556078399,0.00731000,0.00738000,0.00731000,0.00737000,2988.40000000
1556078400,1556081999,0.00738000,0.00742000,0.00732000,0.00736000,17794.80000000
1556082000,1556085599,0.00742000,0.00747000,0.00741000,0.00742000,4526.00000000
1556085600,1556089199,0.00746000,0.00746000,0.00737000,0.00737000,3051.40000000
1556089200,1556092799,0.00748000,0.00756000,0.00730000,0.00730000,6095.70000000
1556092800,1556096399,0.00723000,0.00732000,0.00698000,0.00699000,6010.70000000
1556096400,1556099999,0.00694000,0.00701000,0.00679000,0.00693000,1535.20000000
1556100000,1556103599,0.00706000,0.00711000,0.00698000,0.00711000,1521.90000000
1556103600,1556107199,0.00703000,0.00703000,0.00691000,0.00695000,4635.20000000
1556107200,1556110799,0.00695000,0.00706000,0.00690000,0.00706000,3647.10000000
1556110800,1556114399,0.00710000,0.00717000,0.00702000,0.00717000,4152.60000000
1556114400,1556117999,0.00714000,0.00714000,0.00710000,0.00710000,441.90000000
1556118000,1556121599,0.00709000,0.00709000,0.00709000,0.00709000,368.00000000
1556121600,1556125199,0.00709000,0.00722000,0.00698000,0.00698000,495.00000000
1556125200,1556128799,0.00701000,0.00709000,0.00701000,0.00709000,589.20000000
1556128800,1556132399,0.00700000,0.00716000,0.00700000,0.00711000,2657.70000000
1556132400,1556135999,0.00711000,0.00711000,0.00711000,0.00711000,0.00000000
1556136000,1556139599,0.00711000,0.00711000,0.00711000,0.00711000,234.90000000
1556139600,1556143199,0.00712000,0.00712000,0.00691000,0.00691000,2566.70000000
1556143200,1556146799,0.00691000,0.00691000,0.00691000,0.00691000,4258.50000000
1556146800,1556150399,0.00687000,0.00687000,0.00675000,0.00677000,2617.90000000
1556150400,1556153999,0.00683000,0.00700000,0.00683000,0.00696000,5745.30000000
1556154000,1556157599,0.00694000,0.00700000,0.00692000,0.00700000,1970.10000000
1556157600,1556161199,0.00686000,0.00686000,0.00682000,0.00682000,609.90000000
1556161200,1556164799,0.00691000,0.00691000,0.00679000,0.00679000,13207.30000000
1556164800,1556168399,0.00675000,0.00675000,0.00671000,0.00672000,1229.80000000
1556168400,1556171999,0.00672000,0.00672000,0.00672000,0.00672000,1332.90000000
1556172000,1556175599,0.00671000,0.00684000,0.00671000,0.00678000,1384.50000000
1556175600,1556179199,0.00678000,0.00678000,0.00678000,0.00678000,0.00000000
1556179200,1556182799,0.00678000,0.00683000,0.00674000,0.00678000,2339.10000000
1556182800,1556186399,0.00689000,0.00690000,0.00689000,0.00690000,1052.70000000
1556186400,1556189999,0.00686000,0.00691000,0.00686000,0.00691000,1698.80000000
1556190000,1556193599,0.00691000,0.00691000,0.00691000,0.00691000,0.00000000
1556193600,1556197199,0.00691000,0.00691000,0.00691000,0.00691000,0.00000000
1556197200,1556200799,0.00691000,0.00691000,0.00691000,0.00691000,0.00000000
1556200800,1556204399,0.00691000,0.00691000,0.00691000,0.00691000,314.80000000
1556204400,1556207999,0.00692000,0.00692000,0.00692000,0.00692000,5387.50000000
1556208000,1556211599,0.00682000,0.00682000,0.00682000,0.00682000,307.80000000
1556211600,1556215199,0.00688000,0.00724000,0.00687000,0.00698000,43921.60000000
1556215200,1556218799,0.00697000,0.00698000,0.00690000,0.00696000,9576.10000000
1556218800,1556222399,0.00699000,0.00722000,0.00697000,0.00697000,55201.10000000
1556222400,1556225999,0.00695000,0.00696000,0.00691000,0.00691000,5820.10000000
1556226000,1556229599,0.00692000,0.00693000,0.00690000,0.00693000,3410.80000000
1556229600,1556233199,0.00681000,0.00686000,0.00659000,0.00660000,6859.50000000
1556233200,1556236799,0.00659000,0.00659000,0.00646000,0.00646000,3010.30000000
1556236800,1556240399,0.00667000,0.00667000,0.00630000,0.00643000,8220.20000000
1556240400,1556243999,0.00645000,0.00645000,0.00641000,0.00641000,2222.60000000
1556244000,1556247599,0.00634000,0.00634000,0.00632000,0.00634000,11747.60000000
1556247600,1556251199,0.00641000,0.00641000,0.00623000,0.00623000,9306.10000000
1556251200,1556254799,0.00619000,0.00638000,0.00619000,0.00634000,7625.20000000
1556254800,1556258399,0.00626000,0.00627000,0.00625000,0.00627000,5390.30000000
1556258400,1556261999,0.00624000,0.00624000,0.00616000,0.00616000,5358.80000000
1556262000,1556265599,0.00619000,0.00619000,0.00613000,0.00613000,757.30000000
1556265600,1556269199,0.00609000,0.00615000,0.00609000,0.00615000,4665.20000000
1556269200,1556272799,0.00615000,0.00615000,0.00615000,0.00615000,0.00000000
1556272800,1556276399,0.00613000,0.00614000,0.00613000,0.00614000,2329.60000000
1556276400,1556279999,0.00616000,0.00616000,0.00616000,0.00616000,1971.50000000
1556280000,1556283599,0.00621000,0.00623000,0.00621000,0.00623000,589.50000000
1556283600,1556287199,0.00623000,0.00623000,0.00623000,0.00623000,189.80000000
1556287200,1556290799,0.00623000,0.00623000,0.00623000,0.00623000,0.00000000
1556290800,1556294399,0.00625000,0.00625000,0.00625000,0.00625000,1233.00000000
1556294400,1556297999,0.00617000,0.00617000,0.00613000,0.00613000,9105.20000000
1556298000,1556301599,0.00615000,0.00615000,0.00615000,0.00615000,340.30000000
1556301600,1556305199,0.00614000,0.00614000,0.00614000,0.00614000,638.00000000
1556305200,1556308799,0.00616000,0.00616000,0.00612000,0.00613000,7845.50000000
1556308800,1556312399,0.00613000,0.00613000,0.00613000,0.00613000,0.00000000
1556312400,1556315999,0.00613000,0.00613000,0.00613000,0.00613000,0.00000000
1556316000,1556319599,0.00616000,0.00616000,0.00614000,0.00614000,3964.40000000
1556319600,1556323199,0.00614000,0.00614000,0.00614000,0.00614000,0.00000000
1556323200,1556326799,0.00618000,0.00619000,0.00618000,0.00619000,12239.40000000
1556326800,1556330399,0.00620000,0.00626000,0.00620000,0.00625000,1187.40000000
1556330400,1556333999,0.00628000,0.00632000,0.00627000,0.00631000,11774.00000000
1556334000,1556337599,0.00635000,0.00636000,0.00635000,0.00636000,6554.90000000
1556337600,1556341199,0.00639000,0.00641000,0.00637000,0.00637000,4977.90000000
1556341200,1556344799,0.00636000,0.00636000,0.00636000,0.00636000,956.60000000
1556344800,1556348399,0.00636000,0.00636000,0.00636000,0.00636000,0.00000000
1556348400,1556351999,0.00640000,0.00648000,0.00640000,0.00646000,6147.90000000
1556352000,1556355599,0.00643000,0.00645000,0.00643000,0.00645000,2572.90000000
1556355600,1556359199,0.00647000,0.00649000,0.00646000,0.00646000,4080.50000000
1556359200,1556362799,0.00646000,0.00648000,0.00645000,0.00645000,7878.30000000
1556362800,1556366399,0.00642000,0.00642000,0.00642000,0.00642000,411.00000000
1556366400,1556369999,0.00642000,0.00642000,0.00642000,0.00642000,0.00000000
1556370000,1556373599,0.00642000,0.00642000,0.00642000,0.00642000,0.00000000
1556373600,1556377199,0.00642000,0.00642000,0.00638000,0.00640000,2848.00000000
1556377200,1556380799,0.00646000,0.00646000,0.00646000,0.00646000,1592.00000000
1556380800,1556384399,0.00647000,0.00647000,0.00647000,0.00647000,1080.50000000
1556384400,1556387999,0.00650000,0.00660000,0.00650000,0.00660000,2030.00000000
1556388000,1556391599,0.00650000,0.00651000,0.00650000,0.00651000,456.90000000
1556391600,1556395199,0.00652000,0.00653000,0.00652000,0.00653000,456.00000000
1556395200,1556398799,0.00653000,0.00653000,0.00653000,0.00653000,0.00000000
1556398800,1556402399,0.00653000,0.00653000,0.00653000,0.00653000,0.00000000
1556402400,1556405999,0.00652000,0.00652000,0.00652000,0.00652000,169.10000000
1556406000,1556409599,0.00658000,0.00658000,0.00655000,0.00655000,2012.00000000
1556409600,1556413199,0.00650000,0.00650000,0.00644000,0.00644000,4946.50000000
1556413200,1556416799,0.00645000,0.00657000,0.00645000,0.00653000,6644.50000000
1556416800,1556420399,0.00654000,0.00654000,0.00654000,0.00654000,292.40000000
1556420400,1556423999,0.00644000,0.00644000,0.00644000,0.00644000,1089.30000000
1556424000,1556427599,0.00644000,0.00644000,0.00644000,0.00644000,0.00000000
1556427600,1556431199,0.00644000,0.00644000,0.00644000,0.00644000,0.00000000
1556431200,1556434799,0.00644000,0.00644000,0.00644000,0.00644000,0.00000000
1556434800,1556438399,0.00644000,0.00644000,0.00644000,0.00644000,0.00000000
1556438400,1556441999,0.00644000,0.00644000,0.00644000,0.00644000,456.50000000
1556442000,1556445599,0.00644000,0.00644000,0.00644000,0.00644000,0.00000000
1556445600,1556449199,0.00643000,0.00644000,0.00643000,0.00644000,586.40000000
1556449200,1556452799,0.00644000,0.00644000,0.00640000,0.00642000,14391.30000000
1556452800,1556456399,0.00642000,0.00642000,0.00642000,0.00642000,0.00000000
1556456400,1556459999,0.00643000,0.00643000,0.00643000,0.00643000,634.30000000
1556460000,1556463599,0.00636000,0.00636000,0.00636000,0.00636000,330.10000000
1556463600,1556467199,0.00636000,0.00636000,0.00636000,0.00636000,0.00000000
1556467200,1556470799,0.00636000,0.00636000,0.00636000,0.00636000,0.00000000
1556470800,1556474399,0.00628000,0.00632000,0.00623000,0.00625000,5534.30000000
1556474400,1556477999,0.00626000,0.00626000,0.00626000,0.00626000,569.80000000
1556478000,1556481599,0.00623000,0.00623000,0.00619000,0.00622000,15063.50000000
1556481600,1556485199,0.00620000,0.00622000,0.00620000,0.00622000,1784.50000000
1556485200,1556488799,0.00617000,0.00621000,0.00613000,0.00620000,9647.20000000
1556488800,1556492399,0.00612000,0.00620000,0.00609000,0.00610000,7895.50000000
1556492400,1556495999,0.00612000,0.00612000,0.00612000,0.00612000,28.20000000
1556496000,1556499599,0.00614000,0.00622000,0.00614000,0.00622000,3102.00000000
1556499600,1556503199,0.00622000,0.00622000,0.00622000,0.00622000,0.00000000
1556503200,1556506799,0.00622000,0.00622000,0.00622000,0.00622000,0.00000000
1556506800,1556510399,0.00622000,0.00622000,0.00622000,0.00622000,0.00000000
1556510400,1556513999,0.00622000,0.00622000,0.00622000,0.00622000,0.00000000
1556514000,1556517599,0.00639000,0.00639000,0.00637000,0.00637000,1022.10000000
1556517600,1556521199,0.00637000,0.00637000,0.00637000,0.00637000,0.00000000
1556521200,1556524799,0.00637000,0.00637000,0.00637000,0.00637000,0.00000000
1556524800,1556528399,0.00632000,0.00634000,0.00632000,0.00634000,1543.20000000
1556528400,1556531999,0.00638000,0.00658000,0.00638000,0.00656000,5360.50000000
1556532000,1556535599,0.00650000,0.00660000,0.00646000,0.00646000,4331.00000000
1556535600,1556539199,0.00648000,0.00654000,0.00645000,0.00645000,4924.80000000
1556539200,1556542799,0.00650000,0.00655000,0.00643000,0.00648000,9064.60000000
1556542800,1556546399,0.00643000,0.00643000,0.00627000,0.00627000,9690.40000000
1556546400,1556549999,0.00620000,0.00626000,0.00618000,0.00626000,1549.10000000
1556550000,1556553599,0.00634000,0.00636000,0.00629000,0.00629000,2993.00000000
1556553600,1556557199,0.00629000,0.00629000,0.00629000,0.00629000,0.00000000
1556557200,1556560799,0.00629000,0.00629000,0.00629000,0.00629000,0.00000000
1556560800,1556564399,0.00629000,0.00629000,0.00629000,0.00629000,0.00000000
1556564400,1556567999,0.00631000,0.00633000,0.00631000,0.00633000,1070.10000000
1556568000,1556571599,0.00636000,0.00636000,0.00636000,0.00636000,6782.80000000
1556571600,1556575199,0.00640000,0.00640000,0.00640000,0.00640000,1410.00000000
1556575200,1556578799,0.00641000,0.00641000,0.00631000,0.00631000,850.90000000
1556578800,1556582399,0.00632000,0.00632000,0.00625000,0.00625000,2937.20000000
1556582400,1556585999,0.00623000,0.00623000,0.00617000,0.00617000,1730.80000000
1556586000,1556589599,0.00617000,0.00619000,0.00609000,0.00616000,9640.40000000
1556589600,1556593199,0.00620000,0.00620000,0.00620000,0.00620000,335.90000000
1556593200,1556596799,0.00620000,0.00620000,0.00620000,0.00620000,0.00000000
1556596800,1556600399,0.00620000,0.00620000,0.00620000,0.00620000,0.00000000
1556600400,1556603999,0.00620000,0.00620000,0.00620000,0.00620000,0.00000000
1556604000,1556607599,0.00620000,0.00620000,0.00620000,0.00620000,0.00000000
1556607600,1556611199,0.00624000,0.00625000,0.00607000,0.00607000,2861.30000000
1556611200,1556614799,0.00612000,0.00614000,0.00611000,0.00614000,1188.00000000
1556614800,1556618399,0.00609000,0.00615000,0.00609000,0.00615000,1751.20000000
1556618400,1556621999,0.00615000,0.00618000,0.00615000,0.00615000,4850.00000000
1556622000,1556625599,0.00621000,0.00624000,0.00621000,0.00624000,3393.20000000
1556625600,1556629199,0.00627000,0.00636000,0.00622000,0.00633000,16794.30000000
1556629200,1556632799,0.00628000,0.00629000,0.00622000,0.00629000,9964.50000000
1556632800,1556636399,0.00628000,0.00638000,0.00626000,0.00638000,10236.10000000
1556636400,1556639999,0.00628000,0.00633000,0.00625000,0.00626000,4564.40000000
1556640000,1556643599,0.00623000,0.00625000,0.00623000,0.00625000,3462.00000000
1556643600,1556647199,0.00625000,0.00625000,0.00625000,0.00625000,12134.80000000
1556647200,1556650799,0.00629000,0.00631000,0.00629000,0.00631000,5646.00000000
1556650800,1556654399,0.00626000,0.00626000,0.00623000,0.00623000,6234.00000000
1556654400,1556657999,0.00623000,0.00623000,0.00623000,0.00623000,0.00000000
1556658000,1556661599,0.00629000,0.00632000,0.00629000,0.00632000,3958.80000000
1556661600,1556665199,0.00633000,0.00640000,0.00633000,0.00640000,4074.40000000
1556665200,1556668799,0.00635000,0.00635000,0.00635000,0.00635000,410.00000000
1556668800,1556672399,0.00640000,0.00641000,0.00640000,0.00641000,1396.80000000
1556672400,1556675999,0.00637000,0.00641000,0.00636000,0.00637000,6679.00000000
1556676000,1556679599,0.00636000,0.00639000,0.00635000,0.00639000,4861.30000000
1556679600,1556683199,0.00639000,0.00639000,0.00638000,0.00638000,756.20000000
1556683200,1556686799,0.00639000,0.00640000,0.00637000,0.00640000,3271.00000000
1556686800,1556690399,0.00640000,0.00640000,0.00639000,0.00639000,409.80000000
1556690400,1556693999,0.00642000,0.00642000,0.00642000,0.00642000,1563.00000000
1556694000,1556697599,0.00644000,0.00644000,0.00641000,0.00641000,4435.10000000
1556697600,1556701199,0.00653000,0.00653000,0.00639000,0.00639000,1123.50000000
1556701200,1556704799,0.00639000,0.00640000,0.00637000,0.00640000,647.50000000
1556704800,1556708399,0.00640000,0.00640000,0.00640000,0.00640000,0.00000000
1556708400,1556711999,0.00640000,0.00642000,0.00636000,0.00640000,7979.30000000
1556712000,1556715599,0.00640000,0.00642000,0.00637000,0.00642000,3648.40000000
1556715600,1556719199,0.00625000,0.00627000,0.00624000,0.00627000,1415.10000000
1556719200,1556722799,0.00629000,0.00631000,0.00629000,0.00631000,891.40000000
1556722800,1556726399,0.00640000,0.00640000,0.00636000,0.00636000,9763.50000000
1556726400,1556729999,0.00638000,0.00644000,0.00638000,0.00644000,12803.60000000
1556730000,1556733599,0.00638000,0.00638000,0.00638000,0.00638000,613.60000000
1556733600,1556737199,0.00639000,0.00641000,0.00635000,0.00637000,14400.20000000
1556737200,1556740799,0.00637000,0.00637000,0.00637000,0.00637000,0.00000000
1556740800,1556744399,0.00641000,0.00642000,0.00641000,0.00642000,7185.10000000
1556744400,1556747999,0.00634000,0.00634000,0.00634000,0.00634000,331.20000000
1556748000,1556751599,0.00631000,0.00631000,0.00631000,0.00631000,403.90000000
1556751600,1556755199,0.00636000,0.00636000,0.00636000,0.00636000,770.00000000
1556755200,1556758799,0.00637000,0.00637000,0.00637000,0.00637000,562.50000000
1556758800,1556762399,0.00637000,0.00637000,0.00637000,0.00637000,0.00000000
1556762400,1556765999,0.00637000,0.00637000,0.00637000,0.00637000,0.00000000
1556766000,1556769599,0.00637000,0.00637000,0.00637000,0.00637000,1421.00000000
1556769600,1556773199,0.00637000,0.00637000,0.00637000,0.00637000,278.80000000
1556773200,1556776799,0.00637000,0.00637000,0.00637000,0.00637000,0.00000000
1556776800,1556780399,0.00640000,0.00640000,0.00635000,0.00635000,628.00000000
1556780400,1556783999,0.00638000,0.00639000,0.00638000,0.00639000,810.80000000
1556784000,1556787599,0.00646000,0.00646000,0.00646000,0.00646000,1501.90000000
1556787600,1556791199,0.00639000,0.00639000,0.00639000,0.00639000,328.50000000
1556791200,1556794799,0.00629000,0.00629000,0.00629000,0.00629000,260.50000000
1556794800,1556798399,0.00629000,0.00629000,0.00615000,0.00616000,15336.20000000
1556798400,1556801999,0.00616000,0.00616000,0.00616000,0.00616000,0.00000000
1556802000,1556805599,0.00609000,0.00609000,0.00600000,0.00600000,4090.80000000
1556805600,1556809199,0.00594000,0.00594000,0.00585000,0.00594000,11668.80000000
1556809200,1556812799,0.00594000,0.00596000,0.00589000,0.00592000,2599.80000000
1556812800,1556816399,0.00592000,0.00597000,0.00592000,0.00597000,2074.70000000
1556816400,1556819999,0.00597000,0.00597000,0.00597000,0.00597000,2000.00000000
1556820000,1556823599,0.00596000,0.00596000,0.00592000,0.00592000,3092.00000000
1556823600,1556827199,0.00591000,0.00594000,0.00591000,0.00594000,1268.60000000
1556827200,1556830799,0.00594000,0.00594000,0.00594000,0.00594000,0.00000000
1556830800,1556834399,0.00594000,0.00594000,0.00594000,0.00594000,0.00000000
1556834400,1556837999,0.00594000,0.00594000,0.00594000,0.00594000,0.00000000
1556838000,1556841599,0.00594000,0.00594000,0.00594000,0.00594000,0.00000000
1556841600,1556845199,0.00591000,0.00591000,0.00591000,0.00591000,186.00000000
1556845200,1556848799,0.00591000,0.00598000,0.00590000,0.00598000,4548.50000000
1556848800,1556852399,0.00601000,0.00601000,0.00601000,0.00601000,3661.70000000
1556852400,1556855999,0.00605000,0.00607000,0.00604000,0.00607000,4765.90000000
1556856000,1556859599,0.00607000,0.00607000,0.00607000,0.00607000,0.00000000
1556859600,1556863199,0.00615000,0.00615000,0.00614000,0.00614000,1078.80000000
1556863200,1556866799,0.00617000,0.00619000,0.00614000,0.00615000,13682.70000000
1556866800,1556870399,0.00616000,0.00623000,0.00614000,0.00623000,4336.00000000
1556870400,1556873999,0.00620000,0.00620000,0.00600000,0.00600000,49906.40000000
1556874000,1556877599,0.00600000,0.00606000,0.00593000,0.00606000,26720.50000000
1556877600,1556881199,0.00602000,0.00605000,0.00602000,0.00605000,4635.60000000
1556881200,1556884799,0.00603000,0.00603000,0.00596000,0.00596000,7734.40000000
1556884800,1556888399,0.00600000,0.00606000,0.00600000,0.00606000,9288.60000000
1556888400,1556891999,0.00604000,0.00604000,0.00604000,0.00604000,1495.80000000
1556892000,1556895599,0.00607000,0.00607000,0.00605000,0.00606000,16833.00000000
1556895600,1556899199,0.00606000,0.00606000,0.00606000,0.00606000,0.00000000
1556899200,1556902799,0.00605000,0.00611000,0.00601000,0.00601000,3584.00000000
1556902800,1556906399,0.00595000,0.00599000,0.00595000,0.00599000,5557.10000000
1556906400,1556909999,0.00601000,0.00602000,0.00601000,0.00602000,1424.70000000
1556910000,1556913599,0.00599000,0.00599000,0.00599000,0.00599000,314.00000000
1556913600,1556917199,0.00599000,0.00599000,0.00599000,0.00599000,0.00000000
1556917200,1556920799,0.00595000,0.00598000,0.00594000,0.00598000,3497.90000000
1556920800,1556924399,0.00600000,0.00600000,0.00592000,0.00592000,770.80000000
1556924400,1556927999,0.00592000,0.00592000,0.00591000,0.00591000,449.00000000
1556928000,1556931599,0.00599000,0.00604000,0.00599000,0.00604000,3540.30000000
1556931600,1556935199,0.00609000,0.00610000,0.00605000,0.00610000,6390.00000000
1556935200,1556938799,0.00610000,0.00610000,0.00610000,0.00610000,0.00000000
1556938800,1556942399,0.00610000,0.00610000,0.00610000,0.00610000,0.00000000
1556942400,1556945999,0.00606000,0.00606000,0.00606000,0.00606000,387.60000000
1556946000,1556949599,0.00607000,0.00607000,0.00597000,0.00597000,4057.70000000
1556949600,1556953199,0.00597000,0.00597000,0.00597000,0.00597000,207.20000000
1556953200,1556956799,0.00597000,0.00598000,0.00597000,0.00597000,1506.80000000
1556956800,1556960399,0.00597000,0.00597000,0.00591000,0.00593000,3902.70000000
1556960400,1556963999,0.00594000,0.00594000,0.00586000,0.00586000,21195.20000000
1556964000,1556967599,0.00592000,0.00592000,0.00592000,0.00592000,310.70000000
1556967600,1556971199,0.00594000,0.00601000,0.00590000,0.00590000,5728.70000000
1556971200,1556974799,0.00594000,0.00594000,0.00592000,0.00592000,498.10000000
1556974800,1556978399,0.00589000,0.00595000,0.00581000,0.00581000,1867.60000000
1556978400,1556981999,0.00585000,0.00585000,0.00577000,0.00582000,3161.10000000
1556982000,1556985599,0.00582000,0.00582000,0.00582000,0.00582000,0.00000000
1556985600,1556989199,0.00582000,0.00582000,0.00582000,0.00582000,0.00000000
1556989200,1556992799,0.00588000,0.00603000,0.00587000,0.00600000,44622.20000000
1556992800,1556996399,0.00599000,0.00605000,0.00597000,0.00597000,18038.60000000
1556996400,1556999999,0.00597000,0.00597000,0.00597000,0.00597000,0.00000000
1557000000,1557003599,0.00605000,0.00605000,0.00605000,0.00605000,352.60000000
1557003600,1557007199,0.00606000,0.00608000,0.00602000,0.00603000,15100.80000000
1557007200,1557010799,0.00603000,0.00603000,0.00603000,0.00603000,0.00000000
1557010800,1557014399,0.00603000,0.00609000,0.00603000,0.00607000,9957.50000000
1557014400,1557017999,0.00602000,0.00602000,0.00602000,0.00602000,699.60000000
1557018000,1557021599,0.00602000,0.00602000,0.00602000,0.00602000,0.00000000
1557021600,1557025199,0.00598000,0.00600000,0.00598000,0.00600000,341.90000000
1557025200,1557028799,0.00600000,0.00600000,0.00600000,0.00600000,0.00000000
1557028800,1557032399,0.00600000,0.00600000,0.00600000,0.00600000,0.00000000
1557032400,1557035999,0.00600000,0.00600000,0.00600000,0.00600000,0.00000000
1557036000,1557039599,0.00604000,0.00604000,0.00602000,0.00602000,540.90000000
1557039600,1557043199,0.00603000,0.00605000,0.00603000,0.00605000,1468.50000000
1557043200,1557046799,0.00599000,0.00599000,0.00599000,0.00599000,769.90000000
1557046800,1557050399,0.00599000,0.00599000,0.00599000,0.00599000,0.00000000
1557050400,1557053999,0.00601000,0.00601000,0.00599000,0.00599000,6786.00000000
1557054000,1557057599,0.00599000,0.00599000,0.00599000,0.00599000,0.00000000
1557057600,1557061199,0.00599000,0.00599000,0.00599000,0.00599000,0.00000000
1557061200,1557064799,0.00600000,0.00600000,0.00600000,0.00600000,723.00000000
1557064800,1557068399,0.00599000,0.00599000,0.00599000,0.00599000,1348.20000000
1557068400,1557071999,0.00596000,0.00596000,0.00596000,0.00596000,211.40000000
1557072000,1557075599,0.00595000,0.00599000,0.00595000,0.00595000,3925.30000000
1557075600,1557079199,0.00599000,0.00600000,0.00596000,0.00596000,4031.60000000
1557079200,1557082799,0.00591000,0.00597000,0.00591000,0.00597000,8637.70000000
1557082800,1557086399,0.00600000,0.00600000,0.00599000,0.00599000,1707.60000000
1557086400,1557089999,0.00593000,0.00593000,0.00593000,0.00593000,2901.10000000
1557090000,1557093599,0.00590000,0.00592000,0.00590000,0.00592000,634.60000000
1557093600,1557097199,0.00592000,0.00592000,0.00592000,0.00592000,0.00000000
1557097200,1557100799,0.00592000,0.00592000,0.00592000,0.00592000,0.00000000
1557100800,1557104399,0.00592000,0.00592000,0.00592000,0.00592000,1094.00000000
1557104400,1557107999,0.00599000,0.00599000,0.00593000,0.00593000,1154.60000000
1557108000,1557111599,0.00596000,0.00597000,0.00596000,0.00597000,6888.20000000
1557111600,1557115199,0.00600000,0.00631000,0.00600000,0.00619000,50607.40000000
1557115200,1557118799,0.00612000,0.00612000,0.00608000,0.00610000,25931.20000000
1557118800,1557122399,0.00613000,0.00619000,0.00613000,0.00619000,6315.50000000
1557122400,1557125999,0.00620000,0.00623000,0.00620000,0.00623000,1517.00000000
1557126000,1557129599,0.00617000,0.00627000,0.00617000,0.00627000,13004.70000000
1557129600,1557133199,0.00627000,0.00627000,0.00625000,0.00625000,2542.20000000
1557133200,1557136799,0.00637000,0.00646000,0.00637000,0.00646000,5692.00000000
1557136800,1557140399,0.00645000,0.00645000,0.00639000,0.00639000,13003.40000000
1557140400,1557143999,0.00642000,0.00642000,0.00626000,0.00626000,10303.40000000
1557144000,1557147599,0.00629000,0.00637000,0.00629000,0.00637000,5556.20000000
1557147600,1557151199,0.00637000,0.00637000,0.00637000,0.00637000,0.00000000
1557151200,1557154799,0.00631000,0.00631000,0.00631000,0.00631000,174.50000000
1557154800,1557158399,0.00628000,0.00628000,0.00628000,0.00628000,2730.00000000
1557158400,1557161999,0.00633000,0.00638000,0.00631000,0.00638000,26720.70000000
1557162000,1557165599,0.00638000,0.00638000,0.00637000,0.00637000,2173.30000000
1557165600,1557169199,0.00637000,0.00637000,0.00637000,0.00637000,0.00000000
1557169200,1557172799,0.00638000,0.00638000,0.00638000,0.00638000,1231.70000000
1557172800,1557176399,0.00636000,0.00636000,0.00635000,0.00635000,2751.00000000
1557176400,1557179999,0.00634000,0.00634000,0.00634000,0.00634000,173.50000000
1557180000,1557183599,0.00634000,0.00634000,0.00634000,0.00634000,0.00000000
1557183600,1557187199,0.00635000,0.00635000,0.00630000,0.00634000,674.90000000
1557187200,1557190799,0.00632000,0.00637000,0.00630000,0.00637000,11911.60000000
1557190800,1557194399,0.00634000,0.00636000,0.00634000,0.00636000,371.60000000
1557194400,1557197999,0.00631000,0.00632000,0.00628000,0.00628000,7612.20000000
1557198000,1557201599,0.00629000,0.00637000,0.00628000,0.00634000,10341.70000000
1557201600,1557205199,0.00629000,0.00629000,0.00627000,0.00629000,5856.40000000
1557205200,1557208799,0.00631000,0.00631000,0.00627000,0.00627000,1522.40000000
1557208800,1557212399,0.00627000,0.00629000,0.00625000,0.00625000,1785.80000000
1557212400,1557215999,0.00623000,0.00623000,0.00621000,0.00623000,1444.90000000
1557216000,1557219599,0.00624000,0.00629000,0.00624000,0.00629000,1578.70000000
1557219600,1557223199,0.00629000,0.00632000,0.00629000,0.00632000,216.00000000
1557223200,1557226799,0.00631000,0.00631000,0.00627000,0.00627000,815.40000000
1557226800,1557230399,0.00627000,0.00627000,0.00627000,0.00627000,0.00000000
1557230400,1557233999,0.00627000,0.00627000,0.00626000,0.00626000,775.90000000
1557234000,1557237599,0.00630000,0.00630000,0.00627000,0.00627000,1665.80000000
1557237600,1557241199,0.00624000,0.00626000,0.00610000,0.00612000,32546.90000000
1557241200,1557244799,0.00614000,0.00620000,0.00611000,0.00614000,8365.10000000
1557244800,1557248399,0.00616000,0.00622000,0.00615000,0.00621000,1917.40000000
1557248400,1557251999,0.00621000,0.00621000,0.00621000,0.00621000,0.00000000
1557252000,1557255599,0.00621000,0.00621000,0.00621000,0.00621000,0.00000000
1557255600,1557259199,0.00621000,0.00621000,0.00617000,0.00617000,754.40000000
1557259200,1557262799,0.00617000,0.00617000,0.00617000,0.00617000,305.40000000
1557262800,1557266399,0.00617000,0.00617000,0.00617000,0.00617000,0.00000000
1557266400,1557269999,0.00616000,0.00620000,0.00616000,0.00620000,1275.70000000
1557270000,1557273599,0.00629000,0.00650000,0.00629000,0.00642000,9811.90000000
1557273600,1557277199,0.00642000,0.00663000,0.00639000,0.00651000,19425.40000000
1557277200,1557280799,0.00635000,0.00635000,0.00617000,0.00619000,12398.80000000
1557280800,1557284399,0.00615000,0.00623000,0.00607000,0.00623000,8399.70000000
1557284400,1557287999,0.00620000,0.00636000,0.00620000,0.00629000,1452.20000000
1557288000,1557291599,0.00625000,0.00628000,0.00620000,0.00620000,38216.90000000
1557291600,1557295199,0.00620000,0.00622000,0.00620000,0.00622000,6858.00000000
1557295200,1557298799,0.00619000,0.00624000,0.00617000,0.00624000,6929.80000000
1557298800,1557302399,0.00623000,0.00630000,0.00623000,0.00626000,18841.40000000
1557302400,1557305999,0.00626000,0.00626000,0.00626000,0.00626000,623.00000000
1557306000,1557309599,0.00626000,0.00635000,0.00626000,0.00635000,4735.30000000
1557309600,1557313199,0.00635000,0.00649000,0.00630000,0.00643000,65427.00000000
1557313200,1557316799,0.00646000,0.00649000,0.00646000,0.00648000,9649.20000000
1557316800,1557320399,0.00642000,0.00642000,0.00627000,0.00631000,7885.50000000
1557320400,1557323999,0.00629000,0.00636000,0.00622000,0.00636000,14173.40000000
1557324000,1557327599,0.00622000,0.00622000,0.00622000,0.00622000,1276.70000000
1557327600,1557331199,0.00622000,0.00622000,0.00622000,0.00622000,0.00000000
1557331200,1557334799,0.00632000,0.00632000,0.00632000,0.00632000,196.90000000
1557334800,1557338399,0.00636000,0.00639000,0.00636000,0.00639000,779.40000000
1557338400,1557341999,0.00627000,0.00627000,0.00620000,0.00620000,1416.30000000
1557342000,1557345599,0.00620000,0.00620000,0.00620000,0.00620000,0.00000000
1557345600,1557349199,0.00631000,0.00632000,0.00631000,0.00632000,1587.60000000
1557349200,1557352799,0.00639000,0.00641000,0.00639000,0.00641000,992.50000000
1557352800,1557356399,0.00641000,0.00641000,0.00641000,0.00641000,0.00000000
1557356400,1557359999,0.00640000,0.00640000,0.00631000,0.00631000,15878.10000000
1557360000,1557363599,0.00634000,0.00644000,0.00631000,0.00638000,5939.20000000
1557363600,1557367199,0.00644000,0.00645000,0.00644000,0.00645000,1657.10000000
1557367200,1557370799,0.00623000,0.00625000,0.00622000,0.00622000,10354.60000000
1557370800,1557374399,0.00622000,0.00622000,0.00621000,0.00621000,2657.70000000
1557374400,1557377999,0.00619000,0.00628000,0.00619000,0.00628000,16167.30000000
1557378000,1557381599,0.00628000,0.00631000,0.00622000,0.00623000,30553.30000000
1557381600,1557385199,0.00629000,0.00629000,0.00624000,0.00624000,6695.80000000
1557385200,1557388799,0.00626000,0.00626000,0.00617000,0.00622000,9593.70000000
1557388800,1557392399,0.00622000,0.00628000,0.00622000,0.00627000,4067.60000000
1557392400,1557395999,0.00615000,0.00617000,0.00615000,0.00616000,10368.10000000
1557396000,1557399599,0.00622000,0.00622000,0.00622000,0.00622000,680.80000000
1557399600,1557403199,0.00625000,0.00626000,0.00623000,0.00624000,14388.20000000
1557403200,1557406799,0.00622000,0.00622000,0.00609000,0.00609000,2133.50000000
1557406800,1557410399,0.00609000,0.00614000,0.00609000,0.00614000,1585.30000000
1557410400,1557413999,0.00611000,0.00620000,0.00611000,0.00620000,997.20000000
1557414000,1557417599,0.00620000,0.00622000,0.00600000,0.00622000,26043.70000000
1557417600,1557421199,0.00634000,0.00639000,0.00634000,0.00635000,4315.00000000
1557421200,1557424799,0.00636000,0.00639000,0.00624000,0.00639000,7405.30000000
1557424800,1557428399,0.00635000,0.00641000,0.00634000,0.00641000,3110.90000000
1557428400,1557431999,0.00639000,0.00639000,0.00622000,0.00622000,3078.20000000
1557432000,1557435599,0.00628000,0.00628000,0.00628000,0.00628000,2739.90000000
1557435600,1557439199,0.00620000,0.00620000,0.00620000,0.00620000,3079.10000000
1557439200,1557442799,0.00620000,0.00625000,0.00616000,0.00625000,8646.10000000
1557442800,1557446399,0.00617000,0.00625000,0.00614000,0.00617000,5627.90000000
1557446400,1557449999,0.00614000,0.00614000,0.00591000,0.00598000,23322.70000000
1557450000,1557453599,0.00596000,0.00610000,0.00596000,0.00607000,10690.40000000
1557453600,1557457199,0.00603000,0.00615000,0.00603000,0.00612000,12121.40000000
1557457200,1557460799,0.00620000,0.00629000,0.00618000,0.00627000,4919.10000000
1557460800,1557464399,0.00625000,0.00631000,0.00608000,0.00630000,29356.10000000
1557464400,1557467999,0.00631000,0.00636000,0.00627000,0.00630000,16516.80000000
1557468000,1557471599,0.00633000,0.00638000,0.00633000,0.00634000,7900.20000000
1557471600,1557475199,0.00640000,0.00645000,0.00634000,0.00639000,7223.00000000
1557475200,1557478799,0.00630000,0.00630000,0.00630000,0.00630000,681.20000000
1557478800,1557482399,0.00617000,0.00628000,0.00617000,0.00628000,13534.20000000
1557482400,1557485999,0.00629000,0.00629000,0.00611000,0.00611000,9885.00000000
1557486000,1557489599,0.00610000,0.00630000,0.00610000,0.00630000,5446.20000000
1557489600,1557493199,0.00627000,0.00644000,0.00627000,0.00644000,7225.40000000
1557493200,1557496799,0.00638000,0.00647000,0.00633000,0.00647000,10393.70000000
1557496800,1557500399,0.00647000,0.00663000,0.00645000,0.00645000,78553.30000000
1557500400,1557503999,0.00641000,0.00646000,0.00641000,0.00646000,1378.90000000
1557504000,1557507599,0.00646000,0.00646000,0.00633000,0.00646000,14125.60000000
1557507600,1557511199,0.00641000,0.00643000,0.00638000,0.00642000,2740.00000000
1557511200,1557514799,0.00642000,0.00642000,0.00633000,0.00633000,13978.90000000
1557514800,1557518399,0.00636000,0.00636000,0.00633000,0.00635000,4405.90000000
1557518400,1557521999,0.00638000,0.00641000,0.00632000,0.00632000,3338.80000000
1557522000,1557525599,0.00632000,0.00632000,0.00632000,0.00632000,0.00000000
1557525600,1557529199,0.00629000,0.00635000,0.00629000,0.00635000,1236.30000000
1557529200,1557532799,0.00631000,0.00634000,0.00628000,0.00634000,1524.90000000
1557532800,1557536399,0.00630000,0.00630000,0.00623000,0.00623000,12954.10000000
1557536400,1557539999,0.00642000,0.00642000,0.00639000,0.00641000,14658.40000000
1557540000,1557543599,0.00638000,0.00640000,0.00630000,0.00637000,11851.00000000
1557543600,1557547199,0.00637000,0.00638000,0.00632000,0.00638000,8190.80000000
1557547200,1557550799,0.00637000,0.00645000,0.00637000,0.00645000,2691.70000000
1557550800,1557554399,0.00652000,0.00652000,0.00629000,0.00629000,13938.00000000
1557554400,1557557999,0.00632000,0.00644000,0.00618000,0.00626000,23963.20000000
1557558000,1557561599,0.00618000,0.00629000,0.00613000,0.00629000,1027.50000000
1557561600,1557565199,0.00629000,0.00629000,0.00629000,0.00629000,381.50000000
1557565200,1557568799,0.00625000,0.00634000,0.00609000,0.00618000,7116.80000000
1557568800,1557572399,0.00620000,0.00622000,0.00620000,0.00622000,1290.60000000
1557572400,1557575999,0.00622000,0.00651000,0.00622000,0.00651000,14688.20000000
1557576000,1557579599,0.00653000,0.00701000,0.00643000,0.00645000,62360.40000000
1557579600,1557583199,0.00642000,0.00644000,0.00634000,0.00642000,31543.70000000
1557583200,1557586799,0.00651000,0.00651000,0.00639000,0.00639000,4549.00000000
1557586800,1557590399,0.00634000,0.00640000,0.00607000,0.00607000,28880.80000000
1557590400,1557593999,0.00591000,0.00612000,0.00589000,0.00601000,41337.60000000
1557594000,1557597599,0.00605000,0.00616000,0.00605000,0.00616000,25297.80000000
1557597600,1557601199,0.00614000,0.00614000,0.00607000,0.00607000,3560.00000000
1557601200,1557604799,0.00612000,0.00612000,0.00606000,0.00608000,2634.00000000
1557604800,1557608399,0.00608000,0.00608000,0.00608000,0.00608000,0.00000000
1557608400,1557611999,0.00612000,0.00617000,0.00612000,0.00617000,2586.70000000
1557612000,1557615599,0.00615000,0.00616000,0.00604000,0.00612000,18375.10000000
1557615600,1557619199,0.00612000,0.00617000,0.00607000,0.00609000,3684.70000000
1557619200,1557622799,0.00615000,0.00618000,0.00613000,0.00618000,6192.80000000
1557622800,1557626399,0.00613000,0.00613000,0.00600000,0.00612000,8126.40000000
1557626400,1557629999,0.00607000,0.00607000,0.00607000,0.00607000,219.10000000
1557630000,1557633599,0.00613000,0.00613000,0.00608000,0.00608000,2795.50000000
1557633600,1557637199,0.00604000,0.00604000,0.00604000,0.00604000,198.60000000
1557637200,1557640799,0.00609000,0.00613000,0.00609000,0.00613000,584.50000000
1557640800,1557644399,0.00613000,0.00620000,0.00613000,0.00614000,7110.00000000
1557644400,1557647999,0.00622000,0.00626000,0.00617000,0.00618000,6351.90000000
1557648000,1557651599,0.00611000,0.00613000,0.00604000,0.00613000,9105.70000000
1557651600,1557655199,0.00611000,0.00615000,0.00604000,0.00614000,32297.50000000
1557655200,1557658799,0.00616000,0.00616000,0.00605000,0.00606000,8025.50000000
1557658800,1557662399,0.00604000,0.00609000,0.00596000,0.00606000,13576.00000000
1557662400,1557665999,0.00595000,0.00599000,0.00594000,0.00599000,11142.00000000
1557666000,1557669599,0.00620000,0.00620000,0.00605000,0.00605000,2606.90000000
1557669600,1557673199,0.00606000,0.00606000,0.00602000,0.00604000,5828.20000000
1557673200,1557676799,0.00605000,0.00605000,0.00599000,0.00599000,4495.10000000
1557676800,1557680399,0.00607000,0.00608000,0.00591000,0.00600000,3761.00000000
1557680400,1557683999,0.00596000,0.00602000,0.00596000,0.00602000,2940.50000000
1557684000,1557687599,0.00601000,0.00604000,0.00601000,0.00603000,13169.60000000
1557687600,1557691199,0.00600000,0.00603000,0.00599000,0.00600000,4173.60000000
1557691200,1557694799,0.00610000,0.00614000,0.00608000,0.00608000,3594.30000000
1557694800,1557698399,0.00608000,0.00608000,0.00595000,0.00595000,6434.70000000
1557698400,1557701999,0.00595000,0.00597000,0.00592000,0.00597000,2072.70000000
1557702000,1557705599,0.00597000,0.00597000,0.00597000,0.00597000,0.00000000
1557705600,1557709199,0.00595000,0.00599000,0.00587000,0.00596000,28026.20000000
1557709200,1557712799,0.00596000,0.00596000,0.00585000,0.00592000,15649.80000000
1557712800,1557716399,0.00587000,0.00588000,0.00577000,0.00586000,15368.50000000
1557716400,1557719999,0.00582000,0.00584000,0.00582000,0.00584000,3031.70000000
1557720000,1557723599,0.00570000,0.00572000,0.00561000,0.00564000,3425.90000000
1557723600,1557727199,0.00573000,0.00573000,0.00553000,0.00553000,20411.20000000
1557727200,1557730799,0.00549000,0.00557000,0.00546000,0.00551000,8035.90000000
1557730800,1557734399,0.00553000,0.00553000,0.00542000,0.00542000,6294.00000000
1557734400,1557737999,0.00549000,0.00549000,0.00542000,0.00544000,3253.40000000
1557738000,1557741599,0.00541000,0.00544000,0.00538000,0.00544000,1554.30000000
1557741600,1557745199,0.00559000,0.00559000,0.00558000,0.00558000,11401.80000000
1557745200,1557748799,0.00569000,0.00569000,0.00555000,0.00555000,18469.40000000
1557748800,1557752399,0.00557000,0.00557000,0.00548000,0.00548000,2064.70000000
1557752400,1557755999,0.00548000,0.00555000,0.00548000,0.00552000,7453.30000000
1557756000,1557759599,0.00552000,0.00556000,0.00545000,0.00555000,17490.70000000
1557759600,1557763199,0.00547000,0.00568000,0.00546000,0.00546000,9689.90000000
1557763200,1557766799,0.00551000,0.00551000,0.00542000,0.00546000,6430.90000000
1557766800,1557770399,0.00548000,0.00554000,0.00536000,0.00537000,2316.80000000
1557770400,1557773999,0.00532000,0.00538000,0.00524000,0.00524000,2204.50000000
1557774000,1557777599,0.00531000,0.00539000,0.00531000,0.00539000,1455.70000000
1557777600,1557781199,0.00534000,0.00534000,0.00527000,0.00527000,1542.80000000
1557781200,1557784799,0.00527000,0.00530000,0.00523000,0.00528000,6618.60000000
1557784800,1557788399,0.00526000,0.00533000,0.00508000,0.00508000,4120.80000000
1557788400,1557791999,0.00534000,0.00534000,0.00534000,0.00534000,451.50000000
1557792000,1557795599,0.00521000,0.00526000,0.00512000,0.00512000,9055.40000000
1557795600,1557799199,0.00510000,0.00510000,0.00506000,0.00509000,2386.60000000
1557799200,1557802799,0.00524000,0.00524000,0.00517000,0.00519000,4202.60000000
1557802800,1557806399,0.00529000,0.00530000,0.00529000,0.00530000,1280.10000000
1557806400,1557809999,0.00521000,0.00521000,0.00521000,0.00521000,211.10000000
1557810000,1557813599,0.00528000,0.00528000,0.00528000,0.00528000,2000.00000000
1557813600,1557817199,0.00538000,0.00538000,0.00538000,0.00538000,7486.40000000
1557817200,1557820799,0.00539000,0.00539000,0.00539000,0.00539000,451.50000000
1557820800,1557824399,0.00542000,0.00542000,0.00533000,0.00533000,3368.10000000
1557824400,1557827999,0.00531000,0.00600000,0.00531000,0.00556000,63562.70000000
1557828000,1557831599,0.00550000,0.00551000,0.00538000,0.00538000,5219.10000000
1557831600,1557835199,0.00543000,0.00567000,0.00543000,0.00545000,3098.70000000
1557835200,1557838799,0.00548000,0.00548000,0.00547000,0.00547000,114.80000000
1557838800,1557842399,0.00542000,0.00546000,0.00541000,0.00541000,6377.00000000
1557842400,1557845999,0.00545000,0.00546000,0.00541000,0.00546000,1004.70000000
1557846000,1557849599,0.00550000,0.00551000,0.00548000,0.00548000,1985.30000000
1557849600,1557853199,0.00553000,0.00553000,0.00552000,0.00552000,2859.90000000
1557853200,1557856799,0.00557000,0.00557000,0.00549000,0.00556000,4434.10000000
1557856800,1557860399,0.00551000,0.00554000,0.00550000,0.00554000,3828.10000000
1557860400,1557863999,0.00554000,0.00559000,0.00553000,0.00559000,1548.10000000
1557864000,1557867599,0.00559000,0.00559000,0.00552000,0.00556000,9578.80000000
1557867600,1557871199,0.00555000,0.00555000,0.00551000,0.00551000,3323.10000000
1557871200,1557874799,0.00558000,0.00566000,0.00553000,0.00559000,8683.00000000
1557874800,1557878399,0.00552000,0.00561000,0.00551000,0.00560000,5159.00000000
1557878400,1557881999,0.00555000,0.00560000,0.00544000,0.00552000,5388.40000000
1557882000,1557885599,0.00557000,0.00557000,0.00549000,0.00549000,15618.20000000
1557885600,1557889199,0.00554000,0.00563000,0.00524000,0.00524000,14808.70000000
1557925200,1557928799,0.00537000,0.00537000,0.00495000,0.00505000,21112.90000000
1557928800,1557932399,0.00504000,0.00524000,0.00504000,0.00524000,7767.20000000
1557932400,1557935999,0.00525000,0.00530000,0.00520000,0.00520000,9925.60000000
1557936000,1557939599,0.00526000,0.00531000,0.00524000,0.00531000,3218.60000000
1557939600,1557943199,0.00533000,0.00533000,0.00533000,0.00533000,4575.90000000
1557943200,1557946799,0.00534000,0.00534000,0.00533000,0.00534000,797.60000000
1557946800,1557950399,0.00532000,0.00537000,0.00522000,0.00537000,14754.00000000
1557950400,1557953999,0.00539000,0.00539000,0.00536000,0.00536000,1916.40000000
1557954000,1557957599,0.00536000,0.00536000,0.00536000,0.00536000,0.00000000
1557957600,1557961199,0.00537000,0.00537000,0.00537000,0.00537000,512.00000000
1557961200,1557964799,0.00536000,0.00547000,0.00536000,0.00547000,4167.80000000
1557964800,1557968399,0.00553000,0.00564000,0.00551000,0.00564000,11116.20000000
1557968400,1557971999,0.00562000,0.00562000,0.00550000,0.00555000,3020.20000000
1557972000,1557975599,0.00557000,0.00590000,0.00549000,0.00578000,20151.90000000
1557975600,1557979199,0.00573000,0.00573000,0.00567000,0.00567000,1151.50000000
1557979200,1557982799,0.00562000,0.00562000,0.00547000,0.00555000,34991.40000000
1557982800,1557986399,0.00548000,0.00553000,0.00547000,0.00553000,2767.10000000
1557986400,1557989999,0.00555000,0.00558000,0.00552000,0.00558000,4091.20000000
1557990000,1557993599,0.00557000,0.00560000,0.00541000,0.00554000,32447.70000000
1557993600,1557997199,0.00558000,0.00558000,0.00558000,0.00558000,1003.90000000
1557997200,1558000799,0.00548000,0.00548000,0.00548000,0.00548000,339.50000000
1558000800,1558004399,0.00550000,0.00553000,0.00541000,0.00541000,10535.60000000
1558004400,1558007999,0.00539000,0.00545000,0.00539000,0.00544000,2502.30000000
1558008000,1558011599,0.00542000,0.00542000,0.00536000,0.00536000,2555.20000000
1558011600,1558015199,0.00534000,0.00537000,0.00533000,0.00534000,6627.50000000
1558015200,1558018799,0.00535000,0.00540000,0.00530000,0.00540000,2463.50000000
1558018800,1558022399,0.00540000,0.00560000,0.00540000,0.00560000,4076.60000000
1558022400,1558025999,0.00553000,0.00553000,0.00539000,0.00539000,4247.20000000
1558026000,1558029599,0.00539000,0.00539000,0.00539000,0.00539000,0.00000000
1558029600,1558033199,0.00539000,0.00539000,0.00539000,0.00539000,0.00000000
1558033200,1558036799,0.00539000,0.00539000,0.00539000,0.00539000,5169.30000000
1558036800,1558040399,0.00539000,0.00539000,0.00538000,0.00538000,4568.00000000
1558040400,1558043999,0.00538000,0.00538000,0.00538000,0.00538000,0.00000000
1558044000,1558047599,0.00538000,0.00538000,0.00538000,0.00538000,0.00000000
1558047600,1558051199,0.00537000,0.00541000,0.00534000,0.00541000,4568.00000000
1558051200,1558054799,0.00545000,0.00545000,0.00545000,0.00545000,493.30000000
1558054800,1558058399,0.00538000,0.00540000,0.00531000,0.00535000,5991.80000000
1558058400,1558061999,0.00534000,0.00536000,0.00533000,0.00536000,2314.40000000
1558062000,1558065599,0.00539000,0.00555000,0.00539000,0.00540000,2175.60000000
1558065600,1558069199,0.00540000,0.00540000,0.00540000,0.00540000,0.00000000
1558069200,1558072799,0.00555000,0.00557000,0.00549000,0.00557000,6156.60000000
1558072800,1558076399,0.00551000,0.00551000,0.00540000,0.00540000,1552.50000000
1558076400,1558079999,0.00526000,0.00548000,0.00522000,0.00530000,9211.70000000
1558080000,1558083599,0.00532000,0.00532000,0.00528000,0.00530000,2608.30000000
1558083600,1558087199,0.00528000,0.00528000,0.00526000,0.00526000,47.80000000
1558087200,1558090799,0.00525000,0.00532000,0.00510000,0.00513000,1903.50000000
1558090800,1558094399,0.00513000,0.00513000,0.00513000,0.00513000,0.00000000
1558094400,1558097999,0.00515000,0.00521000,0.00515000,0.00521000,1237.00000000
1558098000,1558101599,0.00521000,0.00524000,0.00512000,0.00524000,2672.60000000
1558101600,1558105199,0.00527000,0.00533000,0.00527000,0.00533000,3803.40000000
1558105200,1558108799,0.00535000,0.00536000,0.00533000,0.00533000,5153.10000000
1558108800,1558112399,0.00535000,0.00537000,0.00535000,0.00537000,47.80000000
1558112400,1558115999,0.00538000,0.00541000,0.00537000,0.00541000,5575.50000000
1558116000,1558119599,0.00545000,0.00550000,0.00543000,0.00543000,4861.50000000
1558119600,1558123199,0.00538000,0.00538000,0.00531000,0.00532000,2554.10000000
1558123200,1558126799,0.00532000,0.00532000,0.00532000,0.00532000,770.50000000
1558126800,1558130399,0.00532000,0.00532000,0.00529000,0.00529000,984.50000000
1558130400,1558133999,0.00533000,0.00533000,0.00528000,0.00529000,3033.10000000
1558134000,1558137599,0.00529000,0.00529000,0.00529000,0.00529000,0.00000000
1558137600,1558141199,0.00538000,0.00557000,0.00528000,0.00528000,13763.70000000
1558141200,1558144799,0.00528000,0.00528000,0.00528000,0.00528000,0.00000000
1558144800,1558148399,0.00528000,0.00528000,0.00528000,0.00528000,0.00000000
1558148400,1558151999,0.00526000,0.00532000,0.00520000,0.00520000,14095.60000000
1558152000,1558155599,0.00533000,0.00533000,0.00521000,0.00524000,2451.20000000
1558155600,1558159199,0.00520000,0.00520000,0.00520000,0.00520000,2299.80000000
1558159200,1558162799,0.00520000,0.00520000,0.00520000,0.00520000,0.00000000
1558162800,1558166399,0.00520000,0.00520000,0.00520000,0.00520000,0.00000000
1558166400,1558169999,0.00515000,0.00515000,0.00513000,0.00514000,3289.60000000
1558170000,1558173599,0.00514000,0.00514000,0.00508000,0.00511000,5805.50000000
1558173600,1558177199,0.00511000,0.00513000,0.00507000,0.00509000,6895.50000000
1558177200,1558180799,0.00513000,0.00513000,0.00513000,0.00513000,124.00000000
1558180800,1558184399,0.00503000,0.00510000,0.00503000,0.00505000,6100.30000000
1558184400,1558187999,0.00507000,0.00511000,0.00507000,0.00511000,2345.90000000
1558188000,1558191599,0.00511000,0.00515000,0.00511000,0.00515000,3603.90000000
1558191600,1558195199,0.00508000,0.00513000,0.00499000,0.00513000,13583.00000000
1558195200,1558198799,0.00513000,0.00521000,0.00506000,0.00521000,37473.40000000
1558198800,1558202399,0.00520000,0.00524000,0.00514000,0.00524000,13520.80000000
1558202400,1558205999,0.00523000,0.00529000,0.00519000,0.00525000,20911.60000000
1558206000,1558209599,0.00530000,0.00548000,0.00530000,0.00530000,265135.10000000
1558209600,1558213199,0.00528000,0.00531000,0.00520000,0.00524000,12632.60000000
1558213200,1558216799,0.00522000,0.00522000,0.00507000,0.00516000,64536.90000000
1558216800,1558220399,0.00510000,0.00510000,0.00504000,0.00504000,2217.60000000
1558220400,1558223999,0.00499000,0.00499000,0.00488000,0.00488000,1685.70000000
1558224000,1558227599,0.00491000,0.00510000,0.00491000,0.00509000,3060.20000000
1558227600,1558231199,0.00508000,0.00532000,0.00508000,0.00531000,11954.50000000
1558231200,1558234799,0.00531000,0.00541000,0.00520000,0.00538000,11483.30000000
1558234800,1558238399,0.00514000,0.00521000,0.00509000,0.00518000,3931.20000000
1558238400,1558241999,0.00508000,0.00510000,0.00502000,0.00509000,3012.60000000
1558242000,1558245599,0.00510000,0.00517000,0.00510000,0.00517000,10480.90000000
1558245600,1558249199,0.00510000,0.00512000,0.00504000,0.00504000,4303.90000000
1558249200,1558252799,0.00501000,0.00501000,0.00499000,0.00501000,5489.00000000
1558252800,1558256399,0.00497000,0.00497000,0.00496000,0.00496000,1300.00000000
1558256400,1558259999,0.00499000,0.00500000,0.00494000,0.00500000,3243.00000000
1558260000,1558263599,0.00500000,0.00504000,0.00490000,0.00490000,12970.10000000
1558263600,1558267199,0.00498000,0.00500000,0.00497000,0.00500000,3745.60000000
1558267200,1558270799,0.00500000,0.00507000,0.00500000,0.00507000,7559.50000000
1558270800,1558274399,0.00503000,0.00505000,0.00498000,0.00498000,2098.30000000
1558274400,1558277999,0.00504000,0.00504000,0.00504000,0.00504000,247.00000000
1558278000,1558281599,0.00503000,0.00512000,0.00499000,0.00506000,3265.40000000
1558281600,1558285199,0.00501000,0.00501000,0.00500000,0.00500000,7094.00000000
1558285200,1558288799,0.00497000,0.00500000,0.00495000,0.00495000,10743.60000000
1558288800,1558292399,0.00498000,0.00499000,0.00491000,0.00499000,17320.00000000
1558292400,1558295999,0.00496000,0.00496000,0.00492000,0.00492000,20775.70000000
1558296000,1558299599,0.00491000,0.00495000,0.00490000,0.00495000,3967.60000000
1558299600,1558303199,0.00494000,0.00494000,0.00493000,0.00493000,4130.40000000
1558303200,1558306799,0.00493000,0.00498000,0.00486000,0.00498000,15120.10000000
1558306800,1558310399,0.00498000,0.00498000,0.00478000,0.00486000,17974.50000000
1558310400,1558313999,0.00495000,0.00496000,0.00483000,0.00485000,8112.30000000
1558314000,1558317599,0.00490000,0.00490000,0.00481000,0.00489000,2778.30000000
1558317600,1558321199,0.00489000,0.00489000,0.00480000,0.00481000,9420.10000000
1558321200,1558324799,0.00488000,0.00492000,0.00483000,0.00484000,2083.70000000
1558324800,1558328399,0.00492000,0.00492000,0.00485000,0.00491000,8906.30000000
1558328400,1558331999,0.00491000,0.00491000,0.00481000,0.00485000,10782.30000000
1558332000,1558335599,0.00485000,0.00485000,0.00485000,0.00485000,0.00000000
1558335600,1558339199,0.00489000,0.00491000,0.00486000,0.00488000,9470.00000000
1558339200,1558342799,0.00485000,0.00485000,0.00484000,0.00484000,452.00000000
1558342800,1558346399,0.00489000,0.00489000,0.00489000,0.00489000,375.00000000
1558346400,1558349999,0.00489000,0.00492000,0.00489000,0.00492000,9388.40000000
1558350000,1558353599,0.00492000,0.00492000,0.00492000,0.00492000,1845.20000000
1558353600,1558357199,0.00489000,0.00489000,0.00483000,0.00483000,7400.30000000
1558357200,1558360799,0.00478000,0.00490000,0.00474000,0.00477000,24330.50000000
1558360800,1558364399,0.00487000,0.00487000,0.00486000,0.00486000,511.00000000
1558364400,1558367999,0.00486000,0.00487000,0.00484000,0.00487000,22115.50000000
1558368000,1558371599,0.00487000,0.00487000,0.00487000,0.00487000,22.60000000
1558371600,1558375199,0.00487000,0.00487000,0.00478000,0.00482000,14511.30000000
1558375200,1558378799,0.00482000,0.00482000,0.00476000,0.00479000,966.10000000
1558378800,1558382399,0.00480000,0.00480000,0.00480000,0.00480000,482.40000000
1558382400,1558385999,0.00482000,0.00487000,0.00482000,0.00484000,3366.80000000
1558386000,1558389599,0.00484000,0.00484000,0.00471000,0.00476000,13518.40000000
1558389600,1558393199,0.00474000,0.00475000,0.00474000,0.00475000,275.40000000
1558393200,1558396799,0.00472000,0.00472000,0.00470000,0.00470000,1812.90000000
1558396800,1558400399,0.00472000,0.00475000,0.00472000,0.00475000,1107.30000000
1558400400,1558403999,0.00478000,0.00480000,0.00478000,0.00480000,3613.20000000
1558404000,1558407599,0.00477000,0.00481000,0.00477000,0.00481000,2678.50000000
1558407600,1558411199,0.00481000,0.00481000,0.00481000,0.00481000,0.00000000
1558411200,1558414799,0.00481000,0.00522000,0.00481000,0.00506000,76985.30000000
1558414800,1558418399,0.00502000,0.00504000,0.00501000,0.00502000,8666.40000000
1558418400,1558421999,0.00510000,0.00510000,0.00507000,0.00507000,9087.20000000
1558422000,1558425599,0.00522000,0.00523000,0.00513000,0.00513000,12614.20000000
1558425600,1558429199,0.00509000,0.00517000,0.00509000,0.00517000,3838.10000000
1558429200,1558432799,0.00515000,0.00529000,0.00510000,0.00510000,97013.60000000
1558432800,1558436399,0.00512000,0.00515000,0.00509000,0.00509000,3000.40000000
1558436400,1558439999,0.00507000,0.00507000,0.00502000,0.00502000,6304.50000000
1558440000,1558443599,0.00506000,0.00506000,0.00475000,0.00481000,38414.30000000
1558443600,1558447199,0.00490000,0.00490000,0.00485000,0.00490000,30724.70000000
1558447200,1558450799,0.00487000,0.00522000,0.00487000,0.00487000,71332.50000000
1558450800,1558454399,0.00485000,0.00485000,0.00457000,0.00457000,28057.10000000
1558454400,1558457999,0.00456000,0.00456000,0.00441000,0.00450000,21234.60000000
1558458000,1558461599,0.00457000,0.00473000,0.00456000,0.00473000,12843.60000000
1558461600,1558465199,0.00470000,0.00481000,0.00470000,0.00470000,4329.70000000
1558465200,1558468799,0.00476000,0.00480000,0.00469000,0.00474000,1213.70000000
1558468800,1558472399,0.00469000,0.00469000,0.00462000,0.00462000,8385.30000000
1558472400,1558475999,0.00470000,0.00470000,0.00460000,0.00464000,7257.30000000
1558476000,1558479599,0.00457000,0.00457000,0.00457000,0.00457000,43.80000000
1558479600,1558483199,0.00456000,0.00477000,0.00454000,0.00459000,17342.10000000
1558483200,1558486799,0.00473000,0.00482000,0.00470000,0.00482000,2481.50000000
1558486800,1558490399,0.00473000,0.00473000,0.00468000,0.00473000,3276.20000000
1558490400,1558493999,0.00478000,0.00482000,0.00473000,0.00482000,372.80000000
1558494000,1558497599,0.00477000,0.00478000,0.00477000,0.00478000,500.80000000
1558497600,1558501199,0.00475000,0.00475000,0.00468000,0.00468000,1712.80000000
1558501200,1558504799,0.00465000,0.00468000,0.00463000,0.00466000,3478.30000000
1558504800,1558508399,0.00471000,0.00477000,0.00471000,0.00476000,4091.90000000
1558508400,1558511999,0.00476000,0.00480000,0.00475000,0.00479000,9541.40000000
1558512000,1558515599,0.00475000,0.00476000,0.00475000,0.00476000,4168.20000000
1558515600,1558519199,0.00474000,0.00474000,0.00474000,0.00474000,1233.80000000
1558519200,1558522799,0.00471000,0.00471000,0.00464000,0.00464000,3307.80000000
1558522800,1558526399,0.00463000,0.00468000,0.00462000,0.00468000,2006.60000000
1558526400,1558529999,0.00468000,0.00468000,0.00468000,0.00468000,0.00000000
1558530000,1558533599,0.00459000,0.00464000,0.00459000,0.00459000,1345.30000000
1558533600,1558537199,0.00465000,0.00478000,0.00465000,0.00478000,12433.40000000
1558537200,1558540799,0.00483000,0.00495000,0.00479000,0.00488000,15523.60000000
1558540800,1558544399,0.00488000,0.00491000,0.00483000,0.00488000,10354.90000000
1558544400,1558547999,0.00493000,0.00495000,0.00491000,0.00492000,7703.90000000
1558548000,1558551599,0.00500000,0.00500000,0.00493000,0.00499000,13786.20000000
1558551600,1558555199,0.00498000,0.00528000,0.00497000,0.00508000,18540.80000000
1558555200,1558558799,0.00513000,0.00551000,0.00513000,0.00532000,35082.70000000
1558558800,1558562399,0.00535000,0.00561000,0.00502000,0.00502000,98133.30000000
1558562400,1558565999,0.00497000,0.00501000,0.00488000,0.00496000,28276.40000000
1558566000,1558569599,0.00494000,0.00494000,0.00488000,0.00488000,21648.10000000
1558569600,1558573199,0.00495000,0.00506000,0.00495000,0.00500000,9622.90000000
1558573200,1558576799,0.00500000,0.00500000,0.00500000,0.00500000,2626.70000000
1558576800,1558580399,0.00504000,0.00510000,0.00496000,0.00496000,6698.20000000
1558580400,1558583999,0.00497000,0.00497000,0.00496000,0.00496000,6973.50000000
1558584000,1558587599,0.00488000,0.00491000,0.00482000,0.00482000,1598.00000000
1558587600,1558591199,0.00488000,0.00488000,0.00483000,0.00483000,3466.00000000
1558591200,1558594799,0.00483000,0.00483000,0.00473000,0.00474000,6426.70000000
1558594800,1558598399,0.00474000,0.00474000,0.00473000,0.00474000,4920.80000000
1558598400,1558601999,0.00472000,0.00473000,0.00470000,0.00470000,1145.50000000
1558602000,1558605599,0.00469000,0.00473000,0.00460000,0.00470000,15998.80000000
1558605600,1558609199,0.00475000,0.00482000,0.00473000,0.00482000,3317.40000000
1558609200,1558612799,0.00479000,0.00483000,0.00479000,0.00482000,7555.30000000
1558612800,1558616399,0.00485000,0.00492000,0.00481000,0.00492000,5117.50000000
1558616400,1558619999,0.00493000,0.00496000,0.00490000,0.00496000,3508.20000000
1558620000,1558623599,0.00493000,0.00493000,0.00480000,0.00480000,5605.40000000
1558623600,1558627199,0.00476000,0.00495000,0.00476000,0.00495000,11573.70000000
1558627200,1558630799,0.00492000,0.00492000,0.00484000,0.00484000,1049.40000000
1558630800,1558634399,0.00483000,0.00483000,0.00480000,0.00483000,2128.10000000
1558634400,1558637999,0.00483000,0.00491000,0.00483000,0.00491000,9574.80000000
1558638000,1558641599,0.00485000,0.00485000,0.00484000,0.00484000,3023.10000000
1558641600,1558645199,0.00484000,0.00484000,0.00484000,0.00484000,0.00000000
1558645200,1558648799,0.00492000,0.00497000,0.00491000,0.00497000,1929.30000000
1558648800,1558652399,0.00493000,0.00493000,0.00493000,0.00493000,775.60000000
1558652400,1558655999,0.00492000,0.00500000,0.00492000,0.00500000,1261.40000000
1558656000,1558659599,0.00501000,0.00501000,0.00498000,0.00501000,2347.50000000
1558659600,1558663199,0.00500000,0.00516000,0.00500000,0.00516000,2913.20000000
1558663200,1558666799,0.00519000,0.00522000,0.00509000,0.00513000,16379.60000000
1558666800,1558670399,0.00513000,0.00538000,0.00509000,0.00523000,40523.60000000
1558670400,1558673999,0.00520000,0.00533000,0.00519000,0.00527000,17811.40000000
1558674000,1558677599,0.00528000,0.00569000,0.00528000,0.00549000,18615.70000000
1558677600,1558681199,0.00546000,0.00569000,0.00512000,0.00519000,46448.90000000
1558681200,1558684799,0.00519000,0.00520000,0.00489000,0.00492000,26297.20000000
1558684800,1558688399,0.00493000,0.00521000,0.00487000,0.00488000,44686.90000000
1558688400,1558691999,0.00487000,0.00487000,0.00478000,0.00478000,10448.70000000
1558692000,1558695599,0.00477000,0.00478000,0.00469000,0.00478000,5269.80000000
1558695600,1558699199,0.00475000,0.00484000,0.00471000,0.00471000,2641.40000000
1558699200,1558702799,0.00471000,0.00473000,0.00468000,0.00469000,500.00000000
1558702800,1558706399,0.00466000,0.00466000,0.00462000,0.00462000,3090.40000000
1558706400,1558709999,0.00460000,0.00472000,0.00458000,0.00472000,7665.40000000
1558710000,1558713599,0.00473000,0.00476000,0.00466000,0.00468000,3717.80000000
1558713600,1558717199,0.00464000,0.00464000,0.00457000,0.00462000,16040.10000000
1558717200,1558720799,0.00463000,0.00468000,0.00463000,0.00468000,3772.90000000
1558720800,1558724399,0.00471000,0.00472000,0.00471000,0.00472000,201.70000000
1558724400,1558727999,0.00472000,0.00472000,0.00472000,0.00472000,0.00000000
1558728000,1558731599,0.00461000,0.00463000,0.00461000,0.00461000,174.60000000
1558731600,1558735199,0.00465000,0.00475000,0.00459000,0.00472000,1535.50000000
1558735200,1558738799,0.00470000,0.00478000,0.00470000,0.00478000,6502.90000000
1558738800,1558742399,0.00474000,0.00474000,0.00474000,0.00474000,149.60000000
1558742400,1558745999,0.00474000,0.00474000,0.00469000,0.00469000,215.90000000
1558746000,1558749599,0.00469000,0.00477000,0.00469000,0.00477000,3613.30000000
1558749600,1558753199,0.00478000,0.00479000,0.00477000,0.00477000,269.60000000
1558753200,1558756799,0.00480000,0.00490000,0.00480000,0.00490000,4776.70000000
1558756800,1558760399,0.00487000,0.00488000,0.00482000,0.00482000,28054.70000000
1558760400,1558763999,0.00479000,0.00479000,0.00479000,0.00479000,2150.00000000
1558764000,1558767599,0.00476000,0.00476000,0.00466000,0.00466000,160.40000000
1558767600,1558771199,0.00466000,0.00468000,0.00466000,0.00468000,792.00000000
1558771200,1558774799,0.00465000,0.00465000,0.00458000,0.00458000,910.10000000
1558774800,1558778399,0.00458000,0.00461000,0.00457000,0.00457000,4549.10000000
1558778400,1558781999,0.00459000,0.00460000,0.00452000,0.00452000,2099.40000000
1558782000,1558785599,0.00453000,0.00455000,0.00448000,0.00449000,2424.50000000
1558785600,1558789199,0.00448000,0.00453000,0.00445000,0.00453000,17261.70000000
1558789200,1558792799,0.00453000,0.00456000,0.00453000,0.00455000,16595.60000000
1558792800,1558796399,0.00449000,0.00452000,0.00449000,0.00452000,360.60000000
1558796400,1558799999,0.00451000,0.00457000,0.00447000,0.00457000,8448.50000000
1558800000,1558803599,0.00457000,0.00461000,0.00455000,0.00455000,2370.20000000
1558803600,1558807199,0.00456000,0.00461000,0.00456000,0.00461000,514.30000000
1558807200,1558810799,0.00463000,0.00465000,0.00463000,0.00465000,7993.00000000
1558810800,1558814399,0.00459000,0.00461000,0.00458000,0.00460000,6660.00000000
1558814400,1558817999,0.00460000,0.00460000,0.00460000,0.00460000,244.00000000
1558818000,1558821599,0.00458000,0.00458000,0.00458000,0.00458000,701.60000000
1558821600,1558825199,0.00458000,0.00458000,0.00458000,0.00458000,0.00000000
1558825200,1558828799,0.00461000,0.00464000,0.00461000,0.00464000,2561.20000000
1558828800,1558832399,0.00462000,0.00473000,0.00462000,0.00468000,4597.40000000
1558832400,1558835999,0.00468000,0.00482000,0.00468000,0.00482000,8403.50000000
1558836000,1558839599,0.00487000,0.00499000,0.00485000,0.00499000,7907.60000000
1558839600,1558843199,0.00482000,0.00489000,0.00479000,0.00479000,5230.70000000
1558843200,1558846799,0.00477000,0.00477000,0.00475000,0.00475000,1711.20000000
1558846800,1558850399,0.00486000,0.00489000,0.00485000,0.00489000,6117.70000000
1558850400,1558853999,0.00489000,0.00525000,0.00489000,0.00495000,11797.40000000
1558854000,1558857599,0.00502000,0.00513000,0.00498000,0.00502000,14345.40000000
1558857600,1558861199,0.00505000,0.00505000,0.00503000,0.00503000,15341.70000000
1558861200,1558864799,0.00510000,0.00510000,0.00498000,0.00500000,4435.20000000
1558864800,1558868399,0.00500000,0.00500000,0.00500000,0.00500000,0.00000000
1558868400,1558871999,0.00503000,0.00503000,0.00495000,0.00502000,11625.60000000
1558872000,1558875599,0.00506000,0.00506000,0.00500000,0.00504000,6585.30000000
1558875600,1558879199,0.00505000,0.00506000,0.00505000,0.00506000,1895.30000000
1558879200,1558882799,0.00506000,0.00516000,0.00506000,0.00512000,2069.90000000
1558882800,1558886399,0.00510000,0.00516000,0.00510000,0.00516000,2741.70000000
1558886400,1558889999,0.00517000,0.00517000,0.00512000,0.00512000,6073.60000000
1558890000,1558893599,0.00513000,0.00515000,0.00511000,0.00514000,14500.30000000
1558893600,1558897199,0.00516000,0.00517000,0.00516000,0.00517000,4152.40000000
1558897200,1558900799,0.00515000,0.00518000,0.00501000,0.00518000,23122.10000000
1558900800,1558904399,0.00510000,0.00515000,0.00487000,0.00496000,14393.10000000
1558904400,1558907999,0.00493000,0.00493000,0.00475000,0.00482000,8177.90000000
1558908000,1558911599,0.00481000,0.00511000,0.00473000,0.00492000,65913.00000000
1558911600,1558915199,0.00493000,0.00501000,0.00492000,0.00500000,4642.20000000
1558915200,1558918799,0.00508000,0.00512000,0.00484000,0.00484000,15025.60000000
1558918800,1558922399,0.00483000,0.00486000,0.00474000,0.00481000,25392.90000000
1558922400,1558925999,0.00486000,0.00489000,0.00483000,0.00489000,7747.30000000
1558926000,1558929599,0.00490000,0.00501000,0.00490000,0.00501000,162.50000000
1558929600,1558933199,0.00491000,0.00491000,0.00485000,0.00485000,4976.40000000
1558933200,1558936799,0.00486000,0.00494000,0.00486000,0.00491000,8969.70000000
1558936800,1558940399,0.00498000,0.00498000,0.00498000,0.00498000,50.00000000
1558940400,1558943999,0.00496000,0.00500000,0.00496000,0.00500000,105.60000000
1558944000,1558947599,0.00495000,0.00495000,0.00495000,0.00495000,76.80000000
1558947600,1558951199,0.00492000,0.00495000,0.00489000,0.00495000,2869.80000000
1558951200,1558954799,0.00490000,0.00490000,0.00489000,0.00489000,2235.00000000
1558954800,1558958399,0.00491000,0.00496000,0.00490000,0.00490000,6116.00000000
1558958400,1558961999,0.00492000,0.00492000,0.00492000,0.00492000,83.00000000
1558962000,1558965599,0.00492000,0.00492000,0.00492000,0.00492000,129.00000000
1558965600,1558969199,0.00495000,0.00495000,0.00495000,0.00495000,568.40000000
1558969200,1558972799,0.00495000,0.00495000,0.00495000,0.00495000,638.00000000
1558972800,1558976399,0.00498000,0.00503000,0.00493000,0.00500000,9216.30000000
1558976400,1558979999,0.00499000,0.00503000,0.00499000,0.00500000,5000.60000000
1558980000,1558983599,0.00505000,0.00509000,0.00504000,0.00509000,2110.70000000
1558983600,1558987199,0.00509000,0.00514000,0.00509000,0.00514000,7221.90000000
1558987200,1558990799,0.00515000,0.00517000,0.00513000,0.00513000,7389.20000000
1558990800,1558994399,0.00503000,0.00503000,0.00500000,0.00500000,3409.20000000
1558994400,1558997999,0.00503000,0.00504000,0.00500000,0.00500000,3578.80000000
1558998000,1559001599,0.00503000,0.00511000,0.00503000,0.00509000,3553.10000000
1559001600,1559005199,0.00511000,0.00512000,0.00495000,0.00497000,3888.30000000
1559005200,1559008799,0.00498000,0.00500000,0.00498000,0.00498000,739.60000000
1559008800,1559012399,0.00495000,0.00503000,0.00495000,0.00503000,2026.00000000
1559012400,1559015999,0.00498000,0.00498000,0.00495000,0.00495000,271.50000000
1559016000,1559019599,0.00498000,0.00505000,0.00496000,0.00496000,2299.20000000
1559019600,1559023199,0.00500000,0.00503000,0.00500000,0.00500000,306.60000000
1559023200,1559026799,0.00501000,0.00501000,0.00495000,0.00495000,663.10000000
1559026800,1559030399,0.00498000,0.00498000,0.00498000,0.00498000,102.20000000
1559030400,1559033999,0.00500000,0.00507000,0.00500000,0.00503000,2945.20000000
1559034000,1559037599,0.00506000,0.00511000,0.00505000,0.00511000,3584.00000000
1559037600,1559041199,0.00513000,0.00513000,0.00506000,0.00511000,784.60000000
1559041200,1559044799,0.00513000,0.00513000,0.00509000,0.00512000,214.30000000
1559044800,1559048399,0.00511000,0.00521000,0.00511000,0.00514000,6793.90000000
1559048400,1559051999,0.00517000,0.00522000,0.00517000,0.00521000,5246.70000000
1559052000,1559055599,0.00523000,0.00547000,0.00523000,0.00539000,11156.70000000
1559055600,1559059199,0.00538000,0.00538000,0.00533000,0.00537000,5738.40000000
1559059200,1559062799,0.00540000,0.00541000,0.00536000,0.00538000,9127.40000000
1559062800,1559066399,0.00538000,0.00540000,0.00533000,0.00534000,2900.50000000
1559066400,1559069999,0.00530000,0.00533000,0.00528000,0.00533000,1059.80000000
1559070000,1559073599,0.00530000,0.00533000,0.00518000,0.00525000,3204.20000000
1559073600,1559077199,0.00527000,0.00535000,0.00527000,0.00531000,2396.00000000
1559077200,1559080799,0.00530000,0.00530000,0.00525000,0.00525000,2270.90000000
1559080800,1559084399,0.00526000,0.00527000,0.00525000,0.00525000,1743.20000000
1559084400,1559087999,0.00524000,0.00527000,0.00524000,0.00527000,650.90000000
1559088000,1559091599,0.00530000,0.00530000,0.00530000,0.00530000,67.00000000
1559091600,1559095199,0.00530000,0.00541000,0.00530000,0.00541000,4799.70000000
1559095200,1559098799,0.00541000,0.00543000,0.00533000,0.00538000,4244.80000000
1559098800,1559102399,0.00538000,0.00562000,0.00538000,0.00562000,14083.70000000
1559102400,1559105999,0.00558000,0.00562000,0.00549000,0.00561000,6893.10000000
1559106000,1559109599,0.00560000,0.00570000,0.00543000,0.00543000,5769.00000000
1559109600,1559113199,0.00545000,0.00546000,0.00539000,0.00539000,3198.70000000
1559113200,1559116799,0.00542000,0.00552000,0.00536000,0.00543000,45040.40000000
1559116800,1559120399,0.00546000,0.00546000,0.00527000,0.00533000,5213.40000000
1559120400,1559123999,0.00533000,0.00535000,0.00533000,0.00535000,5083.80000000
1559124000,1559127599,0.00535000,0.00549000,0.00535000,0.00546000,10426.70000000
1559127600,1559131199,0.00549000,0.00578000,0.00549000,0.00549000,249199.90000000
1559131200,1559134799,0.00549000,0.00549000,0.00523000,0.00533000,32929.50000000
1559134800,1559138399,0.00533000,0.00535000,0.00522000,0.00526000,43027.20000000
1559138400,1559141999,0.00525000,0.00529000,0.00524000,0.00524000,13958.80000000
1559142000,1559145599,0.00524000,0.00528000,0.00524000,0.00525000,544.70000000
1559145600,1559149199,0.00523000,0.00530000,0.00523000,0.00525000,1643.40000000
1559149200,1559152799,0.00527000,0.00529000,0.00526000,0.00528000,1427.70000000
1559152800,1559156399,0.00530000,0.00530000,0.00530000,0.00530000,102.20000000
1559156400,1559159999,0.00530000,0.00530000,0.00530000,0.00530000,0.00000000
1559160000,1559163599,0.00527000,0.00527000,0.00525000,0.00525000,930.30000000
1559163600,1559167199,0.00524000,0.00527000,0.00524000,0.00527000,2161.70000000
1559167200,1559170799,0.00527000,0.00527000,0.00527000,0.00527000,0.00000000
1559170800,1559174399,0.00527000,0.00529000,0.00525000,0.00527000,2958.80000000
1559174400,1559177999,0.00525000,0.00525000,0.00517000,0.00521000,13099.10000000
1559178000,1559181599,0.00517000,0.00517000,0.00505000,0.00505000,2805.50000000
1559181600,1559185199,0.00503000,0.00505000,0.00503000,0.00505000,122.20000000
1559185200,1559188799,0.00500000,0.00510000,0.00498000,0.00506000,2285.60000000
1559188800,1559192399,0.00506000,0.00506000,0.00506000,0.00506000,0.00000000
1559192400,1559195999,0.00511000,0.00511000,0.00511000,0.00511000,197.00000000
1559196000,1559199599,0.00509000,0.00511000,0.00509000,0.00511000,243.40000000
1559199600,1559203199,0.00511000,0.00515000,0.00509000,0.00515000,1396.30000000
1559203200,1559206799,0.00514000,0.00518000,0.00511000,0.00515000,2169.50000000
1559206800,1559210399,0.00515000,0.00517000,0.00512000,0.00516000,2193.00000000
1559210400,1559213999,0.00517000,0.00525000,0.00517000,0.00524000,4489.40000000
1559214000,1559217599,0.00522000,0.00543000,0.00521000,0.00538000,51968.70000000
1559217600,1559221199,0.00536000,0.00541000,0.00533000,0.00540000,54438.50000000
1559221200,1559224799,0.00539000,0.00541000,0.00539000,0.00539000,5346.40000000
1559224800,1559228399,0.00542000,0.00560000,0.00535000,0.00538000,51723.70000000
1559228400,1559231999,0.00539000,0.00547000,0.00532000,0.00532000,10249.00000000
1559232000,1559235599,0.00535000,0.00545000,0.00524000,0.00545000,19087.50000000
1559235600,1559239199,0.00544000,0.00546000,0.00529000,0.00529000,1558.20000000
1559239200,1559242799,0.00533000,0.00548000,0.00533000,0.00535000,15936.50000000
1559242800,1559246399,0.00538000,0.00545000,0.00535000,0.00541000,5244.20000000
1559246400,1559249999,0.00543000,0.00545000,0.00539000,0.00540000,2554.10000000
1559250000,1559253599,0.00539000,0.00539000,0.00524000,0.00525000,12951.80000000
1559253600,1559257199,0.00525000,0.00525000,0.00515000,0.00516000,8893.80000000
1559257200,1559260799,0.00518000,0.00522000,0.00518000,0.00519000,21288.70000000
1559260800,1559264399,0.00522000,0.00524000,0.00521000,0.00524000,359.00000000
1559264400,1559267999,0.00520000,0.00520000,0.00520000,0.00520000,203.00000000
1559268000,1559271599,0.00524000,0.00524000,0.00521000,0.00521000,547.00000000
1559271600,1559275199,0.00525000,0.00525000,0.00523000,0.00523000,6232.20000000
1559275200,1559278799,0.00522000,0.00525000,0.00520000,0.00525000,948.90000000
1559278800,1559282399,0.00525000,0.00527000,0.00519000,0.00522000,1503.80000000
1559282400,1559285999,0.00522000,0.00525000,0.00522000,0.00525000,233.60000000
1559286000,1559289599,0.00524000,0.00530000,0.00524000,0.00527000,2288.60000000
1559289600,1559293199,0.00525000,0.00532000,0.00525000,0.00532000,3796.30000000
1559293200,1559296799,0.00532000,0.00537000,0.00530000,0.00537000,3156.50000000
1559296800,1559300399,0.00538000,0.00541000,0.00534000,0.00534000,6483.50000000
1559300400,1559303999,0.00534000,0.00535000,0.00530000,0.00533000,4171.00000000
1559304000,1559307599,0.00533000,0.00538000,0.00533000,0.00538000,4907.40000000
1559307600,1559311199,0.00538000,0.00539000,0.00533000,0.00534000,6037.30000000
1559311200,1559314799,0.00536000,0.00540000,0.00532000,0.00533000,17748.00000000
1559314800,1559318399,0.00530000,0.00530000,0.00527000,0.00530000,306.60000000
1559318400,1559321999,0.00528000,0.00533000,0.00528000,0.00533000,581.20000000
1559322000,1559325599,0.00533000,0.00533000,0.00533000,0.00533000,513.00000000
1559325600,1559329199,0.00533000,0.00534000,0.00532000,0.00534000,1583.30000000
1559329200,1559332799,0.00534000,0.00535000,0.00533000,0.00533000,23251.50000000
1559332800,1559336399,0.00533000,0.00538000,0.00532000,0.00538000,1868.80000000
1559336400,1559339999,0.00539000,0.00539000,0.00533000,0.00533000,967.00000000
1559340000,1559343599,0.00535000,0.00537000,0.00535000,0.00537000,1033.30000000
1559343600,1559347199,0.00533000,0.00542000,0.00530000,0.00534000,9033.50000000
1559347200,1559350799,0.00534000,0.00534000,0.00528000,0.00533000,3223.60000000
1559350800,1559354399,0.00535000,0.00536000,0.00533000,0.00533000,490.10000000
1559354400,1559357999,0.00531000,0.00540000,0.00531000,0.00533000,2690.10000000
1559358000,1559361599,0.00535000,0.00538000,0.00535000,0.00535000,5200.80000000
1559361600,1559365199,0.00533000,0.00533000,0.00510000,0.00518000,13767.50000000
1559365200,1559368799,0.00515000,0.00530000,0.00514000,0.00530000,5248.80000000
1559368800,1559372399,0.00527000,0.00527000,0.00522000,0.00525000,847.60000000
1559372400,1559375999,0.00525000,0.00529000,0.00525000,0.00527000,4493.70000000
1559376000,1559379599,0.00527000,0.00527000,0.00520000,0.00527000,4802.40000000
1559379600,1559383199,0.00525000,0.00530000,0.00524000,0.00525000,7926.60000000
1559383200,1559386799,0.00527000,0.00530000,0.00527000,0.00527000,2161.10000000
1559386800,1559390399,0.00530000,0.00531000,0.00526000,0.00530000,1208.50000000
1559390400,1559393999,0.00527000,0.00527000,0.00523000,0.00524000,654.00000000
1559394000,1559397599,0.00527000,0.00527000,0.00519000,0.00519000,1671.50000000
1559397600,1559401199,0.00519000,0.00519000,0.00513000,0.00513000,723.50000000
1559401200,1559404799,0.00514000,0.00514000,0.00514000,0.00514000,552.00000000
1559404800,1559408399,0.00517000,0.00522000,0.00517000,0.00522000,840.10000000
1559408400,1559411999,0.00522000,0.00522000,0.00522000,0.00522000,0.00000000
1559412000,1559415599,0.00519000,0.00519000,0.00515000,0.00518000,883.90000000
1559415600,1559419199,0.00517000,0.00519000,0.00517000,0.00517000,1109.40000000
1559419200,1559422799,0.00518000,0.00520000,0.00511000,0.00517000,3756.90000000
1559422800,1559426399,0.00519000,0.00523000,0.00519000,0.00519000,1198.80000000
1559426400,1559429999,0.00517000,0.00519000,0.00511000,0.00517000,5913.10000000
1559430000,1559433599,0.00518000,0.00519000,0.00509000,0.00511000,7893.00000000
1559433600,1559437199,0.00509000,0.00512000,0.00509000,0.00511000,5216.70000000
1559437200,1559440799,0.00513000,0.00514000,0.00511000,0.00513000,350.30000000
1559440800,1559444399,0.00513000,0.00513000,0.00509000,0.00511000,1080.40000000
1559444400,1559447999,0.00512000,0.00514000,0.00512000,0.00512000,7042.80000000
1559448000,1559451599,0.00514000,0.00514000,0.00511000,0.00514000,2227.30000000
1559451600,1559455199,0.00513000,0.00513000,0.00512000,0.00512000,4000.60000000
1559455200,1559458799,0.00517000,0.00519000,0.00515000,0.00519000,2191.80000000
1559458800,1559462399,0.00518000,0.00519000,0.00515000,0.00515000,2094.40000000
1559462400,1559465999,0.00517000,0.00519000,0.00517000,0.00519000,528.10000000
1559466000,1559469599,0.00518000,0.00518000,0.00514000,0.00517000,397.40000000
1559469600,1559473199,0.00514000,0.00517000,0.00514000,0.00516000,697.20000000
1559473200,1559476799,0.00518000,0.00529000,0.00518000,0.00529000,17090.50000000
1559476800,1559480399,0.00529000,0.00529000,0.00513000,0.00517000,4772.00000000
1559480400,1559483999,0.00519000,0.00521000,0.00519000,0.00519000,3387.20000000
1559484000,1559487599,0.00522000,0.00525000,0.00522000,0.00525000,987.80000000
1559487600,1559491199,0.00522000,0.00526000,0.00521000,0.00521000,1271.80000000
1559491200,1559494799,0.00519000,0.00519000,0.00519000,0.00519000,102.20000000
1559494800,1559498399,0.00519000,0.00519000,0.00519000,0.00519000,0.00000000
1559498400,1559501999,0.00519000,0.00519000,0.00514000,0.00514000,2638.00000000
1559502000,1559505599,0.00513000,0.00516000,0.00513000,0.00516000,2942.40000000
1559505600,1559509199,0.00517000,0.00519000,0.00517000,0.00519000,1355.20000000
1559509200,1559512799,0.00519000,0.00519000,0.00516000,0.00519000,1484.00000000
1559512800,1559516399,0.00522000,0.00522000,0.00522000,0.00522000,128.90000000
1559516400,1559519999,0.00525000,0.00533000,0.00525000,0.00533000,5227.60000000
1559520000,1559523599,0.00535000,0.00536000,0.00534000,0.00534000,1211.10000000
1559523600,1559527199,0.00537000,0.00540000,0.00533000,0.00535000,5119.50000000
1559527200,1559530799,0.00538000,0.00592000,0.00534000,0.00539000,124010.40000000
1559530800,1559534399,0.00541000,0.00552000,0.00541000,0.00552000,2087.30000000
1559534400,1559537999,0.00552000,0.00552000,0.00545000,0.00545000,1668.70000000
1559538000,1559541599,0.00543000,0.00546000,0.00541000,0.00541000,852.40000000
1559541600,1559545199,0.00538000,0.00543000,0.00533000,0.00534000,5670.90000000
1559545200,1559548799,0.00534000,0.00539000,0.00527000,0.00533000,5286.90000000
1559548800,1559552399,0.00534000,0.00536000,0.00532000,0.00536000,1591.30000000
1559552400,1559555999,0.00536000,0.00543000,0.00536000,0.00539000,4691.20000000
1559556000,1559559599,0.00538000,0.00538000,0.00534000,0.00534000,1673.80000000
1559559600,1559563199,0.00534000,0.00534000,0.00533000,0.00533000,215.00000000
1559563200,1559566799,0.00532000,0.00532000,0.00531000,0.00531000,1042.60000000
1559566800,1559570399,0.00534000,0.00534000,0.00531000,0.00531000,43.50000000
1559570400,1559573999,0.00535000,0.00535000,0.00533000,0.00534000,1324.00000000
1559574000,1559577599,0.00531000,0.00544000,0.00527000,0.00527000,8213.30000000
1559577600,1559581199,0.00531000,0.00531000,0.00525000,0.00525000,2417.60000000
1559581200,1559584799,0.00525000,0.00526000,0.00525000,0.00526000,47.20000000
1559584800,1559588399,0.00527000,0.00528000,0.00525000,0.00528000,222.20000000
1559588400,1559591999,0.00529000,0.00530000,0.00527000,0.00529000,1611.70000000
1559592000,1559595599,0.00527000,0.00528000,0.00521000,0.00527000,5772.90000000
1559595600,1559599199,0.00527000,0.00530000,0.00527000,0.00529000,1458.70000000
1559599200,1559602799,0.00529000,0.00529000,0.00528000,0.00529000,584.70000000
1559602800,1559606399,0.00530000,0.00530000,0.00511000,0.00514000,3655.50000000
1559606400,1559609999,0.00513000,0.00513000,0.00495000,0.00500000,9158.10000000
1559610000,1559613599,0.00503000,0.00503000,0.00500000,0.00502000,3120.00000000
1559613600,1559617199,0.00501000,0.00503000,0.00498000,0.00498000,3351.60000000
1559617200,1559620799,0.00496000,0.00503000,0.00496000,0.00500000,5257.30000000
1559620800,1559624399,0.00501000,0.00501000,0.00498000,0.00500000,7330.20000000
1559624400,1559627999,0.00500000,0.00500000,0.00499000,0.00499000,13283.70000000
1559628000,1559631599,0.00503000,0.00503000,0.00503000,0.00503000,102.20000000
1559631600,1559635199,0.00505000,0.00506000,0.00503000,0.00504000,2730.50000000
1559635200,1559638799,0.00503000,0.00503000,0.00503000,0.00503000,423.30000000
1559638800,1559642399,0.00500000,0.00500000,0.00498000,0.00498000,4401.90000000
1559642400,1559645999,0.00498000,0.00500000,0.00498000,0.00498000,421.20000000
1559646000,1559649599,0.00498000,0.00498000,0.00494000,0.00494000,5407.40000000
1559649600,1559653199,0.00492000,0.00492000,0.00490000,0.00492000,720.00000000
1559653200,1559656799,0.00490000,0.00492000,0.00490000,0.00492000,204.40000000
1559656800,1559660399,0.00491000,0.00495000,0.00489000,0.00495000,4179.40000000
1559660400,1559663999,0.00497000,0.00498000,0.00495000,0.00498000,3393.00000000
1559664000,1559667599,0.00499000,0.00504000,0.00498000,0.00504000,5072.10000000
1559667600,1559671199,0.00504000,0.00509000,0.00504000,0.00506000,494.90000000
1559671200,1559674799,0.00507000,0.00507000,0.00498000,0.00506000,2210.90000000
1559674800,1559678399,0.00503000,0.00513000,0.00503000,0.00511000,18004.90000000
1559678400,1559681999,0.00508000,0.00755000,0.00501000,0.00507000,99307.50000000
1559682000,1559685599,0.00507000,0.00507000,0.00495000,0.00500000,27450.40000000
1559685600,1559689199,0.00503000,0.00503000,0.00501000,0.00501000,259.30000000
1559689200,1559692799,0.00502000,0.00509000,0.00501000,0.00509000,2447.80000000
1559692800,1559696399,0.00503000,0.00527000,0.00503000,0.00506000,20734.00000000
1559696400,1559699999,0.00504000,0.00506000,0.00502000,0.00502000,4343.50000000
1559700000,1559703599,0.00505000,0.00505000,0.00500000,0.00500000,2666.50000000
1559703600,1559707199,0.00501000,0.00501000,0.00496000,0.00496000,978.90000000
1559707200,1559710799,0.00496000,0.00503000,0.00496000,0.00503000,685.80000000
1559710800,1559714399,0.00505000,0.00505000,0.00495000,0.00503000,37279.30000000
1559714400,1559717999,0.00506000,0.00507000,0.00500000,0.00500000,6110.60000000
1559718000,1559721599,0.00498000,0.00503000,0.00498000,0.00503000,5995.00000000
1559721600,1559725199,0.00502000,0.00502000,0.00502000,0.00502000,427.00000000
1559725200,1559728799,0.00502000,0.00503000,0.00500000,0.00503000,2596.60000000
1559728800,1559732399,0.00500000,0.00506000,0.00500000,0.00506000,8999.50000000
1559732400,1559735999,0.00503000,0.00503000,0.00498000,0.00500000,6264.00000000
1559736000,1559739599,0.00503000,0.00506000,0.00500000,0.00506000,2184.50000000
1559739600,1559743199,0.00503000,0.00503000,0.00499000,0.00499000,4129.30000000
1559743200,1559746799,0.00498000,0.00498000,0.00490000,0.00490000,6452.70000000
1559746800,1559750399,0.00487000,0.00490000,0.00486000,0.00490000,1099.10000000
1559750400,1559753999,0.00487000,0.00492000,0.00487000,0.00490000,3856.60000000
1559754000,1559757599,0.00491000,0.00491000,0.00489000,0.00489000,2688.80000000
1559757600,1559761199,0.00491000,0.00492000,0.00491000,0.00492000,143.40000000
1559761200,1559764799,0.00491000,0.00491000,0.00491000,0.00491000,427.60000000
1559764800,1559768399,0.00494000,0.00496000,0.00491000,0.00491000,3770.50000000
1559768400,1559771999,0.00490000,0.00490000,0.00490000,0.00490000,102.20000000
1559772000,1559775599,0.00487000,0.00491000,0.00487000,0.00488000,763.90000000
1559775600,1559779199,0.00486000,0.00486000,0.00479000,0.00479000,584.40000000
1559779200,1559782799,0.00479000,0.00480000,0.00471000,0.00471000,4595.20000000
1559782800,1559786399,0.00471000,0.00474000,0.00470000,0.00474000,1355.60000000
1559786400,1559789999,0.00476000,0.00479000,0.00476000,0.00477000,644.40000000
1559790000,1559793599,0.00479000,0.00479000,0.00479000,0.00479000,838.70000000
1559793600,1559797199,0.00479000,0.00479000,0.00475000,0.00475000,803.10000000
1559797200,1559800799,0.00474000,0.00474000,0.00472000,0.00472000,3319.40000000
1559800800,1559804399,0.00472000,0.00472000,0.00468000,0.00468000,2333.30000000
1559804400,1559807999,0.00468000,0.00468000,0.00468000,0.00468000,0.00000000
1559808000,1559811599,0.00471000,0.00476000,0.00471000,0.00474000,1696.00000000
1559811600,1559815199,0.00474000,0.00474000,0.00474000,0.00474000,0.00000000
1559815200,1559818799,0.00476000,0.00476000,0.00473000,0.00473000,647.90000000
1559818800,1559822399,0.00472000,0.00472000,0.00472000,0.00472000,85.10000000
1559822400,1559825999,0.00471000,0.00476000,0.00469000,0.00476000,401.00000000
1559826000,1559829599,0.00478000,0.00480000,0.00478000,0.00480000,3762.80000000
1559829600,1559833199,0.00477000,0.00482000,0.00477000,0.00482000,134.20000000
1559833200,1559836799,0.00479000,0.00479000,0.00479000,0.00479000,102.20000000
1559836800,1559840399,0.00482000,0.00482000,0.00480000,0.00480000,659.90000000
1559840400,1559843999,0.00482000,0.00500000,0.00478000,0.00478000,20322.90000000
1559844000,1559847599,0.00478000,0.00478000,0.00478000,0.00478000,0.00000000
1559847600,1559851199,0.00477000,0.00478000,0.00476000,0.00478000,962.00000000
1559851200,1559854799,0.00479000,0.00482000,0.00476000,0.00478000,4578.70000000
1559854800,1559858399,0.00479000,0.00479000,0.00478000,0.00478000,1116.20000000
1559858400,1559861999,0.00478000,0.00478000,0.00478000,0.00478000,0.00000000
1559862000,1559865599,0.00476000,0.00479000,0.00474000,0.00474000,799.10000000
1559865600,1559869199,0.00479000,0.00519000,0.00478000,0.00479000,15242.80000000
1559869200,1559872799,0.00477000,0.00479000,0.00476000,0.00479000,228.00000000
1559872800,1559876399,0.00479000,0.00479000,0.00479000,0.00479000,0.00000000
1559876400,1559879999,0.00478000,0.00478000,0.00476000,0.00476000,261.60000000
1559880000,1559883599,0.00478000,0.00478000,0.00476000,0.00477000,543.30000000
1559883600,1559887199,0.00477000,0.00477000,0.00477000,0.00477000,0.00000000
1559887200,1559890799,0.00478000,0.00478000,0.00474000,0.00477000,4702.00000000
1559890800,1559894399,0.00479000,0.00511000,0.00477000,0.00487000,27557.40000000
1559894400,1559897999,0.00487000,0.00492000,0.00479000,0.00482000,28681.70000000
1559898000,1559901599,0.00482000,0.00489000,0.00482000,0.00489000,2239.80000000
1559901600,1559905199,0.00489000,0.00535000,0.00489000,0.00533000,47209.00000000
1559905200,1559908799,0.00534000,0.00536000,0.00509000,0.00509000,16162.50000000
1559908800,1559912399,0.00508000,0.00522000,0.00498000,0.00509000,20141.90000000
1559912400,1559915999,0.00510000,0.00511000,0.00503000,0.00503000,5859.30000000
1559916000,1559919599,0.00504000,0.00504000,0.00501000,0.00501000,4593.10000000
1559919600,1559923199,0.00500000,0.00500000,0.00495000,0.00495000,3125.20000000
1559923200,1559926799,0.00495000,0.00498000,0.00492000,0.00492000,1692.30000000
1559926800,1559930399,0.00495000,0.00498000,0.00495000,0.00498000,939.90000000
1559930400,1559933999,0.00499000,0.00499000,0.00499000,0.00499000,370.00000000
1559934000,1559937599,0.00499000,0.00499000,0.00497000,0.00498000,1584.80000000
1559937600,1559941199,0.00498000,0.00498000,0.00498000,0.00498000,0.00000000
1559941200,1559941995,0.00498000,0.00498000,0.00498000,0.00498000,0.00000000
1559944800,1559948399,0.00500000,0.00500000,0.00497000,0.00497000,626.40000000
1559948400,1559951999,0.00500000,0.00506000,0.00498000,0.00506000,2900.40000000
1559952000,1559955599,0.00503000,0.00511000,0.00501000,0.00511000,4315.70000000
1559955600,1559959199,0.00513000,0.00513000,0.00502000,0.00502000,4903.00000000
1559959200,1559962799,0.00500000,0.00500000,0.00495000,0.00498000,4344.60000000
1559962800,1559966399,0.00500000,0.00504000,0.00500000,0.00504000,877.20000000
1559966400,1559969999,0.00504000,0.00504000,0.00503000,0.00503000,1572.50000000
1559970000,1559973599,0.00502000,0.00536000,0.00501000,0.00508000,44401.20000000
1559973600,1559977199,0.00511000,0.00527000,0.00510000,0.00521000,22990.10000000
1559977200,1559980799,0.00522000,0.00611000,0.00522000,0.00543000,200421.80000000
1559980800,1559984399,0.00543000,0.00557000,0.00537000,0.00537000,46349.60000000
1559984400,1559987999,0.00535000,0.00546000,0.00532000,0.00541000,24358.20000000
1559988000,1559991599,0.00538000,0.00541000,0.00522000,0.00525000,19180.30000000
1559991600,1559995199,0.00524000,0.00524000,0.00515000,0.00517000,7150.80000000
1559995200,1559998799,0.00514000,0.00519000,0.00511000,0.00515000,43055.20000000
1559998800,1560002399,0.00516000,0.00521000,0.00513000,0.00514000,13559.40000000
1560002400,1560005999,0.00517000,0.00520000,0.00515000,0.00517000,1640.90000000
1560006000,1560009599,0.00517000,0.00521000,0.00508000,0.00508000,3516.50000000
1560009600,1560013199,0.00507000,0.00511000,0.00500000,0.00500000,7983.60000000
1560013200,1560016799,0.00498000,0.00498000,0.00498000,0.00498000,102.20000000
1560016800,1560020399,0.00500000,0.00504000,0.00500000,0.00504000,570.30000000
1560020400,1560023999,0.00505000,0.00506000,0.00505000,0.00506000,1413.30000000
1560024000,1560027599,0.00506000,0.00506000,0.00506000,0.00506000,0.00000000
1560027600,1560031199,0.00507000,0.00509000,0.00507000,0.00509000,1123.10000000
1560031200,1560034799,0.00508000,0.00514000,0.00508000,0.00514000,186.50000000
1560034800,1560038399,0.00511000,0.00514000,0.00511000,0.00514000,441.20000000
1560038400,1560041999,0.00517000,0.00517000,0.00509000,0.00512000,45178.50000000
1560042000,1560045599,0.00512000,0.00512000,0.00508000,0.00511000,807.60000000
1560045600,1560049199,0.00511000,0.00511000,0.00506000,0.00506000,3191.60000000
1560049200,1560052799,0.00509000,0.00510000,0.00509000,0.00510000,415.30000000
1560052800,1560056399,0.00506000,0.00506000,0.00506000,0.00506000,102.20000000
1560056400,1560059999,0.00505000,0.00505000,0.00504000,0.00504000,4537.50000000
1560060000,1560063599,0.00507000,0.00508000,0.00506000,0.00508000,730.30000000
1560063600,1560067199,0.00509000,0.00512000,0.00509000,0.00512000,3444.30000000
1560067200,1560070799,0.00511000,0.00513000,0.00510000,0.00510000,1200.40000000
1560070800,1560074399,0.00509000,0.00511000,0.00509000,0.00509000,306.60000000
1560074400,1560077999,0.00508000,0.00508000,0.00507000,0.00507000,1300.60000000
1560078000,1560081599,0.00508000,0.00508000,0.00506000,0.00506000,414.20000000
1560081600,1560085199,0.00506000,0.00506000,0.00500000,0.00500000,1361.70000000
1560085200,1560088799,0.00502000,0.00502000,0.00497000,0.00500000,1114.90000000
1560088800,1560092399,0.00498000,0.00498000,0.00493000,0.00497000,680.30000000
1560092400,1560095999,0.00498000,0.00500000,0.00493000,0.00498000,3914.30000000
1560096000,1560099599,0.00500000,0.00501000,0.00493000,0.00496000,73683.60000000
1560099600,1560103199,0.00495000,0.00500000,0.00490000,0.00500000,7516.60000000
1560103200,1560106799,0.00500000,0.00500000,0.00498000,0.00498000,393.10000000
1560106800,1560110399,0.00495000,0.00495000,0.00491000,0.00494000,6620.40000000
1560110400,1560113999,0.00497000,0.00500000,0.00497000,0.00500000,570.80000000
1560114000,1560117599,0.00500000,0.00500000,0.00500000,0.00500000,0.00000000
1560117600,1560121199,0.00497000,0.00500000,0.00497000,0.00500000,2602.30000000
1560121200,1560124799,0.00498000,0.00498000,0.00498000,0.00498000,102.20000000
1560124800,1560128399,0.00499000,0.00530000,0.00499000,0.00501000,44536.20000000
1560128400,1560131999,0.00498000,0.00514000,0.00498000,0.00502000,10226.30000000
1560132000,1560135599,0.00500000,0.00500000,0.00499000,0.00499000,160.80000000
1560135600,1560139199,0.00503000,0.00509000,0.00503000,0.00505000,3618.70000000
1560139200,1560142799,0.00506000,0.00506000,0.00500000,0.00503000,3183.60000000
1560142800,1560146399,0.00504000,0.00517000,0.00504000,0.00517000,7913.00000000
1560146400,1560149999,0.00518000,0.00522000,0.00515000,0.00515000,3714.60000000
1560150000,1560153599,0.00515000,0.00515000,0.00513000,0.00513000,1288.70000000
1560153600,1560157199,0.00515000,0.00515000,0.00511000,0.00511000,594.90000000
1560157200,1560160799,0.00511000,0.00511000,0.00503000,0.00503000,4079.70000000
1560160800,1560164399,0.00504000,0.00504000,0.00503000,0.00503000,957.60000000
1560164400,1560167999,0.00504000,0.00505000,0.00500000,0.00500000,31880.00000000
1560168000,1560171599,0.00504000,0.00504000,0.00495000,0.00502000,52276.60000000
1560171600,1560175199,0.00503000,0.00508000,0.00501000,0.00506000,7458.10000000
1560175200,1560178799,0.00506000,0.00507000,0.00500000,0.00502000,3820.30000000
1560178800,1560182399,0.00503000,0.00513000,0.00503000,0.00513000,12883.10000000
1560182400,1560185999,0.00514000,0.00514000,0.00512000,0.00513000,14572.40000000
1560186000,1560189599,0.00512000,0.00512000,0.00511000,0.00511000,1619.50000000
1560189600,1560193199,0.00509000,0.00512000,0.00509000,0.00512000,597.30000000
1560193200,1560196799,0.00514000,0.00515000,0.00511000,0.00515000,20053.20000000
1560196800,1560200399,0.00515000,0.00520000,0.00515000,0.00519000,48965.40000000
1560200400,1560203999,0.00518000,0.00518000,0.00513000,0.00513000,1192.20000000
1560204000,1560207599,0.00514000,0.00520000,0.00514000,0.00520000,4966.80000000
1560207600,1560211199,0.00517000,0.00517000,0.00511000,0.00511000,1006.40000000
1560211200,1560214799,0.00511000,0.00516000,0.00511000,0.00516000,2024.40000000
1560214800,1560218399,0.00512000,0.00513000,0.00512000,0.00513000,59.20000000
1560218400,1560221999,0.00513000,0.00516000,0.00513000,0.00515000,8192.20000000
1560222000,1560225599,0.00513000,0.00514000,0.00513000,0.00514000,2398.40000000
1560225600,1560229199,0.00511000,0.00515000,0.00510000,0.00515000,1497.10000000
1560229200,1560232799,0.00514000,0.00514000,0.00512000,0.00514000,322.40000000
1560232800,1560236399,0.00514000,0.00515000,0.00510000,0.00515000,4777.10000000
1560236400,1560239999,0.00513000,0.00519000,0.00509000,0.00509000,13477.20000000
1560240000,1560243599,0.00507000,0.00511000,0.00507000,0.00511000,266.80000000
1560243600,1560247199,0.00512000,0.00512000,0.00511000,0.00511000,2015.00000000
1560247200,1560250799,0.00509000,0.00509000,0.00506000,0.00506000,237.20000000
1560250800,1560254399,0.00506000,0.00511000,0.00506000,0.00509000,530.60000000
1560254400,1560257999,0.00509000,0.00515000,0.00506000,0.00509000,7793.70000000
1560258000,1560261599,0.00511000,0.00514000,0.00509000,0.00509000,931.10000000
1560261600,1560265199,0.00511000,0.00511000,0.00508000,0.00508000,235.40000000
1560265200,1560268799,0.00511000,0.00516000,0.00510000,0.00516000,1407.80000000
1560268800,1560272399,0.00516000,0.00522000,0.00514000,0.00514000,5726.30000000
1560272400,1560275999,0.00511000,0.00514000,0.00511000,0.00512000,282.50000000
1560276000,1560279599,0.00515000,0.00523000,0.00512000,0.00519000,19699.30000000
1560279600,1560283199,0.00520000,0.00520000,0.00517000,0.00519000,287.70000000
1560283200,1560286799,0.00517000,0.00517000,0.00517000,0.00517000,102.20000000
1560286800,1560290399,0.00518000,0.00519000,0.00518000,0.00519000,202.00000000
1560290400,1560293999,0.00517000,0.00517000,0.00516000,0.00517000,2437.60000000
1560294000,1560297599,0.00518000,0.00518000,0.00518000,0.00518000,1114.30000000
1560297600,1560301199,0.00517000,0.00546000,0.00517000,0.00517000,46511.40000000
1560301200,1560304799,0.00514000,0.00524000,0.00498000,0.00509000,45759.90000000
1560304800,1560308399,0.00506000,0.00506000,0.00495000,0.00495000,7898.30000000
1560308400,1560311999,0.00498000,0.00499000,0.00492000,0.00496000,2089.60000000
1560312000,1560315599,0.00498000,0.00501000,0.00495000,0.00495000,7746.10000000
1560315600,1560319199,0.00493000,0.00495000,0.00491000,0.00495000,1213.30000000
1560319200,1560322799,0.00495000,0.00500000,0.00490000,0.00500000,4649.70000000
1560322800,1560326399,0.00498000,0.00498000,0.00498000,0.00498000,102.20000000
1560326400,1560329999,0.00495000,0.00495000,0.00492000,0.00492000,146.00000000
1560330000,1560333599,0.00492000,0.00512000,0.00488000,0.00502000,24848.50000000
1560333600,1560337199,0.00502000,0.00502000,0.00497000,0.00497000,4137.40000000
1560337200,1560340799,0.00500000,0.00503000,0.00500000,0.00503000,1692.70000000
1560340800,1560344399,0.00503000,0.00508000,0.00503000,0.00503000,182.70000000
1560344400,1560347999,0.00506000,0.00508000,0.00503000,0.00503000,5701.40000000
1560348000,1560351599,0.00506000,0.00506000,0.00503000,0.00503000,752.40000000
1560351600,1560355199,0.00504000,0.00511000,0.00504000,0.00505000,14658.90000000
1560355200,1560358799,0.00503000,0.00503000,0.00498000,0.00499000,745.40000000
1560358800,1560362399,0.00500000,0.00500000,0.00497000,0.00497000,249.80000000
1560362400,1560365999,0.00495000,0.00495000,0.00487000,0.00489000,15844.80000000
1560366000,1560369599,0.00488000,0.00490000,0.00483000,0.00483000,5547.40000000
1560369600,1560373199,0.00485000,0.00485000,0.00482000,0.00482000,506.00000000
1560373200,1560376799,0.00482000,0.00492000,0.00482000,0.00492000,2104.10000000
1560376800,1560380399,0.00490000,0.00497000,0.00490000,0.00497000,1416.40000000
1560380400,1560383999,0.00492000,0.00492000,0.00490000,0.00490000,1100.50000000
1560384000,1560387599,0.00492000,0.00506000,0.00492000,0.00497000,6863.10000000
1560387600,1560391199,0.00495000,0.00495000,0.00490000,0.00491000,3908.10000000
1560391200,1560394799,0.00490000,0.00490000,0.00487000,0.00487000,1699.60000000
1560394800,1560398399,0.00487000,0.00490000,0.00487000,0.00490000,1559.40000000
1560398400,1560401999,0.00491000,0.00495000,0.00489000,0.00495000,2631.60000000
1560402000,1560405599,0.00495000,0.00497000,0.00487000,0.00487000,7824.40000000
1560405600,1560409199,0.00488000,0.00489000,0.00481000,0.00481000,1589.10000000
1560409200,1560412799,0.00480000,0.00480000,0.00474000,0.00475000,5741.80000000
1560412800,1560416399,0.00475000,0.00479000,0.00473000,0.00479000,24669.90000000
1560416400,1560419999,0.00482000,0.00494000,0.00482000,0.00485000,2912.00000000
1560420000,1560423599,0.00485000,0.00487000,0.00479000,0.00480000,1776.30000000
1560423600,1560427199,0.00479000,0.00482000,0.00478000,0.00480000,2532.40000000
1560427200,1560430799,0.00484000,0.00484000,0.00476000,0.00476000,1362.40000000
1560430800,1560434399,0.00475000,0.00482000,0.00470000,0.00482000,3873.50000000
1560434400,1560437999,0.00483000,0.00488000,0.00482000,0.00487000,4774.70000000
1560438000,1560441599,0.00490000,0.00495000,0.00485000,0.00485000,2742.30000000
1560441600,1560445199,0.00489000,0.00496000,0.00489000,0.00496000,2602.20000000
1560445200,1560448799,0.00496000,0.00503000,0.00496000,0.00502000,3518.90000000
1560448800,1560452399,0.00498000,0.00500000,0.00487000,0.00495000,18807.00000000
1560452400,1560455999,0.00492000,0.00492000,0.00485000,0.00485000,15714.10000000
1560456000,1560459599,0.00484000,0.00485000,0.00476000,0.00476000,2445.30000000
1560459600,1560463199,0.00476000,0.00484000,0.00476000,0.00484000,1740.20000000
1560463200,1560466799,0.00483000,0.00483000,0.00479000,0.00482000,3767.20000000
1560466800,1560470399,0.00482000,0.00490000,0.00482000,0.00486000,3107.10000000
1560470400,1560473999,0.00486000,0.00490000,0.00481000,0.00484000,1438.70000000
1560474000,1560477599,0.00483000,0.00502000,0.00481000,0.00493000,8632.70000000
1560477600,1560481199,0.00493000,0.00497000,0.00491000,0.00497000,403.10000000
1560481200,1560484799,0.00497000,0.00500000,0.00493000,0.00500000,4127.50000000
1560484800,1560488399,0.00500000,0.00502000,0.00495000,0.00501000,7147.70000000
1560488400,1560491999,0.00499000,0.00515000,0.00499000,0.00515000,7498.40000000
1560492000,1560495599,0.00515000,0.00515000,0.00508000,0.00515000,7046.80000000
1560495600,1560499199,0.00515000,0.00522000,0.00514000,0.00514000,13216.00000000
1560499200,1560502799,0.00517000,0.00529000,0.00517000,0.00525000,3863.20000000
1560502800,1560506399,0.00525000,0.00525000,0.00514000,0.00522000,10889.50000000
1560506400,1560509999,0.00525000,0.00530000,0.00520000,0.00525000,4687.70000000
1560510000,1560513599,0.00525000,0.00534000,0.00519000,0.00522000,29112.00000000
1560513600,1560517199,0.00521000,0.00521000,0.00495000,0.00502000,9614.70000000
1560517200,1560520799,0.00503000,0.00503000,0.00497000,0.00498000,2952.50000000
1560520800,1560524399,0.00498000,0.00507000,0.00497000,0.00505000,5327.70000000
1560524400,1560527999,0.00503000,0.00515000,0.00501000,0.00515000,12469.30000000
1560528000,1560531599,0.00517000,0.00534000,0.00503000,0.00503000,20347.40000000
1560531600,1560535199,0.00505000,0.00511000,0.00496000,0.00503000,4847.90000000
1560535200,1560538799,0.00501000,0.00506000,0.00500000,0.00506000,1105.00000000
1560538800,1560542399,0.00507000,0.00512000,0.00506000,0.00507000,1378.50000000
1560542400,1560545999,0.00506000,0.00509000,0.00506000,0.00509000,416.40000000
1560546000,1560549599,0.00511000,0.00520000,0.00496000,0.00496000,9132.90000000
1560549600,1560553199,0.00500000,0.00503000,0.00498000,0.00498000,2859.40000000
1560553200,1560556799,0.00498000,0.00502000,0.00497000,0.00502000,1256.30000000
1560556800,1560560399,0.00503000,0.00511000,0.00503000,0.00506000,3349.10000000
1560560400,1560563999,0.00505000,0.00509000,0.00503000,0.00504000,955.70000000
1560564000,1560567599,0.00507000,0.00511000,0.00505000,0.00505000,3128.70000000
1560567600,1560571199,0.00503000,0.00508000,0.00503000,0.00508000,81.00000000
1560571200,1560574799,0.00503000,0.00503000,0.00503000,0.00503000,436.60000000
1560574800,1560578399,0.00502000,0.00506000,0.00502000,0.00505000,342.50000000
1560578400,1560581999,0.00503000,0.00503000,0.00491000,0.00491000,3025.30000000
1560582000,1560585599,0.00491000,0.00491000,0.00478000,0.00484000,13179.20000000
1560585600,1560589199,0.00487000,0.00493000,0.00480000,0.00481000,9376.90000000
1560589200,1560592799,0.00480000,0.00481000,0.00474000,0.00481000,4732.70000000
1560592800,1560596399,0.00482000,0.00485000,0.00478000,0.00478000,2613.90000000
1560596400,1560599999,0.00476000,0.00479000,0.00474000,0.00479000,902.50000000
1560600000,1560603599,0.00478000,0.00485000,0.00478000,0.00485000,1104.90000000
1560603600,1560607199,0.00486000,0.00488000,0.00486000,0.00486000,6062.30000000
1560607200,1560610799,0.00485000,0.00492000,0.00484000,0.00487000,5502.70000000
1560610800,1560614399,0.00490000,0.00492000,0.00487000,0.00490000,3906.90000000
1560614400,1560617999,0.00490000,0.00490000,0.00484000,0.00487000,3641.40000000
1560618000,1560621599,0.00485000,0.00492000,0.00484000,0.00490000,2078.70000000
1560621600,1560625199,0.00492000,0.00495000,0.00492000,0.00492000,1026.20000000
1560625200,1560628799,0.00490000,0.00494000,0.00490000,0.00494000,229.40000000
1560628800,1560632399,0.00490000,0.00490000,0.00490000,0.00490000,2.20000000
1560632400,1560635999,0.00490000,0.00493000,0.00490000,0.00493000,1530.70000000
1560636000,1560639599,0.00490000,0.00491000,0.00490000,0.00491000,397.80000000
1560639600,1560643199,0.00492000,0.00492000,0.00492000,0.00492000,102.20000000
1560643200,1560646799,0.00492000,0.00492000,0.00490000,0.00490000,533.60000000
1560646800,1560650399,0.00490000,0.00494000,0.00490000,0.00490000,1455.30000000
1560650400,1560653999,0.00487000,0.00487000,0.00479000,0.00487000,2945.80000000
1560654000,1560657599,0.00486000,0.00487000,0.00482000,0.00487000,1156.10000000
1560657600,1560661199,0.00486000,0.00491000,0.00485000,0.00491000,2088.80000000
1560661200,1560664799,0.00492000,0.00492000,0.00474000,0.00481000,17730.60000000
1560664800,1560668399,0.00484000,0.00484000,0.00474000,0.00475000,4351.80000000
1560668400,1560671999,0.00479000,0.00502000,0.00479000,0.00481000,31112.20000000
1560672000,1560675599,0.00484000,0.00488000,0.00470000,0.00483000,11084.20000000
1560675600,1560679199,0.00479000,0.00482000,0.00476000,0.00482000,2901.40000000
1560679200,1560682799,0.00484000,0.00485000,0.00482000,0.00484000,1135.40000000
1560682800,1560686399,0.00482000,0.00484000,0.00482000,0.00484000,1115.50000000
1560686400,1560689999,0.00487000,0.00492000,0.00485000,0.00489000,3387.70000000
1560690000,1560693599,0.00485000,0.00486000,0.00484000,0.00484000,877.90000000
1560693600,1560697199,0.00487000,0.00493000,0.00484000,0.00485000,1947.80000000
1560697200,1560700799,0.00484000,0.00487000,0.00482000,0.00487000,2873.40000000
1560700800,1560704399,0.00490000,0.00491000,0.00490000,0.00491000,147.60000000
1560704400,1560707999,0.00492000,0.00498000,0.00490000,0.00498000,2634.20000000
1560708000,1560711599,0.00492000,0.00495000,0.00487000,0.00491000,1931.60000000
1560711600,1560715199,0.00489000,0.00490000,0.00489000,0.00490000,372.10000000
1560715200,1560718799,0.00487000,0.00487000,0.00483000,0.00487000,1352.10000000
1560718800,1560722399,0.00485000,0.00488000,0.00484000,0.00487000,989.10000000
1560722400,1560725999,0.00488000,0.00488000,0.00485000,0.00485000,1621.50000000
1560726000,1560729599,0.00488000,0.00488000,0.00488000,0.00488000,432.00000000
1560729600,1560733199,0.00490000,0.00490000,0.00486000,0.00486000,576.20000000
1560733200,1560736799,0.00485000,0.00485000,0.00485000,0.00485000,563.00000000
1560736800,1560740399,0.00485000,0.00487000,0.00478000,0.00487000,25949.10000000
1560740400,1560743999,0.00488000,0.00488000,0.00488000,0.00488000,98.90000000
1560744000,1560747599,0.00486000,0.00486000,0.00486000,0.00486000,885.30000000
1560747600,1560751199,0.00484000,0.00484000,0.00483000,0.00483000,5524.70000000
1560751200,1560754799,0.00482000,0.00484000,0.00477000,0.00480000,814.20000000
1560754800,1560758399,0.00477000,0.00477000,0.00464000,0.00473000,11645.60000000
1560758400,1560761999,0.00473000,0.00473000,0.00473000,0.00473000,431.90000000
1560762000,1560765599,0.00474000,0.00485000,0.00474000,0.00485000,8026.60000000
1560765600,1560769199,0.00487000,0.00506000,0.00487000,0.00498000,41247.20000000
1560769200,1560772799,0.00500000,0.00503000,0.00494000,0.00494000,1477.60000000
1560772800,1560776399,0.00493000,0.00499000,0.00491000,0.00495000,4952.40000000
1560776400,1560779999,0.00498000,0.00506000,0.00492000,0.00492000,3522.70000000
1560780000,1560783599,0.00492000,0.00492000,0.00485000,0.00490000,6746.30000000
1560783600,1560787199,0.00490000,0.00491000,0.00481000,0.00483000,3543.40000000
1560787200,1560790799,0.00482000,0.00488000,0.00482000,0.00488000,1265.60000000
1560790800,1560794399,0.00489000,0.00490000,0.00484000,0.00484000,2408.20000000
1560794400,1560797999,0.00487000,0.00487000,0.00487000,0.00487000,488.90000000
1560798000,1560801599,0.00487000,0.00487000,0.00482000,0.00484000,552.60000000
1560801600,1560805199,0.00486000,0.00493000,0.00486000,0.00492000,2247.50000000
1560805200,1560808799,0.00492000,0.00492000,0.00490000,0.00492000,244.40000000
1560808800,1560812399,0.00493000,0.00498000,0.00493000,0.00497000,3991.00000000
1560812400,1560815999,0.00498000,0.00498000,0.00490000,0.00494000,2147.60000000
1560816000,1560819599,0.00494000,0.00495000,0.00487000,0.00487000,2179.80000000
1560819600,1560823199,0.00486000,0.00487000,0.00480000,0.00482000,5103.80000000
1560823200,1560826799,0.00479000,0.00480000,0.00467000,0.00468000,7593.80000000
1560826800,1560830399,0.00467000,0.00468000,0.00460000,0.00465000,8862.80000000
1560830400,1560833999,0.00460000,0.00463000,0.00459000,0.00463000,2071.10000000
1560834000,1560837599,0.00464000,0.00466000,0.00464000,0.00464000,1803.90000000
1560837600,1560841199,0.00463000,0.00463000,0.00457000,0.00461000,1180.30000000
1560841200,1560844799,0.00460000,0.00460000,0.00454000,0.00458000,10669.60000000
1560844800,1560848399,0.00460000,0.00460000,0.00460000,0.00460000,102.20000000
1560848400,1560851999,0.00462000,0.00466000,0.00460000,0.00461000,1669.50000000
1560852000,1560855599,0.00461000,0.00461000,0.00460000,0.00460000,400.20000000
1560855600,1560859199,0.00457000,0.00459000,0.00457000,0.00459000,587.20000000
1560859200,1560862799,0.00457000,0.00457000,0.00457000,0.00457000,786.00000000
1560862800,1560866399,0.00456000,0.00460000,0.00455000,0.00460000,390.60000000
1560866400,1560869999,0.00460000,0.00460000,0.00460000,0.00460000,0.00000000
1560870000,1560873599,0.00457000,0.00457000,0.00457000,0.00457000,102.20000000
1560873600,1560877199,0.00455000,0.00456000,0.00453000,0.00453000,1922.00000000
1560877200,1560880799,0.00457000,0.00458000,0.00455000,0.00458000,206.10000000
1560880800,1560884399,0.00458000,0.00460000,0.00458000,0.00459000,1773.40000000
1560884400,1560887999,0.00459000,0.00459000,0.00459000,0.00459000,0.00000000
1560888000,1560891599,0.00459000,0.00459000,0.00459000,0.00459000,0.00000000
1560891600,1560895199,0.00460000,0.00460000,0.00460000,0.00460000,1056.90000000
1560895200,1560898799,0.00460000,0.00464000,0.00460000,0.00461000,1130.60000000
1560898800,1560902399,0.00461000,0.00461000,0.00461000,0.00461000,0.00000000
1560902400,1560905999,0.00462000,0.00464000,0.00462000,0.00464000,784.30000000
1560906000,1560909599,0.00464000,0.00464000,0.00464000,0.00464000,0.00000000
1560909600,1560913199,0.00464000,0.00464000,0.00464000,0.00464000,0.00000000
1560913200,1560916799,0.00461000,0.00461000,0.00457000,0.00458000,3648.80000000
1560916800,1560920399,0.00459000,0.00460000,0.00459000,0.00460000,4078.20000000
1560920400,1560923999,0.00459000,0.00462000,0.00457000,0.00459000,1392.90000000
1560924000,1560927599,0.00458000,0.00460000,0.00457000,0.00460000,147.40000000
1560927600,1560931199,0.00458000,0.00460000,0.00457000,0.00457000,637.40000000
1560931200,1560934799,0.00456000,0.00460000,0.00456000,0.00460000,412.00000000
1560934800,1560938399,0.00458000,0.00466000,0.00457000,0.00465000,4797.70000000
1560938400,1560941999,0.00467000,0.00467000,0.00463000,0.00463000,372.20000000
1560942000,1560945599,0.00463000,0.00472000,0.00458000,0.00463000,65809.90000000
1560945600,1560949199,0.00460000,0.00460000,0.00457000,0.00457000,695.50000000
1560949200,1560952799,0.00458000,0.00458000,0.00456000,0.00458000,2382.10000000
1560952800,1560956399,0.00459000,0.00459000,0.00453000,0.00454000,2077.90000000
1560956400,1560959999,0.00456000,0.00462000,0.00456000,0.00460000,2575.10000000
1560960000,1560963599,0.00463000,0.00464000,0.00462000,0.00462000,587.00000000
1560963600,1560967199,0.00462000,0.00465000,0.00462000,0.00465000,221.80000000
1560967200,1560970799,0.00465000,0.00465000,0.00465000,0.00465000,0.00000000
1560970800,1560974399,0.00465000,0.00465000,0.00465000,0.00465000,0.00000000
1560974400,1560977999,0.00465000,0.00467000,0.00465000,0.00465000,331.80000000
1560978000,1560981599,0.00468000,0.00470000,0.00467000,0.00467000,253.90000000
1560981600,1560985199,0.00471000,0.00475000,0.00470000,0.00471000,2228.20000000
1560985200,1560988799,0.00471000,0.00471000,0.00471000,0.00471000,0.00000000
1560988800,1560992399,0.00469000,0.00469000,0.00469000,0.00469000,32.00000000
1560992400,1560995999,0.00468000,0.00468000,0.00463000,0.00466000,1486.00000000
1560996000,1560999599,0.00463000,0.00465000,0.00463000,0.00465000,3636.00000000
1560999600,1561003199,0.00466000,0.00470000,0.00466000,0.00468000,2687.30000000
1561003200,1561006799,0.00468000,0.00468000,0.00461000,0.00466000,9486.60000000
1561006800,1561010399,0.00466000,0.00468000,0.00466000,0.00466000,477.60000000
1561010400,1561013999,0.00463000,0.00463000,0.00461000,0.00461000,12129.00000000
1561014000,1561017599,0.00465000,0.00482000,0.00465000,0.00468000,6320.50000000
1561017600,1561021199,0.00466000,0.00468000,0.00464000,0.00464000,1903.00000000
1561021200,1561024799,0.00463000,0.00463000,0.00460000,0.00460000,602.30000000
1561024800,1561028399,0.00461000,0.00461000,0.00445000,0.00445000,4896.00000000
1561028400,1561031999,0.00444000,0.00444000,0.00433000,0.00433000,2092.50000000
1561032000,1561035599,0.00431000,0.00431000,0.00424000,0.00431000,4230.00000000
1561035600,1561039199,0.00432000,0.00436000,0.00430000,0.00436000,1835.40000000
1561039200,1561042799,0.00431000,0.00433000,0.00429000,0.00431000,393.60000000
1561042800,1561046399,0.00430000,0.00430000,0.00423000,0.00428000,3367.50000000
1561046400,1561049999,0.00425000,0.00426000,0.00423000,0.00423000,2201.80000000
1561050000,1561053599,0.00421000,0.00421000,0.00417000,0.00420000,1740.60000000
1561053600,1561057199,0.00420000,0.00423000,0.00420000,0.00423000,757.90000000
1561057200,1561060799,0.00420000,0.00423000,0.00414000,0.00422000,19041.50000000
1561060800,1561064399,0.00418000,0.00423000,0.00413000,0.00417000,6020.90000000
1561064400,1561067999,0.00420000,0.00423000,0.00420000,0.00420000,2970.10000000
1561068000,1561071599,0.00423000,0.00426000,0.00423000,0.00426000,3444.90000000
1561071600,1561075199,0.00427000,0.00427000,0.00424000,0.00424000,229.80000000
1561075200,1561078799,0.00423000,0.00423000,0.00419000,0.00422000,3922.90000000
1561078800,1561082399,0.00423000,0.00425000,0.00423000,0.00423000,368.80000000
1561082400,1561085999,0.00421000,0.00421000,0.00412000,0.00417000,3179.60000000
1561086000,1561089599,0.00420000,0.00420000,0.00420000,0.00420000,261.40000000
1561089600,1561093199,0.00420000,0.00422000,0.00420000,0.00422000,66.40000000
1561093200,1561096799,0.00422000,0.00422000,0.00417000,0.00417000,6090.90000000
1561096800,1561100399,0.00416000,0.00416000,0.00408000,0.00408000,3949.20000000
1561100400,1561103999,0.00409000,0.00409000,0.00406000,0.00409000,959.00000000
1561104000,1561107599,0.00410000,0.00410000,0.00409000,0.00409000,637.10000000
1561107600,1561111199,0.00410000,0.00410000,0.00405000,0.00405000,6311.00000000
1561111200,1561114799,0.00405000,0.00405000,0.00405000,0.00405000,0.00000000
1561114800,1561118399,0.00409000,0.00413000,0.00407000,0.00413000,2332.70000000
1561118400,1561121999,0.00411000,0.00411000,0.00401000,0.00403000,8384.20000000
1561122000,1561125599,0.00400000,0.00402000,0.00397000,0.00402000,5613.10000000
1561125600,1561129199,0.00400000,0.00403000,0.00399000,0.00399000,14419.30000000
1561129200,1561132799,0.00397000,0.00397000,0.00395000,0.00396000,1458.10000000
1561132800,1561136399,0.00396000,0.00396000,0.00388000,0.00391000,10268.00000000
1561136400,1561139999,0.00387000,0.00390000,0.00382000,0.00386000,28784.20000000
1561140000,1561143599,0.00385000,0.00385000,0.00385000,0.00385000,545.30000000
1561143600,1561147199,0.00386000,0.00386000,0.00386000,0.00386000,129.80000000
1561147200,1561150799,0.00382000,0.00382000,0.00376000,0.00379000,3751.30000000
1561150800,1561154399,0.00377000,0.00378000,0.00374000,0.00375000,3898.50000000
1561154400,1561157999,0.00374000,0.00374000,0.00371000,0.00374000,4382.80000000
1561158000,1561161599,0.00374000,0.00377000,0.00367000,0.00372000,14753.20000000
1561161600,1561165199,0.00371000,0.00386000,0.00371000,0.00386000,17617.30000000
1561165200,1561168799,0.00386000,0.00390000,0.00366000,0.00368000,31651.60000000
1561168800,1561172399,0.00364000,0.00370000,0.00363000,0.00369000,7668.70000000
1561172400,1561175999,0.00369000,0.00372000,0.00362000,0.00367000,8791.60000000
1561176000,1561179599,0.00368000,0.00372000,0.00368000,0.00368000,10401.00000000
1561179600,1561183199,0.00368000,0.00368000,0.00363000,0.00363000,8931.80000000
1561183200,1561186799,0.00363000,0.00363000,0.00359000,0.00360000,2474.00000000
1561186800,1561190399,0.00362000,0.00369000,0.00362000,0.00364000,8003.30000000
1561190400,1561193999,0.00361000,0.00363000,0.00359000,0.00362000,8555.50000000
1561194000,1561197599,0.00360000,0.00365000,0.00358000,0.00358000,13029.60000000
1561197600,1561201199,0.00358000,0.00359000,0.00353000,0.00355000,7115.20000000
1561201200,1561204799,0.00355000,0.00355000,0.00350000,0.00355000,4685.30000000
1561204800,1561208399,0.00355000,0.00358000,0.00355000,0.00358000,3068.40000000
1561208400,1561211999,0.00357000,0.00368000,0.00357000,0.00367000,5561.60000000
1561212000,1561215599,0.00368000,0.00379000,0.00366000,0.00379000,12160.60000000
1561215600,1561219199,0.00369000,0.00369000,0.00369000,0.00369000,618.90000000
1561219200,1561222799,0.00369000,0.00369000,0.00369000,0.00369000,21340.50000000
1561222800,1561226399,0.00367000,0.00371000,0.00364000,0.00371000,5689.90000000
1561226400,1561229999,0.00373000,0.00378000,0.00371000,0.00378000,10344.00000000
1561230000,1561233599,0.00373000,0.00378000,0.00373000,0.00376000,1391.70000000
1561233600,1561237199,0.00373000,0.00379000,0.00373000,0.00379000,250.50000000
1561237200,1561240799,0.00376000,0.00376000,0.00376000,0.00376000,996.60000000
1561240800,1561244399,0.00376000,0.00376000,0.00376000,0.00376000,300.00000000
1561244400,1561247999,0.00379000,0.00383000,0.00377000,0.00377000,3387.00000000
1561248000,1561251599,0.00374000,0.00374000,0.00374000,0.00374000,584.00000000
1561251600,1561255199,0.00375000,0.00375000,0.00375000,0.00375000,76.90000000
1561255200,1561258799,0.00376000,0.00390000,0.00376000,0.00381000,707.90000000
1561258800,1561262399,0.00379000,0.00386000,0.00378000,0.00386000,6349.20000000
1561262400,1561265999,0.00385000,0.00385000,0.00379000,0.00381000,526.00000000
1561266000,1561269599,0.00381000,0.00384000,0.00381000,0.00384000,6643.20000000
1561269600,1561273199,0.00386000,0.00386000,0.00384000,0.00386000,1776.80000000
1561273200,1561276799,0.00386000,0.00386000,0.00383000,0.00383000,6640.40000000
1561276800,1561280399,0.00386000,0.00386000,0.00386000,0.00386000,544.90000000
1561280400,1561283999,0.00386000,0.00387000,0.00386000,0.00386000,1853.70000000
1561284000,1561287599,0.00386000,0.00393000,0.00386000,0.00393000,8052.10000000
1561287600,1561291199,0.00394000,0.00401000,0.00394000,0.00400000,7419.30000000
1561291200,1561294799,0.00400000,0.00400000,0.00389000,0.00389000,1422.00000000
1561294800,1561298399,0.00389000,0.00389000,0.00385000,0.00385000,2540.50000000
1561298400,1561301999,0.00385000,0.00385000,0.00382000,0.00383000,4554.00000000
1561302000,1561305599,0.00382000,0.00385000,0.00380000,0.00381000,2111.20000000
1561305600,1561309199,0.00384000,0.00386000,0.00384000,0.00386000,580.00000000
1561309200,1561312799,0.00385000,0.00386000,0.00385000,0.00386000,44283.90000000
1561312800,1561316399,0.00388000,0.00388000,0.00386000,0.00386000,9071.90000000
1561316400,1561319999,0.00390000,0.00390000,0.00388000,0.00390000,260.50000000
1561320000,1561323599,0.00382000,0.00382000,0.00379000,0.00382000,4402.00000000
1561323600,1561327199,0.00382000,0.00384000,0.00377000,0.00384000,11477.50000000
1561327200,1561330799,0.00380000,0.00380000,0.00378000,0.00378000,582.60000000
1561330800,1561334399,0.00377000,0.00377000,0.00377000,0.00377000,241.50000000
1561334400,1561337999,0.00375000,0.00375000,0.00375000,0.00375000,2040.90000000
1561338000,1561341599,0.00383000,0.00395000,0.00383000,0.00395000,3336.70000000
1561341600,1561345199,0.00389000,0.00389000,0.00389000,0.00389000,299.80000000
1561345200,1561348799,0.00388000,0.00388000,0.00388000,0.00388000,315.30000000
1561348800,1561352399,0.00381000,0.00381000,0.00378000,0.00378000,143.60000000
1561352400,1561355999,0.00377000,0.00377000,0.00377000,0.00377000,50.00000000
1561356000,1561359599,0.00377000,0.00377000,0.00377000,0.00377000,0.00000000
1561359600,1561363199,0.00378000,0.00378000,0.00378000,0.00378000,636.20000000
1561363200,1561366799,0.00381000,0.00381000,0.00381000,0.00381000,541.10000000
1561366800,1561370399,0.00385000,0.00388000,0.00382000,0.00382000,1459.90000000
1561370400,1561373999,0.00382000,0.00382000,0.00382000,0.00382000,0.00000000
1561374000,1561377599,0.00382000,0.00382000,0.00382000,0.00382000,0.00000000
1561377600,1561381199,0.00385000,0.00385000,0.00385000,0.00385000,458.00000000
1561381200,1561384799,0.00387000,0.00391000,0.00387000,0.00391000,1396.30000000
1561384800,1561388399,0.00390000,0.00405000,0.00390000,0.00390000,7473.80000000
1561388400,1561391999,0.00390000,0.00390000,0.00389000,0.00389000,2556.50000000
1561392000,1561395599,0.00382000,0.00382000,0.00382000,0.00382000,90.80000000
1561395600,1561399199,0.00382000,0.00382000,0.00382000,0.00382000,0.00000000
1561399200,1561402799,0.00382000,0.00382000,0.00382000,0.00382000,0.00000000
1561402800,1561406399,0.00385000,0.00385000,0.00385000,0.00385000,72.00000000
1561406400,1561409999,0.00391000,0.00391000,0.00386000,0.00386000,1305.80000000
1561410000,1561413599,0.00390000,0.00391000,0.00390000,0.00391000,340.60000000
1561413600,1561417199,0.00386000,0.00386000,0.00384000,0.00384000,341.70000000
1561417200,1561420799,0.00382000,0.00382000,0.00382000,0.00382000,62.00000000
1561420800,1561424399,0.00391000,0.00391000,0.00391000,0.00391000,100.20000000
1561424400,1561427999,0.00391000,0.00391000,0.00391000,0.00391000,0.00000000
1561428000,1561431599,0.00392000,0.00395000,0.00392000,0.00395000,73.50000000
1561431600,1561435199,0.00390000,0.00393000,0.00390000,0.00393000,428.90000000
1561435200,1561438799,0.00397000,0.00397000,0.00394000,0.00394000,477.20000000
1561438800,1561442399,0.00400000,0.00400000,0.00394000,0.00400000,9613.00000000
1561442400,1561445999,0.00395000,0.00395000,0.00395000,0.00395000,2628.70000000
1561446000,1561449599,0.00395000,0.00397000,0.00393000,0.00393000,80.50000000
1561449600,1561453199,0.00393000,0.00404000,0.00393000,0.00397000,66319.80000000
1561453200,1561456799,0.00398000,0.00398000,0.00398000,0.00398000,527.60000000
1561456800,1561460399,0.00398000,0.00398000,0.00398000,0.00398000,0.00000000
1561460400,1561463999,0.00406000,0.00411000,0.00398000,0.00400000,14200.30000000
1561464000,1561467599,0.00400000,0.00400000,0.00397000,0.00397000,6141.90000000
1561467600,1561471199,0.00397000,0.00397000,0.00392000,0.00394000,3039.00000000
1561471200,1561474799,0.00399000,0.00400000,0.00399000,0.00400000,846.40000000
1561474800,1561478399,0.00401000,0.00401000,0.00401000,0.00401000,555.00000000
1561478400,1561481999,0.00401000,0.00401000,0.00401000,0.00401000,250.00000000
1561482000,1561485599,0.00409000,0.00409000,0.00409000,0.00409000,95.00000000
1561485600,1561489199,0.00409000,0.00409000,0.00409000,0.00409000,0.00000000
1561489200,1561492799,0.00409000,0.00409000,0.00409000,0.00409000,0.00000000
1561492800,1561496399,0.00409000,0.00409000,0.00409000,0.00409000,0.00000000
1561496400,1561499999,0.00400000,0.00401000,0.00400000,0.00401000,1356.00000000
1561500000,1561503599,0.00398000,0.00398000,0.00398000,0.00398000,1872.00000000
1561503600,1561507199,0.00398000,0.00406000,0.00398000,0.00406000,749.30000000
1561507200,1561510799,0.00405000,0.00409000,0.00392000,0.00392000,3902.50000000
1561510800,1561514399,0.00397000,0.00398000,0.00397000,0.00398000,933.90000000
1561514400,1561517999,0.00393000,0.00393000,0.00393000,0.00393000,2588.70000000
1561518000,1561521599,0.00405000,0.00406000,0.00395000,0.00395000,1797.10000000
1561521600,1561525199,0.00391000,0.00391000,0.00388000,0.00388000,1090.00000000
1561525200,1561528799,0.00389000,0.00399000,0.00386000,0.00386000,3835.60000000
1561528800,1561532399,0.00388000,0.00390000,0.00372000,0.00373000,18784.60000000
1561532400,1561535999,0.00372000,0.00376000,0.00372000,0.00375000,3711.90000000
1561536000,1561539599,0.00375000,0.00379000,0.00375000,0.00379000,1584.90000000
1561539600,1561543199,0.00380000,0.00380000,0.00379000,0.00379000,750.20000000
1561543200,1561546799,0.00382000,0.00382000,0.00382000,0.00382000,166.30000000
1561546800,1561550399,0.00382000,0.00382000,0.00376000,0.00382000,1664.40000000
1561550400,1561553999,0.00386000,0.00387000,0.00381000,0.00385000,29620.50000000
1561554000,1561557599,0.00384000,0.00390000,0.00384000,0.00390000,825.90000000
1561557600,1561561199,0.00390000,0.00390000,0.00388000,0.00390000,2801.40000000
1561561200,1561564799,0.00390000,0.00400000,0.00390000,0.00400000,5808.20000000
1561564800,1561568399,0.00396000,0.00403000,0.00395000,0.00403000,5073.50000000
1561568400,1561571999,0.00393000,0.00397000,0.00387000,0.00397000,7249.20000000
1561572000,1561575599,0.00398000,0.00405000,0.00398000,0.00401000,1923.20000000
1561575600,1561579199,0.00398000,0.00398000,0.00397000,0.00398000,1243.00000000
1561579200,1561582799,0.00388000,0.00389000,0.00378000,0.00389000,10168.10000000
1561582800,1561586399,0.00403000,0.00406000,0.00390000,0.00390000,2026.50000000
1561586400,1561589999,0.00392000,0.00410000,0.00392000,0.00398000,13968.90000000
1561590000,1561593599,0.00405000,0.00405000,0.00405000,0.00405000,31.00000000
1561593600,1561597199,0.00390000,0.00398000,0.00386000,0.00392000,913.40000000
1561597200,1561600799,0.00380000,0.00394000,0.00373000,0.00387000,8688.20000000
1561600800,1561604399,0.00383000,0.00383000,0.00383000,0.00383000,76.70000000
1561604400,1561607999,0.00386000,0.00390000,0.00386000,0.00390000,527.40000000
1561608000,1561611599,0.00389000,0.00389000,0.00383000,0.00383000,376.40000000
1561611600,1561615199,0.00382000,0.00382000,0.00382000,0.00382000,130.50000000
1561615200,1561618799,0.00382000,0.00409000,0.00376000,0.00401000,12745.80000000
1561618800,1561622399,0.00404000,0.00404000,0.00378000,0.00378000,382.10000000
1561622400,1561625999,0.00380000,0.00380000,0.00379000,0.00379000,413.60000000
1561626000,1561629599,0.00372000,0.00401000,0.00372000,0.00401000,5643.50000000
1561629600,1561633199,0.00394000,0.00399000,0.00387000,0.00396000,22431.00000000
1561633200,1561636799,0.00394000,0.00406000,0.00394000,0.00396000,4186.70000000
1561636800,1561640399,0.00397000,0.00398000,0.00394000,0.00398000,1751.00000000
1561640400,1561643999,0.00404000,0.00404000,0.00404000,0.00404000,316.70000000
1561644000,1561647599,0.00410000,0.00431000,0.00401000,0.00402000,13778.80000000
1561647600,1561651199,0.00390000,0.00408000,0.00371000,0.00373000,3229.00000000
1561651200,1561654799,0.00371000,0.00376000,0.00361000,0.00376000,4718.50000000
1561654800,1561658399,0.00377000,0.00377000,0.00372000,0.00376000,283.90000000
1561658400,1561661999,0.00376000,0.00376000,0.00376000,0.00376000,168.00000000
1561662000,1561665599,0.00386000,0.00386000,0.00386000,0.00386000,56.00000000
1561665600,1561669199,0.00383000,0.00383000,0.00377000,0.00378000,793.20000000
1561669200,1561672799,0.00378000,0.00378000,0.00378000,0.00378000,0.00000000
1561672800,1561676399,0.00379000,0.00385000,0.00379000,0.00381000,5786.10000000
1561676400,1561679999,0.00382000,0.00389000,0.00378000,0.00378000,13986.00000000
1561680000,1561683599,0.00390000,0.00390000,0.00390000,0.00390000,13880.00000000
1561683600,1561687199,0.00394000,0.00403000,0.00388000,0.00401000,11966.90000000
1561687200,1561690799,0.00403000,0.00409000,0.00402000,0.00406000,7226.30000000
1561690800,1561694399,0.00405000,0.00414000,0.00405000,0.00413000,3765.10000000
1561694400,1561697999,0.00413000,0.00436000,0.00407000,0.00436000,27346.00000000
1561698000,1561701599,0.00434000,0.00486000,0.00418000,0.00433000,201351.50000000
1561701600,1561705199,0.00434000,0.00436000,0.00419000,0.00427000,69270.90000000
1561705200,1561708799,0.00429000,0.00446000,0.00420000,0.00434000,39415.00000000
1561708800,1561712399,0.00431000,0.00439000,0.00418000,0.00419000,31297.00000000
1561712400,1561715999,0.00417000,0.00422000,0.00414000,0.00419000,22050.70000000
1561716000,1561719599,0.00420000,0.00422000,0.00414000,0.00418000,14959.80000000
1561719600,1561723199,0.00419000,0.00427000,0.00405000,0.00409000,9489.80000000
1561723200,1561726799,0.00408000,0.00416000,0.00403000,0.00405000,24784.20000000
1561726800,1561730399,0.00406000,0.00408000,0.00399000,0.00408000,24254.90000000
1561730400,1561733999,0.00404000,0.00404000,0.00404000,0.00404000,6323.60000000
1561734000,1561737599,0.00405000,0.00408000,0.00405000,0.00405000,2456.40000000
1561737600,1561741199,0.00405000,0.00409000,0.00404000,0.00404000,530.20000000
1561741200,1561744799,0.00405000,0.00405000,0.00405000,0.00405000,523.40000000
1561744800,1561748399,0.00405000,0.00407000,0.00405000,0.00407000,1209.00000000
1561748400,1561751999,0.00407000,0.00412000,0.00405000,0.00407000,5939.50000000
1561752000,1561755599,0.00404000,0.00407000,0.00403000,0.00407000,2260.00000000
1561755600,1561759199,0.00404000,0.00404000,0.00404000,0.00404000,49.60000000
1561759200,1561762799,0.00400000,0.00400000,0.00399000,0.00400000,2176.90000000
1561762800,1561766399,0.00397000,0.00397000,0.00397000,0.00397000,52.80000000
1561766400,1561769999,0.00400000,0.00403000,0.00397000,0.00403000,3770.90000000
1561770000,1561773599,0.00403000,0.00403000,0.00392000,0.00394000,935.60000000
1561773600,1561777199,0.00390000,0.00394000,0.00390000,0.00394000,56.00000000
1561777200,1561780799,0.00400000,0.00405000,0.00392000,0.00396000,4115.20000000
1561780800,1561784399,0.00393000,0.00393000,0.00393000,0.00393000,522.00000000
1561784400,1561787999,0.00399000,0.00399000,0.00395000,0.00395000,829.80000000
1561788000,1561791599,0.00395000,0.00398000,0.00395000,0.00398000,1193.50000000
1561791600,1561795199,0.00398000,0.00405000,0.00398000,0.00405000,1091.50000000
1561795200,1561798799,0.00405000,0.00407000,0.00405000,0.00406000,3228.30000000
1561798800,1561802399,0.00402000,0.00406000,0.00402000,0.00406000,2594.60000000
1561802400,1561805999,0.00406000,0.00409000,0.00401000,0.00401000,9852.80000000
1561806000,1561809599,0.00404000,0.00415000,0.00397000,0.00397000,10076.20000000
1561809600,1561813199,0.00398000,0.00398000,0.00398000,0.00398000,1620.90000000
1561813200,1561816799,0.00401000,0.00401000,0.00396000,0.00397000,5548.20000000
1561816800,1561820399,0.00397000,0.00404000,0.00396000,0.00404000,8195.30000000
1561820400,1561823999,0.00404000,0.00407000,0.00396000,0.00402000,13191.30000000
1561824000,1561827599,0.00398000,0.00399000,0.00395000,0.00395000,112.00000000
1561827600,1561831199,0.00395000,0.00395000,0.00388000,0.00388000,36183.00000000
1561831200,1561834799,0.00388000,0.00397000,0.00385000,0.00387000,3854.50000000
1561834800,1561838399,0.00385000,0.00388000,0.00384000,0.00388000,1113.30000000
1561838400,1561841999,0.00389000,0.00389000,0.00386000,0.00386000,2111.00000000
1561842000,1561845599,0.00384000,0.00392000,0.00384000,0.00392000,400.60000000
1561845600,1561849199,0.00388000,0.00388000,0.00385000,0.00385000,67.00000000
1561849200,1561852799,0.00385000,0.00385000,0.00385000,0.00385000,2627.20000000
1561852800,1561856399,0.00393000,0.00402000,0.00392000,0.00395000,5268.80000000
1561856400,1561859999,0.00395000,0.00395000,0.00394000,0.00395000,2942.30000000
1561860000,1561863599,0.00400000,0.00401000,0.00400000,0.00401000,202.90000000
1561863600,1561867199,0.00401000,0.00403000,0.00398000,0.00398000,1780.40000000
1561867200,1561870799,0.00398000,0.00404000,0.00398000,0.00404000,471.40000000
1561870800,1561874399,0.00404000,0.00404000,0.00404000,0.00404000,0.00000000
1561874400,1561877999,0.00396000,0.00396000,0.00396000,0.00396000,30.80000000
1561878000,1561881599,0.00398000,0.00398000,0.00398000,0.00398000,275.00000000
1561881600,1561885199,0.00397000,0.00397000,0.00396000,0.00396000,198.30000000
1561885200,1561888799,0.00396000,0.00396000,0.00396000,0.00396000,0.00000000
1561888800,1561892399,0.00402000,0.00412000,0.00402000,0.00402000,13855.40000000
1561892400,1561895999,0.00403000,0.00416000,0.00403000,0.00407000,83610.50000000
1561896000,1561899599,0.00406000,0.00409000,0.00406000,0.00409000,5679.40000000
1561899600,1561903199,0.00409000,0.00417000,0.00402000,0.00406000,86896.50000000
1561903200,1561906799,0.00407000,0.00407000,0.00399000,0.00399000,16420.00000000
1561906800,1561910399,0.00402000,0.00404000,0.00402000,0.00404000,935.50000000
1561910400,1561913999,0.00404000,0.00404000,0.00404000,0.00404000,314.80000000
1561914000,1561917599,0.00405000,0.00405000,0.00405000,0.00405000,445.40000000
1561917600,1561921199,0.00400000,0.00400000,0.00400000,0.00400000,972.60000000
1561921200,1561924799,0.00400000,0.00404000,0.00399000,0.00404000,6633.60000000
1561924800,1561928399,0.00401000,0.00403000,0.00397000,0.00399000,3366.60000000
1561928400,1561931999,0.00399000,0.00407000,0.00396000,0.00407000,10606.60000000
1561932000,1561935599,0.00406000,0.00406000,0.00398000,0.00398000,1965.10000000
1561935600,1561939199,0.00398000,0.00400000,0.00398000,0.00398000,3928.50000000
1561939200,1561942799,0.00407000,0.00412000,0.00403000,0.00410000,7906.10000000
1561942800,1561946399,0.00412000,0.00416000,0.00409000,0.00409000,15835.20000000
1561946400,1561949999,0.00413000,0.00413000,0.00409000,0.00409000,436.90000000
1561950000,1561953599,0.00409000,0.00410000,0.00406000,0.00406000,1339.10000000
1561953600,1561957199,0.00410000,0.00414000,0.00409000,0.00412000,1955.80000000
1561957200,1561960799,0.00415000,0.00416000,0.00415000,0.00416000,1227.80000000
1561960800,1561964399,0.00410000,0.00416000,0.00410000,0.00415000,1327.20000000
1561964400,1561967999,0.00415000,0.00415000,0.00414000,0.00414000,121.20000000
1561968000,1561971599,0.00410000,0.00410000,0.00403000,0.00403000,3336.40000000
1561971600,1561975199,0.00399000,0.00414000,0.00398000,0.00406000,2509.90000000
1561975200,1561978799,0.00406000,0.00406000,0.00398000,0.00398000,3648.60000000
1561978800,1561982399,0.00404000,0.00409000,0.00404000,0.00409000,150.00000000
1561982400,1561985999,0.00399000,0.00401000,0.00397000,0.00397000,398.40000000
1561986000,1561989599,0.00396000,0.00396000,0.00395000,0.00396000,454.90000000
1561989600,1561993199,0.00396000,0.00397000,0.00390000,0.00390000,5782.50000000
1561993200,1561996799,0.00390000,0.00395000,0.00387000,0.00394000,2257.00000000
1561996800,1562000399,0.00395000,0.00395000,0.00395000,0.00395000,500.10000000
1562000400,1562003999,0.00394000,0.00394000,0.00390000,0.00390000,3122.40000000
1562004000,1562007599,0.00389000,0.00389000,0.00385000,0.00385000,6106.70000000
1562007600,1562011199,0.00385000,0.00399000,0.00382000,0.00384000,11297.40000000
1562011200,1562014799,0.00386000,0.00388000,0.00386000,0.00388000,518.20000000
1562014800,1562018399,0.00388000,0.00391000,0.00388000,0.00391000,3427.00000000
1562018400,1562021999,0.00391000,0.00391000,0.00391000,0.00391000,0.00000000
1562022000,1562025599,0.00387000,0.00390000,0.00387000,0.00390000,457.00000000
1562025600,1562029199,0.00392000,0.00394000,0.00391000,0.00391000,389.00000000
1562029200,1562032799,0.00388000,0.00388000,0.00388000,0.00388000,2310.00000000
1562032800,1562036399,0.00390000,0.00390000,0.00389000,0.00389000,544.40000000
1562036400,1562039999,0.00390000,0.00391000,0.00388000,0.00388000,4785.70000000
1562040000,1562043599,0.00389000,0.00389000,0.00376000,0.00380000,9216.30000000
1562043600,1562047199,0.00381000,0.00381000,0.00354000,0.00381000,49493.60000000
1562047200,1562050799,0.00373000,0.00390000,0.00373000,0.00388000,10119.60000000
1562050800,1562054399,0.00388000,0.00388000,0.00388000,0.00388000,0.00000000
1562054400,1562057999,0.00391000,0.00394000,0.00391000,0.00393000,2888.20000000
1562058000,1562061599,0.00390000,0.00391000,0.00389000,0.00391000,1038.00000000
1562061600,1562065199,0.00391000,0.00391000,0.00389000,0.00389000,817.60000000
1562065200,1562068799,0.00390000,0.00392000,0.00390000,0.00392000,797.40000000
1562068800,1562072399,0.00395000,0.00395000,0.00395000,0.00395000,1747.40000000
1562072400,1562075999,0.00395000,0.00408000,0.00395000,0.00399000,3935.90000000
1562076000,1562079599,0.00399000,0.00400000,0.00389000,0.00394000,10822.60000000
1562079600,1562083199,0.00393000,0.00394000,0.00391000,0.00394000,4135.10000000
1562083200,1562086799,0.00394000,0.00394000,0.00385000,0.00385000,1257.30000000
1562086800,1562090399,0.00385000,0.00387000,0.00383000,0.00383000,11393.40000000
1562090400,1562093999,0.00382000,0.00382000,0.00382000,0.00382000,1036.60000000
1562094000,1562097599,0.00388000,0.00388000,0.00383000,0.00383000,3085.90000000
1562097600,1562101199,0.00382000,0.00382000,0.00382000,0.00382000,300.00000000
1562101200,1562104799,0.00381000,0.00386000,0.00381000,0.00386000,2757.40000000
1562104800,1562108399,0.00387000,0.00391000,0.00383000,0.00384000,2676.90000000
1562108400,1562111999,0.00385000,0.00385000,0.00385000,0.00385000,1390.00000000
1562112000,1562115599,0.00383000,0.00387000,0.00382000,0.00387000,1338.80000000
1562115600,1562119199,0.00383000,0.00388000,0.00383000,0.00383000,9138.30000000
1562119200,1562122799,0.00384000,0.00385000,0.00383000,0.00383000,2660.00000000
1562122800,1562126399,0.00389000,0.00389000,0.00385000,0.00386000,7319.00000000
1562126400,1562129999,0.00382000,0.00382000,0.00382000,0.00382000,884.00000000
1562130000,1562133599,0.00384000,0.00395000,0.00384000,0.00395000,1833.10000000
1562133600,1562137199,0.00396000,0.00407000,0.00384000,0.00385000,6051.40000000
1562137200,1562140799,0.00386000,0.00387000,0.00382000,0.00385000,2842.90000000
1562140800,1562144399,0.00385000,0.00385000,0.00385000,0.00385000,0.00000000
1562144400,1562147999,0.00385000,0.00385000,0.00382000,0.00382000,5150.00000000
1562148000,1562151599,0.00382000,0.00384000,0.00382000,0.00384000,244.10000000
1562151600,1562155199,0.00385000,0.00385000,0.00384000,0.00384000,504.30000000
1562155200,1562158799,0.00383000,0.00402000,0.00382000,0.00383000,1611.10000000
1562158800,1562162399,0.00384000,0.00387000,0.00384000,0.00387000,3708.20000000
1562162400,1562165999,0.00387000,0.00403000,0.00382000,0.00399000,5010.80000000
1562166000,1562169599,0.00399000,0.00399000,0.00399000,0.00399000,0.00000000
1562169600,1562173199,0.00390000,0.00394000,0.00385000,0.00390000,1119.60000000
1562173200,1562176799,0.00391000,0.00410000,0.00390000,0.00403000,37272.80000000
1562176800,1562180399,0.00405000,0.00405000,0.00391000,0.00402000,4056.70000000
1562180400,1562183999,0.00402000,0.00402000,0.00402000,0.00402000,0.00000000
1562184000,1562187599,0.00405000,0.00405000,0.00404000,0.00405000,4355.00000000
1562187600,1562191199,0.00396000,0.00396000,0.00394000,0.00394000,8164.30000000
1562191200,1562194799,0.00396000,0.00396000,0.00381000,0.00382000,9674.30000000
1562194800,1562198399,0.00384000,0.00392000,0.00384000,0.00392000,1743.80000000
1562198400,1562201999,0.00392000,0.00392000,0.00392000,0.00392000,0.00000000
1562202000,1562205599,0.00393000,0.00404000,0.00393000,0.00404000,566.40000000
1562205600,1562209199,0.00403000,0.00403000,0.00402000,0.00402000,523.80000000
1562209200,1562212799,0.00401000,0.00401000,0.00395000,0.00395000,3460.40000000
1562212800,1562216399,0.00391000,0.00391000,0.00391000,0.00391000,263.80000000
1562216400,1562219999,0.00391000,0.00394000,0.00391000,0.00394000,732.40000000
1562220000,1562223599,0.00394000,0.00399000,0.00390000,0.00395000,5166.10000000
1562223600,1562227199,0.00395000,0.00395000,0.00395000,0.00395000,0.00000000
1562227200,1562230799,0.00384000,0.00384000,0.00374000,0.00376000,5574.40000000
1562230800,1562234399,0.00376000,0.00387000,0.00372000,0.00374000,9061.10000000
1562234400,1562237999,0.00375000,0.00377000,0.00375000,0.00377000,213.50000000
1562238000,1562241599,0.00374000,0.00374000,0.00364000,0.00366000,2335.20000000
1562241600,1562245199,0.00367000,0.00385000,0.00367000,0.00380000,3332.60000000
1562245200,1562248799,0.00380000,0.00387000,0.00380000,0.00386000,579.10000000
1562248800,1562252399,0.00386000,0.00386000,0.00380000,0.00380000,350.60000000
1562252400,1562255999,0.00380000,0.00395000,0.00376000,0.00384000,4458.40000000
1562256000,1562259599,0.00383000,0.00383000,0.00383000,0.00383000,31.00000000
1562259600,1562263199,0.00386000,0.00391000,0.00381000,0.00381000,725.50000000
1562263200,1562266799,0.00380000,0.00380000,0.00380000,0.00380000,26.50000000
1562266800,1562270399,0.00380000,0.00382000,0.00380000,0.00382000,46.90000000
1562270400,1562273999,0.00379000,0.00379000,0.00379000,0.00379000,348.10000000
1562274000,1562277599,0.00379000,0.00379000,0.00379000,0.00379000,0.00000000
1562277600,1562281199,0.00377000,0.00377000,0.00375000,0.00376000,385.40000000
1562281200,1562284799,0.00377000,0.00377000,0.00377000,0.00377000,296.30000000
1562284800,1562288399,0.00380000,0.00395000,0.00380000,0.00391000,6008.40000000
1562288400,1562291999,0.00390000,0.00395000,0.00388000,0.00393000,4019.00000000
1562292000,1562295599,0.00388000,0.00415000,0.00388000,0.00415000,9008.70000000
1562295600,1562299199,0.00410000,0.00416000,0.00398000,0.00398000,14523.40000000
1562299200,1562302799,0.00398000,0.00400000,0.00397000,0.00400000,886.20000000
1562302800,1562306399,0.00398000,0.00398000,0.00397000,0.00397000,646.00000000
1562306400,1562309999,0.00397000,0.00397000,0.00390000,0.00390000,8222.00000000
1562310000,1562313599,0.00394000,0.00400000,0.00394000,0.00397000,1718.60000000
1562313600,1562317199,0.00397000,0.00397000,0.00394000,0.00394000,320.00000000
1562317200,1562320799,0.00394000,0.00408000,0.00391000,0.00408000,2103.80000000
1562320800,1562324399,0.00408000,0.00408000,0.00402000,0.00403000,2700.90000000
1562324400,1562327999,0.00403000,0.00403000,0.00403000,0.00403000,147.10000000
1562328000,1562331599,0.00397000,0.00404000,0.00393000,0.00404000,3431.80000000
1562331600,1562335199,0.00408000,0.00418000,0.00408000,0.00413000,35071.00000000
1562335200,1562338799,0.00413000,0.00413000,0.00407000,0.00410000,2750.90000000
1562338800,1562342399,0.00412000,0.00415000,0.00412000,0.00415000,493.10000000
1562342400,1562345999,0.00416000,0.00432000,0.00415000,0.00432000,27923.60000000
1562346000,1562349599,0.00434000,0.00497000,0.00420000,0.00432000,230504.30000000
1562349600,1562353199,0.00430000,0.00430000,0.00420000,0.00420000,3623.70000000
1562353200,1562356799,0.00418000,0.00423000,0.00416000,0.00416000,13127.20000000
1562356800,1562360399,0.00414000,0.00417000,0.00414000,0.00416000,979.20000000
1562360400,1562363999,0.00414000,0.00414000,0.00408000,0.00411000,6074.10000000
1562364000,1562367599,0.00411000,0.00413000,0.00407000,0.00413000,134.80000000
1562367600,1562371199,0.00413000,0.00423000,0.00413000,0.00418000,4212.00000000
1562371200,1562374799,0.00421000,0.00421000,0.00408000,0.00409000,18602.90000000
1562374800,1562378399,0.00409000,0.00421000,0.00403000,0.00406000,84371.00000000
1562378400,1562381999,0.00407000,0.00415000,0.00407000,0.00415000,19119.30000000
1562382000,1562385599,0.00411000,0.00411000,0.00410000,0.00410000,94.80000000
1562385600,1562389199,0.00410000,0.00410000,0.00407000,0.00410000,1244.40000000
1562389200,1562392799,0.00412000,0.00412000,0.00410000,0.00410000,2644.80000000
1562392800,1562396399,0.00406000,0.00406000,0.00406000,0.00406000,51.50000000
1562396400,1562399999,0.00406000,0.00406000,0.00406000,0.00406000,0.00000000
1562400000,1562403599,0.00406000,0.00406000,0.00406000,0.00406000,0.00000000
1562403600,1562407199,0.00408000,0.00408000,0.00408000,0.00408000,1881.00000000
1562407200,1562410799,0.00407000,0.00416000,0.00407000,0.00407000,226.70000000
1562410800,1562414399,0.00407000,0.00407000,0.00407000,0.00407000,0.00000000
1562414400,1562417999,0.00415000,0.00415000,0.00408000,0.00408000,114.30000000
1562418000,1562421599,0.00412000,0.00412000,0.00409000,0.00409000,564.40000000
1562421600,1562425199,0.00409000,0.00409000,0.00408000,0.00408000,1112.40000000
1562425200,1562428799,0.00409000,0.00409000,0.00408000,0.00408000,4452.00000000
1562428800,1562432399,0.00413000,0.00414000,0.00412000,0.00412000,575.80000000
1562432400,1562435999,0.00408000,0.00413000,0.00408000,0.00408000,7718.40000000
1562436000,1562439599,0.00408000,0.00409000,0.00408000,0.00409000,117.60000000
1562439600,1562443199,0.00409000,0.00419000,0.00409000,0.00417000,18763.50000000
1562443200,1562446799,0.00417000,0.00417000,0.00417000,0.00417000,0.00000000
1562446800,1562450399,0.00415000,0.00416000,0.00411000,0.00411000,5334.70000000
1562450400,1562453999,0.00411000,0.00411000,0.00408000,0.00408000,1956.30000000
1562454000,1562457599,0.00412000,0.00417000,0.00412000,0.00417000,1698.50000000
1562457600,1562461199,0.00412000,0.00412000,0.00411000,0.00411000,2284.90000000
1562461200,1562464799,0.00408000,0.00409000,0.00408000,0.00409000,946.40000000
1562464800,1562468399,0.00409000,0.00410000,0.00409000,0.00410000,3821.30000000
1562468400,1562471999,0.00410000,0.00410000,0.00410000,0.00410000,0.00000000
1562472000,1562475599,0.00410000,0.00410000,0.00410000,0.00410000,243.90000000
1562475600,1562479199,0.00410000,0.00410000,0.00410000,0.00410000,346.70000000
1562479200,1562482799,0.00410000,0.00410000,0.00410000,0.00410000,0.00000000
1562482800,1562486399,0.00410000,0.00410000,0.00410000,0.00410000,0.00000000
1562486400,1562489999,0.00408000,0.00408000,0.00408000,0.00408000,3916.00000000
1562490000,1562493599,0.00404000,0.00404000,0.00404000,0.00404000,1500.00000000
1562493600,1562497199,0.00407000,0.00407000,0.00407000,0.00407000,74.00000000
1562497200,1562500799,0.00407000,0.00407000,0.00407000,0.00407000,0.00000000
1562500800,1562504399,0.00403000,0.00403000,0.00403000,0.00403000,51.10000000
1562504400,1562507999,0.00403000,0.00403000,0.00403000,0.00403000,0.00000000
1562508000,1562511599,0.00403000,0.00403000,0.00400000,0.00403000,5229.70000000
1562511600,1562515199,0.00403000,0.00406000,0.00403000,0.00404000,2093.00000000
1562515200,1562518799,0.00404000,0.00404000,0.00404000,0.00404000,0.00000000
1562518800,1562522399,0.00410000,0.00410000,0.00410000,0.00410000,28.00000000
1562522400,1562525999,0.00410000,0.00410000,0.00410000,0.00410000,0.00000000
1562526000,1562529599,0.00413000,0.00413000,0.00412000,0.00412000,449.30000000
1562529600,1562533199,0.00414000,0.00414000,0.00410000,0.00410000,1206.20000000
1562533200,1562536799,0.00410000,0.00410000,0.00410000,0.00410000,0.00000000
1562536800,1562540399,0.00410000,0.00410000,0.00410000,0.00410000,1172.30000000
1562540400,1562543999,0.00410000,0.00410000,0.00410000,0.00410000,0.00000000
1562544000,1562547599,0.00410000,0.00410000,0.00410000,0.00410000,0.00000000
1562547600,1562551199,0.00410000,0.00410000,0.00410000,0.00410000,0.00000000
1562551200,1562554799,0.00410000,0.00410000,0.00410000,0.00410000,0.00000000
1562554800,1562558399,0.00410000,0.00410000,0.00410000,0.00410000,0.00000000
1562558400,1562561999,0.00416000,0.00416000,0.00412000,0.00412000,673.90000000
1562562000,1562565599,0.00412000,0.00412000,0.00412000,0.00412000,0.00000000
1562565600,1562569199,0.00412000,0.00412000,0.00408000,0.00408000,574.50000000
1562569200,1562572799,0.00409000,0.00412000,0.00409000,0.00412000,3120.50000000
1562572800,1562576399,0.00407000,0.00417000,0.00407000,0.00417000,5247.20000000
1562576400,1562579999,0.00419000,0.00419000,0.00400000,0.00408000,5254.00000000
1562580000,1562583599,0.00406000,0.00406000,0.00399000,0.00399000,937.70000000
1562583600,1562587199,0.00400000,0.00403000,0.00399000,0.00399000,593.70000000
1562587200,1562590799,0.00398000,0.00398000,0.00397000,0.00397000,64.00000000
1562590800,1562594399,0.00397000,0.00401000,0.00396000,0.00400000,965.00000000
1562594400,1562597999,0.00402000,0.00402000,0.00398000,0.00398000,968.00000000
1562598000,1562601599,0.00398000,0.00398000,0.00398000,0.00398000,0.00000000
1562601600,1562605199,0.00398000,0.00398000,0.00398000,0.00398000,0.00000000
1562605200,1562608799,0.00402000,0.00402000,0.00402000,0.00402000,94.50000000
1562608800,1562612399,0.00402000,0.00410000,0.00402000,0.00410000,826.90000000
1562612400,1562615999,0.00409000,0.00409000,0.00407000,0.00407000,3232.00000000
1562616000,1562619599,0.00407000,0.00407000,0.00407000,0.00407000,536.00000000
1562619600,1562623199,0.00404000,0.00404000,0.00404000,0.00404000,168.80000000
1562623200,1562626799,0.00408000,0.00408000,0.00408000,0.00408000,2330.80000000
1562626800,1562630399,0.00408000,0.00408000,0.00408000,0.00408000,0.00000000
1562630400,1562633999,0.00400000,0.00400000,0.00400000,0.00400000,36.00000000
1562634000,1562637599,0.00400000,0.00403000,0.00398000,0.00403000,748.60000000
1562637600,1562641199,0.00408000,0.00408000,0.00408000,0.00408000,105.90000000
1562641200,1562644799,0.00408000,0.00408000,0.00408000,0.00408000,0.00000000
1562644800,1562648399,0.00409000,0.00409000,0.00409000,0.00409000,330.60000000
1562648400,1562651999,0.00403000,0.00413000,0.00403000,0.00405000,2887.80000000
1562652000,1562655599,0.00403000,0.00408000,0.00403000,0.00408000,1047.90000000
1562655600,1562659199,0.00404000,0.00407000,0.00398000,0.00407000,875.20000000
1562659200,1562662799,0.00406000,0.00407000,0.00401000,0.00401000,140.50000000
1562662800,1562666399,0.00401000,0.00401000,0.00401000,0.00401000,0.00000000
1562666400,1562669999,0.00398000,0.00403000,0.00392000,0.00396000,5393.10000000
1562670000,1562673599,0.00399000,0.00399000,0.00398000,0.00398000,1417.30000000
1562673600,1562677199,0.00401000,0.00409000,0.00401000,0.00402000,1604.20000000
1562677200,1562680799,0.00405000,0.00405000,0.00405000,0.00405000,312.00000000
1562680800,1562684399,0.00405000,0.00405000,0.00405000,0.00405000,261.50000000
1562684400,1562687999,0.00405000,0.00405000,0.00405000,0.00405000,0.00000000
1562688000,1562691599,0.00411000,0.00411000,0.00410000,0.00410000,2801.70000000
1562691600,1562695199,0.00407000,0.00407000,0.00401000,0.00401000,1018.80000000
1562695200,1562698799,0.00401000,0.00401000,0.00401000,0.00401000,0.00000000
1562698800,1562702399,0.00413000,0.00413000,0.00413000,0.00413000,1410.50000000
1562702400,1562705999,0.00413000,0.00413000,0.00413000,0.00413000,0.00000000
1562706000,1562709599,0.00413000,0.00413000,0.00413000,0.00413000,0.00000000
1562709600,1562713199,0.00404000,0.00404000,0.00404000,0.00404000,216.00000000
1562713200,1562716799,0.00404000,0.00404000,0.00404000,0.00404000,0.00000000
1562716800,1562720399,0.00408000,0.00416000,0.00408000,0.00416000,856.00000000
1562720400,1562723999,0.00414000,0.00414000,0.00410000,0.00413000,3282.80000000
1562724000,1562727599,0.00413000,0.00416000,0.00413000,0.00416000,1598.70000000
1562727600,1562731199,0.00420000,0.00424000,0.00420000,0.00424000,56.00000000
1562731200,1562734799,0.00428000,0.00430000,0.00423000,0.00430000,951.00000000
1562734800,1562738399,0.00430000,0.00430000,0.00428000,0.00429000,3442.20000000
1562738400,1562741999,0.00427000,0.00427000,0.00426000,0.00426000,70.40000000
1562742000,1562745599,0.00426000,0.00426000,0.00426000,0.00426000,0.00000000
1562745600,1562749199,0.00420000,0.00420000,0.00420000,0.00420000,1114.00000000
1562749200,1562752799,0.00425000,0.00425000,0.00416000,0.00416000,1357.10000000
1562752800,1562756399,0.00416000,0.00416000,0.00416000,0.00416000,0.00000000
1562756400,1562759999,0.00416000,0.00416000,0.00416000,0.00416000,282.40000000
1562760000,1562763599,0.00424000,0.00425000,0.00411000,0.00411000,3338.60000000
1562763600,1562767199,0.00427000,0.00427000,0.00415000,0.00415000,108.10000000
1562767200,1562770799,0.00411000,0.00411000,0.00410000,0.00410000,3308.80000000
1562770800,1562774399,0.00410000,0.00413000,0.00410000,0.00411000,43811.70000000
1562774400,1562777999,0.00411000,0.00441000,0.00411000,0.00434000,5617.90000000
1562778000,1562781599,0.00423000,0.00426000,0.00408000,0.00409000,2199.90000000
1562781600,1562785199,0.00413000,0.00426000,0.00413000,0.00419000,197.80000000
1562785200,1562788799,0.00415000,0.00415000,0.00415000,0.00415000,1151.50000000
1562788800,1562792399,0.00425000,0.00425000,0.00425000,0.00425000,427.00000000
1562792400,1562795999,0.00410000,0.00410000,0.00405000,0.00409000,242.80000000
1562796000,1562799599,0.00409000,0.00409000,0.00409000,0.00409000,0.00000000
1562799600,1562803199,0.00403000,0.00403000,0.00397000,0.00401000,407.40000000
1562803200,1562806799,0.00401000,0.00401000,0.00401000,0.00401000,0.00000000
1562806800,1562810399,0.00401000,0.00401000,0.00401000,0.00401000,0.00000000
1562810400,1562813999,0.00401000,0.00401000,0.00401000,0.00401000,0.00000000
1562814000,1562817599,0.00401000,0.00401000,0.00401000,0.00401000,0.00000000
1562817600,1562821199,0.00396000,0.00411800,0.00390000,0.00393700,2196.00000000
1562821200,1562824799,0.00389200,0.00399000,0.00385100,0.00385300,3030.00000000
1562824800,1562828399,0.00388900,0.00390000,0.00383400,0.00387000,6051.00000000
1562828400,1562831999,0.00387000,0.00387000,0.00387000,0.00387000,0.00000000
1562832000,1562835599,0.00387000,0.00387000,0.00387000,0.00387000,0.00000000
1562835600,1562839199,0.00387000,0.00387000,0.00387000,0.00387000,0.00000000
1562839200,1562842799,0.00387000,0.00387000,0.00387000,0.00387000,0.00000000
1562842800,1562846399,0.00387200,0.00387200,0.00387200,0.00387200,596.00000000
1562846400,1562849999,0.00392700,0.00394700,0.00392700,0.00394700,281.00000000
1562850000,1562853599,0.00394700,0.00394700,0.00394700,0.00394700,0.00000000
1562853600,1562857199,0.00394700,0.00394700,0.00394700,0.00394700,0.00000000
1562857200,1562860799,0.00399500,0.00403300,0.00399500,0.00403300,431.00000000
1562860800,1562864399,0.00397100,0.00397100,0.00397100,0.00397100,100.00000000
1562864400,1562867999,0.00397100,0.00397100,0.00397100,0.00397100,0.00000000
1562868000,1562871599,0.00398500,0.00400800,0.00398500,0.00400800,567.00000000
1562871600,1562875199,0.00400800,0.00400800,0.00400800,0.00400800,0.00000000
1562875200,1562878799,0.00388500,0.00388500,0.00384900,0.00388500,336.00000000
1562878800,1562882399,0.00388500,0.00388500,0.00388500,0.00388500,0.00000000
1562882400,1562885999,0.00384100,0.00393800,0.00383000,0.00393800,196.00000000
1562886000,1562889599,0.00384700,0.00384700,0.00382100,0.00383000,714.00000000
1562889600,1562893199,0.00385700,0.00385700,0.00376100,0.00378000,3636.60000000
1562893200,1562896799,0.00378000,0.00379600,0.00373400,0.00373400,140.50000000
1562896800,1562900399,0.00373400,0.00376900,0.00351000,0.00351000,26598.00000000
1562900400,1562903999,0.00351000,0.00358100,0.00339900,0.00358100,28876.90000000
1562904000,1562907599,0.00358100,0.00362900,0.00344700,0.00344700,923.00000000
1562907600,1562911199,0.00344700,0.00348300,0.00338400,0.00348300,993.00000000
1562911200,1562914799,0.00348300,0.00348300,0.00348300,0.00348300,0.00000000
1562914800,1562918399,0.00355000,0.00355900,0.00355000,0.00355000,283.00000000
1562918400,1562921999,0.00362900,0.00362900,0.00362900,0.00362900,1170.00000000
1562922000,1562925599,0.00362900,0.00366400,0.00361700,0.00366400,36889.00000000
1562925600,1562929199,0.00367400,0.00367400,0.00364100,0.00364100,732.00000000
1562929200,1562932799,0.00356700,0.00356700,0.00356700,0.00356700,3145.00000000
1562932800,1562936399,0.00356700,0.00364900,0.00356700,0.00364900,2369.00000000
1562936400,1562939999,0.00360000,0.00364900,0.00360000,0.00364900,1829.00000000
1562940000,1562943599,0.00364900,0.00364900,0.00364900,0.00364900,0.00000000
1562943600,1562947199,0.00358300,0.00358300,0.00358200,0.00358200,693.00000000
1562947200,1562950799,0.00358200,0.00358200,0.00358200,0.00358200,0.00000000
1562950800,1562954399,0.00365100,0.00365100,0.00365100,0.00365100,119.00000000
1562954400,1562957999,0.00365100,0.00365100,0.00365100,0.00365100,0.00000000
1562958000,1562961599,0.00376000,0.00376000,0.00376000,0.00376000,27.00000000
1562961600,1562965199,0.00376000,0.00376000,0.00376000,0.00376000,0.00000000
1562965200,1562968799,0.00376000,0.00376000,0.00376000,0.00376000,0.00000000
1562968800,1562972399,0.00376000,0.00376000,0.00376000,0.00376000,0.00000000
1562972400,1562975999,0.00376000,0.00376000,0.00376000,0.00376000,0.00000000
1562976000,1562979599,0.00364900,0.00365000,0.00360100,0.00360100,3132.00000000
1562979600,1562983199,0.00360100,0.00360100,0.00360100,0.00360100,0.00000000
1562983200,1562986799,0.00361000,0.00367900,0.00361000,0.00367900,1319.00000000
1562986800,1562990399,0.00361000,0.00361000,0.00361000,0.00361000,225.00000000
1562990400,1562993999,0.00361000,0.00361000,0.00361000,0.00361000,0.00000000
1562994000,1562997599,0.00361000,0.00361000,0.00361000,0.00361000,0.00000000
1562997600,1563001199,0.00368800,0.00368900,0.00368800,0.00368900,429.00000000
1563001200,1563004799,0.00368900,0.00368900,0.00368900,0.00368900,0.00000000
1563004800,1563008399,0.00368900,0.00368900,0.00368900,0.00368900,0.00000000
1563008400,1563011999,0.00368900,0.00368900,0.00368900,0.00368900,0.00000000
1563012000,1563015599,0.00368900,0.00368900,0.00368900,0.00368900,0.00000000
1563015600,1563019199,0.00368900,0.00368900,0.00368900,0.00368900,0.00000000
1563019200,1563022799,0.00364200,0.00364200,0.00364200,0.00364200,30.00000000
1563022800,1563026399,0.00363400,0.00363500,0.00363400,0.00363500,576.00000000
1563026400,1563029999,0.00363500,0.00363500,0.00363500,0.00363500,0.00000000
1563030000,1563033599,0.00363000,0.00363000,0.00363000,0.00363000,1510.00000000
1563033600,1563037199,0.00363000,0.00363000,0.00363000,0.00363000,0.00000000
1563037200,1563040799,0.00371900,0.00371900,0.00371900,0.00371900,110.00000000
1563040800,1563044399,0.00371900,0.00371900,0.00371900,0.00371900,0.00000000
1563044400,1563047999,0.00373900,0.00381000,0.00373900,0.00381000,404.00000000
1563048000,1563051599,0.00370900,0.00370900,0.00362400,0.00362400,165.00000000
1563051600,1563055199,0.00359100,0.00359100,0.00352100,0.00352100,3025.00000000
1563055200,1563058799,0.00359400,0.00359400,0.00356400,0.00356400,911.00000000
1563058800,1563062399,0.00355400,0.00355400,0.00355400,0.00355400,1028.00000000
1563062400,1563065999,0.00359000,0.00359000,0.00359000,0.00359000,530.00000000
1563066000,1563069599,0.00359000,0.00359000,0.00359000,0.00359000,0.00000000
1563069600,1563073199,0.00359000,0.00359000,0.00359000,0.00359000,0.00000000
1563073200,1563076799,0.00359000,0.00359000,0.00359000,0.00359000,0.00000000
1563076800,1563080399,0.00359000,0.00359000,0.00359000,0.00359000,39.00000000
1563080400,1563083999,0.00359000,0.00359100,0.00359000,0.00359100,5712.00000000
1563084000,1563087599,0.00379000,0.00403500,0.00375000,0.00384800,41819.00000000
1563087600,1563091199,0.00384800,0.00389000,0.00384800,0.00386600,4405.00000000
1563091200,1563094799,0.00382300,0.00384100,0.00382100,0.00384100,1435.00000000
1563094800,1563098399,0.00380200,0.00384300,0.00376100,0.00376100,2260.00000000
1563098400,1563101999,0.00376100,0.00376100,0.00376100,0.00376100,124.00000000
1563102000,1563105599,0.00368600,0.00368600,0.00366300,0.00366300,1100.00000000
1563105600,1563109199,0.00366300,0.00366300,0.00366300,0.00366300,0.00000000
1563109200,1563112799,0.00372900,0.00372900,0.00365000,0.00371000,8317.00000000
1563112800,1563116399,0.00364500,0.00364500,0.00364500,0.00364500,50.00000000
1563116400,1563119999,0.00357700,0.00357700,0.00357700,0.00357700,103.00000000
1563120000,1563123599,0.00372900,0.00390100,0.00363100,0.00390100,10304.00000000
1563123600,1563127199,0.00391000,0.00391000,0.00362200,0.00362300,382.00000000
1563127200,1563130799,0.00375100,0.00375100,0.00362600,0.00364300,3525.00000000
1563130800,1563134399,0.00382300,0.00391900,0.00379500,0.00379500,1241.00000000
1563134400,1563137999,0.00379500,0.00379500,0.00367100,0.00367100,2727.00000000
1563138000,1563141599,0.00367100,0.00367100,0.00367100,0.00367100,0.00000000
1563141600,1563145199,0.00387600,0.00387600,0.00365100,0.00368100,1574.00000000
1563145200,1563148799,0.00368100,0.00368100,0.00368100,0.00368100,1721.00000000
1563148800,1563152399,0.00387600,0.00409100,0.00387600,0.00409100,3116.00000000
1563152400,1563155999,0.00408700,0.00450000,0.00382000,0.00436000,17387.00000000
1563156000,1563159599,0.00437400,0.00437400,0.00413000,0.00417600,16864.00000000
1563159600,1563163199,0.00413700,0.00413700,0.00400000,0.00400300,8863.00000000
1563163200,1563166799,0.00407300,0.00407300,0.00398000,0.00398000,989.00000000
1563166800,1563170399,0.00394600,0.00404800,0.00394200,0.00400500,3525.00000000
1563170400,1563173999,0.00393500,0.00403700,0.00393500,0.00401000,1205.00000000
1563174000,1563177599,0.00397900,0.00398000,0.00390100,0.00393800,3578.00000000
1563177600,1563181199,0.00388400,0.00395700,0.00387700,0.00388000,5719.00000000
1563181200,1563184799,0.00397000,0.00397000,0.00397000,0.00397000,57.00000000
1563184800,1563188399,0.00390200,0.00390200,0.00387400,0.00387400,1158.00000000
1563188400,1563191999,0.00381200,0.00381200,0.00381200,0.00381200,783.00000000
1563192000,1563195599,0.00385200,0.00385200,0.00383700,0.00383700,308.00000000
1563195600,1563199199,0.00382500,0.00413600,0.00382500,0.00399600,6600.00000000
1563199200,1563202799,0.00398900,0.00415500,0.00394500,0.00398900,11686.00000000
1563202800,1563206399,0.00397000,0.00400800,0.00391000,0.00391000,37489.00000000
1563206400,1563209999,0.00390800,0.00409000,0.00385100,0.00385100,1807.00000000
1563210000,1563213599,0.00387800,0.00387800,0.00385000,0.00385000,1342.00000000
1563213600,1563217199,0.00392800,0.00392800,0.00385000,0.00385000,3821.00000000
1563217200,1563220799,0.00392900,0.00392900,0.00385100,0.00386500,4383.00000000
1563220800,1563224399,0.00387300,0.00387300,0.00385500,0.00385500,356.00000000
1563224400,1563227999,0.00386200,0.00386200,0.00386200,0.00386200,1811.00000000
1563228000,1563231599,0.00386200,0.00386200,0.00386200,0.00386200,0.00000000
1563231600,1563235199,0.00386400,0.00392900,0.00385000,0.00385000,13605.00000000
1563235200,1563238799,0.00385000,0.00392700,0.00372300,0.00373600,24555.00000000
1563238800,1563242399,0.00377800,0.00385000,0.00377800,0.00385000,1306.00000000
1563242400,1563245999,0.00385000,0.00388100,0.00382200,0.00382200,1456.00000000
1563246000,1563249599,0.00381000,0.00386600,0.00378300,0.00380300,7566.00000000
1563249600,1563253199,0.00382400,0.00382400,0.00382400,0.00382400,2415.00000000
1563253200,1563256799,0.00382400,0.00382400,0.00382400,0.00382400,0.00000000
1563256800,1563260399,0.00382400,0.00382400,0.00382400,0.00382400,0.00000000
1563260400,1563263999,0.00379400,0.00379400,0.00377000,0.00377000,1431.00000000
1563264000,1563267599,0.00377000,0.00377000,0.00377000,0.00377000,0.00000000
1563267600,1563271199,0.00377000,0.00377000,0.00377000,0.00377000,0.00000000
1563271200,1563274799,0.00386000,0.00386000,0.00381000,0.00381000,518.00000000
1563274800,1563278399,0.00381000,0.00381000,0.00381000,0.00381000,3.00000000
1563278400,1563281999,0.00383900,0.00384600,0.00375900,0.00379600,9016.00000000
1563282000,1563285599,0.00375300,0.00375300,0.00375300,0.00375300,28.00000000
1563285600,1563289199,0.00382900,0.00382900,0.00382900,0.00382900,36.00000000
1563289200,1563292799,0.00382900,0.00382900,0.00382900,0.00382900,0.00000000
1563292800,1563296399,0.00375300,0.00375300,0.00370200,0.00371400,4653.00000000
1563296400,1563299999,0.00371400,0.00377700,0.00371200,0.00371900,5230.00000000
1563300000,1563303599,0.00371900,0.00371900,0.00366200,0.00366200,2029.00000000
1563303600,1563307199,0.00366200,0.00369600,0.00366200,0.00366600,1153.00000000
1563307200,1563310799,0.00367100,0.00376200,0.00367100,0.00376200,921.00000000
1563310800,1563314399,0.00376200,0.00376200,0.00376200,0.00376200,0.00000000
1563314400,1563317999,0.00371600,0.00371900,0.00355300,0.00358300,64960.00000000
1563318000,1563321599,0.00358100,0.00361700,0.00357800,0.00360200,24788.00000000
1563321600,1563325199,0.00357500,0.00359900,0.00355700,0.00357000,1408.00000000
1563325200,1563328799,0.00357700,0.00357700,0.00349700,0.00350600,6388.00000000
1563328800,1563332399,0.00350700,0.00360000,0.00349400,0.00360000,6543.00000000
1563332400,1563335999,0.00353000,0.00353400,0.00350100,0.00353400,114.00000000
1563336000,1563339599,0.00353900,0.00353900,0.00353900,0.00353900,110.00000000
1563339600,1563343199,0.00353900,0.00353900,0.00353900,0.00353900,0.00000000
1563343200,1563346799,0.00353900,0.00353900,0.00353900,0.00353900,0.00000000
1563346800,1563350399,0.00353900,0.00353900,0.00353900,0.00353900,0.00000000
1563350400,1563353999,0.00355300,0.00355300,0.00355300,0.00355300,284.00000000
1563354000,1563357599,0.00355300,0.00355300,0.00355300,0.00355300,0.00000000
1563357600,1563361199,0.00351100,0.00357900,0.00351100,0.00357900,1174.00000000
1563361200,1563364799,0.00357900,0.00357900,0.00357900,0.00357900,0.00000000
1563364800,1563368399,0.00349900,0.00352700,0.00338400,0.00341600,5241.00000000
1563368400,1563371999,0.00338400,0.00342300,0.00337600,0.00340800,2052.00000000
1563372000,1563375599,0.00338100,0.00345800,0.00332800,0.00336700,3501.00000000
1563375600,1563379199,0.00333200,0.00342300,0.00332100,0.00342300,2283.00000000
1563379200,1563382799,0.00338300,0.00345200,0.00337000,0.00345200,894.00000000
1563382800,1563386399,0.00348500,0.00349600,0.00345200,0.00345200,434.00000000
1563386400,1563389999,0.00349900,0.00349900,0.00338500,0.00338500,1205.00000000
1563390000,1563393599,0.00338600,0.00339400,0.00336100,0.00339400,3245.00000000
1563393600,1563397199,0.00342700,0.00342700,0.00342700,0.00342700,1016.00000000
1563397200,1563400799,0.00342700,0.00342700,0.00342700,0.00342700,84.00000000
1563400800,1563404399,0.00336000,0.00340500,0.00332400,0.00340500,4324.00000000
1563404400,1563407999,0.00333800,0.00333900,0.00328300,0.00333200,2342.00000000
1563408000,1563411599,0.00329300,0.00330700,0.00322400,0.00330700,4949.00000000
1563411600,1563415199,0.00332600,0.00335800,0.00329000,0.00331800,7430.00000000
1563415200,1563418799,0.00331800,0.00331800,0.00331800,0.00331800,0.00000000
1563418800,1563422399,0.00337500,0.00337500,0.00337500,0.00337500,30.00000000
1563422400,1563425999,0.00337900,0.00339100,0.00337900,0.00339100,334.00000000
1563426000,1563429599,0.00346800,0.00355900,0.00346800,0.00352700,3393.00000000
1563429600,1563433199,0.00346900,0.00347900,0.00346800,0.00346800,4476.00000000
1563433200,1563436799,0.00339100,0.00339100,0.00331000,0.00331000,930.00000000
1563436800,1563440399,0.00331000,0.00331000,0.00331000,0.00331000,0.00000000
1563440400,1563443999,0.00331000,0.00331000,0.00331000,0.00331000,0.00000000
1563444000,1563447599,0.00331000,0.00331000,0.00331000,0.00331000,0.00000000
1563447600,1563451199,0.00330600,0.00330600,0.00324000,0.00327000,653.00000000
1563451200,1563454799,0.00327900,0.00328600,0.00313900,0.00328600,6217.00000000
1563454800,1563458399,0.00329300,0.00329400,0.00329300,0.00329400,4717.00000000
1563458400,1563461999,0.00329400,0.00339200,0.00329400,0.00339200,1278.00000000
1563462000,1563465599,0.00339200,0.00339200,0.00339200,0.00339200,44.00000000
1563465600,1563469199,0.00339000,0.00352900,0.00339000,0.00352900,66.00000000
1563469200,1563472799,0.00352900,0.00352900,0.00352900,0.00352900,0.00000000
1563472800,1563476399,0.00352900,0.00352900,0.00352900,0.00352900,0.00000000
1563476400,1563479999,0.00352900,0.00352900,0.00352900,0.00352900,0.00000000
1563480000,1563483599,0.00332900,0.00332900,0.00332900,0.00332900,209.00000000
1563483600,1563487199,0.00332900,0.00332900,0.00332900,0.00332900,0.00000000
1563487200,1563490799,0.00332900,0.00332900,0.00332900,0.00332900,0.00000000
1563490800,1563494399,0.00332700,0.00336800,0.00332700,0.00336800,602.00000000
1563494400,1563497999,0.00342000,0.00343000,0.00335000,0.00338500,7524.00000000
1563498000,1563501599,0.00338500,0.00338500,0.00338500,0.00338500,921.00000000
1563501600,1563505199,0.00337100,0.00337100,0.00337100,0.00337100,681.00000000
1563505200,1563508799,0.00337100,0.00337100,0.00337100,0.00337100,0.00000000
1563508800,1563512399,0.00337100,0.00337100,0.00337100,0.00337100,0.00000000
1563512400,1563515999,0.00337100,0.00337100,0.00337100,0.00337100,0.00000000
1563516000,1563519599,0.00337100,0.00337100,0.00337100,0.00337100,0.00000000
1563519600,1563523199,0.00337100,0.00337100,0.00337100,0.00337100,0.00000000
1563523200,1563526799,0.00339900,0.00339900,0.00336700,0.00336700,913.00000000
1563526800,1563530399,0.00333300,0.00333800,0.00329900,0.00333800,213.00000000
1563530400,1563533999,0.00333800,0.00333800,0.00333800,0.00333800,0.00000000
1563534000,1563537599,0.00333800,0.00333800,0.00333800,0.00333800,0.00000000
1563537600,1563541199,0.00338000,0.00338000,0.00336800,0.00336800,373.00000000
1563541200,1563544799,0.00335000,0.00342000,0.00332000,0.00332100,4173.00000000
1563544800,1563548399,0.00332100,0.00332100,0.00332100,0.00332100,0.00000000
1563548400,1563551999,0.00332100,0.00332100,0.00332100,0.00332100,0.00000000
1563552000,1563555599,0.00332100,0.00332100,0.00332100,0.00332100,0.00000000
1563555600,1563559199,0.00332100,0.00332100,0.00332100,0.00332100,0.00000000
1563559200,1563562799,0.00332100,0.00332100,0.00332100,0.00332100,0.00000000
1563562800,1563566399,0.00332100,0.00332100,0.00332100,0.00332100,0.00000000
1563566400,1563569999,0.00332100,0.00332100,0.00332100,0.00332100,0.00000000
1563570000,1563573599,0.00332100,0.00332100,0.00332100,0.00332100,0.00000000
1563573600,1563577199,0.00339200,0.00341800,0.00335100,0.00335400,5411.00000000
1563577200,1563580799,0.00338600,0.00341800,0.00338600,0.00341800,2842.00000000
1563580800,1563584399,0.00343100,0.00343100,0.00343100,0.00343100,975.00000000
1563584400,1563587999,0.00343100,0.00343100,0.00338600,0.00338600,228.00000000
1563588000,1563591599,0.00338600,0.00338600,0.00338600,0.00338600,0.00000000
1563591600,1563595199,0.00338600,0.00338600,0.00338600,0.00338600,0.00000000
1563595200,1563598799,0.00338600,0.00338600,0.00338600,0.00338600,0.00000000
1563598800,1563602399,0.00338600,0.00338600,0.00338600,0.00338600,0.00000000
1563602400,1563605999,0.00338600,0.00338600,0.00338600,0.00338600,0.00000000
1563606000,1563609599,0.00325900,0.00325900,0.00325900,0.00325900,309.00000000
1563609600,1563613199,0.00325900,0.00325900,0.00325900,0.00325900,0.00000000
1563613200,1563616799,0.00325900,0.00325900,0.00325900,0.00325900,0.00000000
1563616800,1563620399,0.00325900,0.00325900,0.00325900,0.00325900,0.00000000
1563620400,1563623999,0.00325900,0.00325900,0.00325900,0.00325900,0.00000000
1563624000,1563627599,0.00325900,0.00325900,0.00325900,0.00325900,0.00000000
1563627600,1563631199,0.00325900,0.00325900,0.00325900,0.00325900,0.00000000
1563631200,1563634799,0.00325900,0.00325900,0.00325900,0.00325900,0.00000000
1563634800,1563638399,0.00325900,0.00325900,0.00325900,0.00325900,0.00000000
1563638400,1563641999,0.00329900,0.00329900,0.00329900,0.00329900,287.00000000
1563642000,1563645599,0.00329800,0.00329800,0.00329800,0.00329800,2429.00000000
1563645600,1563649199,0.00329800,0.00329800,0.00329800,0.00329800,0.00000000
1563649200,1563652799,0.00329800,0.00329800,0.00329800,0.00329800,0.00000000
1563652800,1563656399,0.00330100,0.00330100,0.00329800,0.00329800,9991.00000000
1563656400,1563659999,0.00334900,0.00334900,0.00334900,0.00334900,190.00000000
1563660000,1563663599,0.00334500,0.00334500,0.00334500,0.00334500,283.00000000
1563663600,1563667199,0.00327800,0.00327800,0.00326000,0.00326000,22477.00000000
1563667200,1563670799,0.00329000,0.00329000,0.00321600,0.00321600,1673.00000000
1563670800,1563674399,0.00321600,0.00321600,0.00321600,0.00321600,0.00000000
1563674400,1563677999,0.00321600,0.00321600,0.00321600,0.00321600,0.00000000
1563678000,1563681599,0.00321600,0.00321600,0.00321600,0.00321600,0.00000000
1563681600,1563685199,0.00328900,0.00328900,0.00325200,0.00325600,189.00000000
1563685200,1563688799,0.00325900,0.00327000,0.00325900,0.00327000,159.00000000
1563688800,1563692399,0.00327000,0.00327000,0.00327000,0.00327000,0.00000000
1563692400,1563695999,0.00324000,0.00324000,0.00324000,0.00324000,232.00000000
1563696000,1563699599,0.00327900,0.00328600,0.00327900,0.00328600,1878.00000000
1563699600,1563703199,0.00328600,0.00328600,0.00328600,0.00328600,0.00000000
1563703200,1563706799,0.00328600,0.00328600,0.00328600,0.00328600,0.00000000
1563706800,1563710399,0.00328600,0.00328600,0.00328600,0.00328600,0.00000000
1563710400,1563713999,0.00328600,0.00328600,0.00328600,0.00328600,0.00000000
1563714000,1563717599,0.00328600,0.00328600,0.00328600,0.00328600,0.00000000
1563717600,1563721199,0.00329700,0.00329700,0.00329700,0.00329700,283.00000000
1563721200,1563724799,0.00329700,0.00329700,0.00329700,0.00329700,0.00000000
1563724800,1563728399,0.00332000,0.00332000,0.00330400,0.00331700,963.00000000
1563728400,1563731999,0.00331700,0.00332100,0.00329200,0.00332100,154.00000000
1563732000,1563735599,0.00329300,0.00329300,0.00328100,0.00328100,1322.00000000
1563735600,1563739199,0.00331700,0.00331700,0.00331700,0.00331700,101.00000000
1563739200,1563742799,0.00348800,0.00348800,0.00348800,0.00348800,462.00000000
1563742800,1563746399,0.00348800,0.00348800,0.00348800,0.00348800,0.00000000
1563746400,1563749999,0.00348800,0.00348800,0.00348800,0.00348800,0.00000000
1563750000,1563753599,0.00327800,0.00328100,0.00327800,0.00328100,373.00000000
1563753600,1563757199,0.00328100,0.00331500,0.00328100,0.00331500,774.00000000
1563757200,1563760799,0.00328300,0.00328300,0.00327100,0.00327100,411.00000000
1563760800,1563764399,0.00327100,0.00348300,0.00324300,0.00324300,1451.00000000
1563764400,1563767999,0.00324300,0.00324300,0.00324300,0.00324300,0.00000000
1563768000,1563771599,0.00332500,0.00349900,0.00332500,0.00346100,4142.00000000
1563771600,1563775199,0.00340000,0.00341400,0.00333900,0.00333900,1479.00000000
1563775200,1563778799,0.00333500,0.00333500,0.00333500,0.00333500,962.00000000
1563778800,1563782399,0.00333500,0.00333500,0.00333500,0.00333500,0.00000000
1563782400,1563785999,0.00334700,0.00340800,0.00334700,0.00336900,808.00000000
1563786000,1563789599,0.00336900,0.00336900,0.00336900,0.00336900,0.00000000
1563789600,1563793199,0.00336900,0.00339900,0.00324000,0.00324000,873.00000000
1563793200,1563796799,0.00322100,0.00332100,0.00319900,0.00332100,1243.00000000
1563796800,1563800399,0.00335100,0.00337200,0.00335100,0.00336000,5399.00000000
1563800400,1563803999,0.00335900,0.00335900,0.00335900,0.00335900,119.00000000
1563804000,1563807599,0.00340900,0.00341000,0.00334700,0.00334700,1370.00000000
1563807600,1563811199,0.00345900,0.00349000,0.00345900,0.00349000,1818.00000000
1563811200,1563814799,0.00351900,0.00390000,0.00336500,0.00336500,55506.00000000
1563814800,1563818399,0.00339000,0.00341800,0.00332500,0.00337200,2577.00000000
1563818400,1563821999,0.00340600,0.00340600,0.00340600,0.00340600,30.00000000
1563822000,1563825599,0.00340600,0.00340600,0.00340600,0.00340600,0.00000000
1563825600,1563829199,0.00333900,0.00336000,0.00332900,0.00336000,294.00000000
1563829200,1563832799,0.00336000,0.00336000,0.00336000,0.00336000,0.00000000
1563832800,1563836399,0.00336000,0.00336000,0.00336000,0.00336000,0.00000000
1563836400,1563839999,0.00340700,0.00340700,0.00340700,0.00340700,822.00000000
1563840000,1563843599,0.00337900,0.00435700,0.00337900,0.00390600,105305.00000000
1563843600,1563847199,0.00387900,0.00412000,0.00380600,0.00390700,17996.00000000
1563847200,1563850799,0.00390700,0.00394000,0.00387100,0.00389900,9311.00000000
1563850800,1563854399,0.00389000,0.00389000,0.00379900,0.00379900,23191.00000000
1563854400,1563857999,0.00380100,0.00382900,0.00379300,0.00379300,162.00000000
1563858000,1563861599,0.00382900,0.00389000,0.00373800,0.00382000,7293.00000000
1563861600,1563865199,0.00385900,0.00399200,0.00383100,0.00387400,13955.00000000
1563865200,1563868799,0.00381900,0.00381900,0.00375400,0.00375400,677.00000000
1563868800,1563872399,0.00378500,0.00378500,0.00378500,0.00378500,3528.00000000
1563872400,1563875999,0.00381000,0.00404900,0.00381000,0.00404900,35122.00000000
1563876000,1563879599,0.00404000,0.00422600,0.00395200,0.00401400,41996.00000000
1563879600,1563883199,0.00401200,0.00404900,0.00390000,0.00390000,2646.00000000
1563883200,1563886799,0.00387400,0.00392100,0.00385000,0.00390000,1320.00000000
1563886800,1563890399,0.00390000,0.00390000,0.00378300,0.00378300,285.00000000
1563890400,1563893999,0.00376500,0.00405600,0.00376500,0.00379700,17385.00000000
1563894000,1563897599,0.00383300,0.00392100,0.00375300,0.00380000,14286.00000000
1563897600,1563901199,0.00377400,0.00377400,0.00365300,0.00365300,11550.00000000
1563901200,1563904799,0.00366400,0.00366400,0.00366400,0.00366400,244.00000000
1563904800,1563908399,0.00371900,0.00372400,0.00371900,0.00372000,2901.00000000
1563908400,1563911999,0.00368200,0.00371800,0.00366200,0.00371800,2100.00000000
1563912000,1563915599,0.00368800,0.00368800,0.00367100,0.00367100,12852.00000000
1563915600,1563919199,0.00367100,0.00367100,0.00362800,0.00362800,3006.00000000
1563919200,1563922799,0.00361000,0.00361000,0.00361000,0.00361000,1001.00000000
1563922800,1563926399,0.00373100,0.00379700,0.00372300,0.00372300,1674.00000000
1563926400,1563929999,0.00365800,0.00365800,0.00361200,0.00363300,1400.00000000
1563930000,1563933599,0.00361000,0.00386000,0.00357200,0.00358400,3944.00000000
1563933600,1563937199,0.00360200,0.00360200,0.00358400,0.00358400,3794.00000000
1563937200,1563940799,0.00358400,0.00358400,0.00358400,0.00358400,0.00000000
1563940800,1563944399,0.00359900,0.00359900,0.00359900,0.00359900,136.00000000
1563944400,1563947999,0.00359900,0.00359900,0.00359900,0.00359900,0.00000000
1563948000,1563951599,0.00359900,0.00359900,0.00359900,0.00359900,0.00000000
1563951600,1563955199,0.00359900,0.00359900,0.00359900,0.00359900,0.00000000
1563955200,1563958799,0.00360200,0.00360200,0.00360200,0.00360200,324.00000000
1563958800,1563962399,0.00358200,0.00358200,0.00358200,0.00358200,288.00000000
1563962400,1563965999,0.00358200,0.00358200,0.00358200,0.00358200,0.00000000
1563966000,1563969599,0.00361600,0.00361600,0.00357200,0.00357200,661.00000000
1563969600,1563973199,0.00357200,0.00357200,0.00357200,0.00357200,5963.00000000
1563973200,1563976799,0.00356100,0.00363900,0.00351600,0.00355900,9242.00000000
1563976800,1563980399,0.00358100,0.00363400,0.00358100,0.00360000,9367.00000000
1563980400,1563983999,0.00359600,0.00359600,0.00355000,0.00358000,1009.00000000
1563984000,1563987599,0.00355100,0.00357500,0.00354200,0.00357500,555.00000000
1563987600,1563991199,0.00357500,0.00357500,0.00357500,0.00357500,0.00000000
1563991200,1563994799,0.00358400,0.00358400,0.00358400,0.00358400,1000.00000000
1563994800,1563998399,0.00360900,0.00360900,0.00360900,0.00360900,30.00000000
1563998400,1564001999,0.00360900,0.00360900,0.00360900,0.00360900,0.00000000
1564002000,1564005599,0.00357000,0.00357000,0.00357000,0.00357000,2273.00000000
1564005600,1564009199,0.00357700,0.00357900,0.00357700,0.00357900,1684.00000000
1564009200,1564012799,0.00357900,0.00357900,0.00357900,0.00357900,0.00000000
1564012800,1564016399,0.00362500,0.00363700,0.00355300,0.00355300,449.00000000
1564016400,1564019999,0.00358600,0.00364000,0.00358600,0.00364000,56.00000000
1564020000,1564023599,0.00364000,0.00364000,0.00364000,0.00364000,0.00000000
1564023600,1564027199,0.00364600,0.00364700,0.00364600,0.00364700,1323.00000000
1564027200,1564030799,0.00365000,0.00365300,0.00363100,0.00363100,2748.00000000
1564030800,1564034399,0.00363100,0.00363100,0.00363100,0.00363100,0.00000000
1564034400,1564037999,0.00363100,0.00363100,0.00363100,0.00363100,0.00000000
1564038000,1564041599,0.00370300,0.00370300,0.00370300,0.00370300,55.00000000
1564041600,1564045199,0.00370300,0.00370300,0.00370300,0.00370300,454.00000000
1564045200,1564048799,0.00362400,0.00382500,0.00362400,0.00369000,5984.00000000
1564048800,1564052399,0.00370200,0.00373200,0.00369600,0.00371600,6542.00000000
1564052400,1564055999,0.00377800,0.00377800,0.00372500,0.00376900,26831.00000000
1564056000,1564059599,0.00377800,0.00377800,0.00369600,0.00371500,13524.00000000
1564059600,1564063199,0.00368000,0.00371900,0.00366100,0.00366100,13587.00000000
1564063200,1564066799,0.00367900,0.00370000,0.00364800,0.00364800,10135.00000000
1564066800,1564070399,0.00365600,0.00365600,0.00365600,0.00365600,922.00000000
1564070400,1564073999,0.00367900,0.00372900,0.00367900,0.00370000,3121.00000000
1564074000,1564077599,0.00370000,0.00372000,0.00370000,0.00370000,39641.00000000
1564077600,1564081199,0.00371900,0.00371900,0.00368000,0.00371900,3281.00000000
1564081200,1564084799,0.00368000,0.00368000,0.00365400,0.00365400,905.00000000
1564084800,1564088399,0.00370900,0.00370900,0.00370900,0.00370900,52.00000000
1564088400,1564091999,0.00367300,0.00372900,0.00367300,0.00372900,100.00000000
1564092000,1564095599,0.00368200,0.00368200,0.00368200,0.00368200,407.00000000
1564095600,1564099199,0.00366000,0.00366000,0.00365600,0.00365600,2544.00000000
1564099200,1564102799,0.00373900,0.00378000,0.00365000,0.00365000,9292.00000000
1564102800,1564106399,0.00378300,0.00384900,0.00371300,0.00377900,7831.00000000
1564106400,1564109999,0.00377900,0.00377900,0.00377900,0.00377900,0.00000000
1564110000,1564113599,0.00377900,0.00377900,0.00377900,0.00377900,420.00000000
1564113600,1564117199,0.00371700,0.00371700,0.00371700,0.00371700,417.00000000
1564117200,1564120799,0.00371700,0.00371700,0.00371700,0.00371700,0.00000000
1564120800,1564124399,0.00371700,0.00379700,0.00371700,0.00379700,1195.00000000
1564124400,1564127999,0.00382500,0.00385000,0.00377500,0.00377500,867.00000000
1564128000,1564131599,0.00377500,0.00377500,0.00377500,0.00377500,0.00000000
1564131600,1564135199,0.00376800,0.00376800,0.00376800,0.00376800,110.00000000
1564135200,1564138799,0.00376800,0.00376800,0.00375900,0.00376100,800.00000000
1564138800,1564142399,0.00376900,0.00376900,0.00374800,0.00374800,362.00000000
1564142400,1564145999,0.00376500,0.00378700,0.00376500,0.00378700,4494.00000000
1564146000,1564149599,0.00378500,0.00378500,0.00372900,0.00372900,6100.00000000
1564149600,1564153199,0.00372900,0.00372900,0.00372900,0.00372900,0.00000000
1564153200,1564156799,0.00372700,0.00383600,0.00372700,0.00381500,12604.00000000
1564156800,1564160399,0.00382600,0.00384300,0.00376800,0.00378700,16751.00000000
1564160400,1564163999,0.00378700,0.00400700,0.00378700,0.00400700,9870.00000000
1564164000,1564167599,0.00398300,0.00398300,0.00380200,0.00382600,22096.00000000
1564167600,1564171199,0.00382600,0.00382600,0.00382600,0.00382600,523.00000000
1564171200,1564174799,0.00384600,0.00396300,0.00384600,0.00388500,83975.00000000
1564174800,1564178399,0.00390500,0.00392400,0.00386500,0.00386500,9814.00000000
1564178400,1564181999,0.00386500,0.00386500,0.00385000,0.00385000,1500.00000000
1564182000,1564185599,0.00387900,0.00390500,0.00384600,0.00384600,4555.00000000
1564185600,1564189199,0.00386400,0.00386500,0.00374900,0.00378700,15331.00000000
1564189200,1564192799,0.00378600,0.00380600,0.00378000,0.00380600,6835.00000000
1564192800,1564196399,0.00377900,0.00377900,0.00377900,0.00377900,242.00000000
1564196400,1564199999,0.00377900,0.00377900,0.00374800,0.00374800,1869.00000000
1564200000,1564203599,0.00375200,0.00376800,0.00375200,0.00376800,757.00000000
1564203600,1564207199,0.00376800,0.00376800,0.00372800,0.00374800,6011.00000000
1564207200,1564210799,0.00374100,0.00374900,0.00372900,0.00374900,6803.00000000
1564210800,1564214399,0.00374900,0.00376700,0.00373900,0.00376700,896.00000000
1564214400,1564217999,0.00376700,0.00376700,0.00376700,0.00376700,0.00000000
1564218000,1564221599,0.00376700,0.00378700,0.00376700,0.00378700,381.00000000
1564221600,1564225199,0.00377300,0.00377300,0.00372000,0.00374800,14694.00000000
1564225200,1564228799,0.00374800,0.00376800,0.00374800,0.00376800,52.00000000
1564228800,1564232399,0.00374800,0.00376800,0.00373400,0.00374200,1247.00000000
1564232400,1564235999,0.00376500,0.00376500,0.00376500,0.00376500,44.00000000
1564236000,1564239599,0.00375900,0.00376000,0.00373400,0.00374100,853.00000000
1564239600,1564243199,0.00376700,0.00376700,0.00376700,0.00376700,250.00000000
1564243200,1564246799,0.00376700,0.00376700,0.00376700,0.00376700,0.00000000
1564246800,1564250399,0.00376800,0.00380700,0.00376800,0.00380700,7685.00000000
1564250400,1564253999,0.00378700,0.00378700,0.00378700,0.00378700,265.00000000
1564254000,1564257599,0.00378200,0.00378200,0.00374800,0.00374800,8439.00000000
1564257600,1564261199,0.00374300,0.00374800,0.00373100,0.00374800,13642.00000000
1564261200,1564264799,0.00374800,0.00374800,0.00374800,0.00374800,0.00000000
1564264800,1564268399,0.00374800,0.00374800,0.00374800,0.00374800,0.00000000
1564268400,1564271999,0.00374800,0.00374800,0.00374800,0.00374800,1500.00000000
1564272000,1564275599,0.00384300,0.00393800,0.00384300,0.00387100,1460.00000000
1564275600,1564279199,0.00381900,0.00382500,0.00381900,0.00382500,10817.00000000
1564279200,1564282799,0.00382500,0.00382500,0.00382500,0.00382500,0.00000000
1564282800,1564286399,0.00382500,0.00382500,0.00382500,0.00382500,0.00000000
1564286400,1564289999,0.00379500,0.00379500,0.00379500,0.00379500,194.00000000
1564290000,1564293599,0.00382000,0.00387400,0.00382000,0.00382500,4563.00000000
1564293600,1564297199,0.00380100,0.00380100,0.00380100,0.00380100,48.00000000
1564297200,1564300799,0.00380100,0.00380100,0.00380100,0.00380100,0.00000000
1564300800,1564304399,0.00382200,0.00382200,0.00380900,0.00382200,2394.00000000
1564304400,1564307999,0.00381200,0.00383800,0.00381200,0.00383800,1649.00000000
1564308000,1564311599,0.00383300,0.00383300,0.00381000,0.00381000,2611.00000000
1564311600,1564315199,0.00381000,0.00381000,0.00381000,0.00381000,0.00000000
1564315200,1564318799,0.00381000,0.00381000,0.00381000,0.00381000,0.00000000
1564318800,1564322399,0.00381000,0.00381000,0.00381000,0.00381000,0.00000000
1564322400,1564325999,0.00381000,0.00381000,0.00381000,0.00381000,0.00000000
1564326000,1564329599,0.00381000,0.00381000,0.00381000,0.00381000,0.00000000
1564329600,1564333199,0.00381000,0.00381000,0.00381000,0.00381000,191.00000000
1564333200,1564336799,0.00380600,0.00388800,0.00380600,0.00384800,6099.00000000
1564336800,1564340399,0.00384800,0.00384800,0.00384800,0.00384800,0.00000000
1564340400,1564343999,0.00384800,0.00384800,0.00384800,0.00384800,543.00000000
1564344000,1564347599,0.00384800,0.00384800,0.00384800,0.00384800,0.00000000
1564347600,1564351199,0.00384800,0.00384800,0.00384800,0.00384800,0.00000000
1564351200,1564354799,0.00386800,0.00386800,0.00382500,0.00382600,123283.00000000
1564354800,1564358399,0.00382600,0.00382600,0.00382000,0.00382600,12636.00000000
1564358400,1564361999,0.00382600,0.00382600,0.00382600,0.00382600,0.00000000
1564362000,1564365599,0.00380300,0.00382900,0.00378100,0.00382900,1524.00000000
1564365600,1564369199,0.00382100,0.00382100,0.00382100,0.00382100,261.00000000
1564369200,1564372799,0.00382100,0.00382100,0.00382100,0.00382100,0.00000000
1564372800,1564376399,0.00382100,0.00382100,0.00382100,0.00382100,0.00000000
1564376400,1564379999,0.00384600,0.00385000,0.00384600,0.00385000,3115.00000000
1564380000,1564383599,0.00385000,0.00385100,0.00385000,0.00385100,277.00000000
1564383600,1564387199,0.00387900,0.00387900,0.00383800,0.00383800,92.00000000
1564387200,1564390799,0.00384300,0.00384300,0.00384300,0.00384300,233.00000000
1564390800,1564394399,0.00384300,0.00387100,0.00384300,0.00387100,287.00000000
1564394400,1564397999,0.00387100,0.00387100,0.00386800,0.00386800,378.00000000
1564398000,1564401599,0.00388800,0.00400000,0.00388800,0.00400000,2792.00000000
1564401600,1564405199,0.00401900,0.00418600,0.00401900,0.00405700,3578.00000000
1564405200,1564408799,0.00408900,0.00408900,0.00399300,0.00399300,281.00000000
1564408800,1564412399,0.00399300,0.00399300,0.00399300,0.00399300,0.00000000
1564412400,1564415999,0.00407800,0.00407800,0.00405000,0.00405000,433.00000000
1564416000,1564419599,0.00402100,0.00402100,0.00402100,0.00402100,187.00000000
1564419600,1564423199,0.00406800,0.00406800,0.00406800,0.00406800,50.00000000
1564423200,1564426799,0.00406800,0.00407000,0.00406800,0.00407000,909.00000000
1564426800,1564430399,0.00405000,0.00405000,0.00405000,0.00405000,214.00000000
1564430400,1564433999,0.00405000,0.00405000,0.00405000,0.00405000,4702.00000000
1564434000,1564437599,0.00405000,0.00405000,0.00402200,0.00402200,17673.00000000
1564437600,1564441199,0.00402400,0.00402400,0.00402400,0.00402400,497.00000000
1564441200,1564444799,0.00401300,0.00405300,0.00401300,0.00405300,1082.00000000
1564444800,1564448399,0.00410000,0.00411100,0.00407200,0.00411100,919.00000000
1564448400,1564451999,0.00411100,0.00413700,0.00411100,0.00413700,854.00000000
1564452000,1564455599,0.00411100,0.00411100,0.00407200,0.00407200,72.00000000
1564455600,1564459199,0.00403600,0.00403600,0.00403100,0.00403100,212.00000000
1564459200,1564462799,0.00403100,0.00403100,0.00403100,0.00403100,0.00000000
1564462800,1564466399,0.00403100,0.00403100,0.00403100,0.00403100,0.00000000
1564466400,1564469999,0.00403500,0.00404000,0.00403500,0.00404000,1498.00000000
1564470000,1564473599,0.00404000,0.00404000,0.00404000,0.00404000,0.00000000
1564473600,1564477199,0.00400500,0.00400500,0.00400000,0.00400000,1659.00000000
1564477200,1564480799,0.00400000,0.00400000,0.00400000,0.00400000,0.00000000
1564480800,1564484399,0.00400000,0.00400000,0.00400000,0.00400000,0.00000000
1564484400,1564487999,0.00400100,0.00400100,0.00396000,0.00396000,2641.00000000
1564488000,1564491599,0.00396000,0.00396000,0.00396000,0.00396000,0.00000000
1564491600,1564495199,0.00399000,0.00401000,0.00399000,0.00399100,2020.00000000
1564495200,1564498799,0.00397200,0.00397200,0.00396300,0.00396300,643.00000000
1564498800,1564502399,0.00399000,0.00399400,0.00390100,0.00399400,4045.00000000
1564502400,1564505999,0.00399400,0.00399400,0.00399400,0.00399400,0.00000000
1564506000,1564509599,0.00393100,0.00393100,0.00393000,0.00393000,909.00000000
1564509600,1564513199,0.00396200,0.00396200,0.00396200,0.00396200,191.00000000
1564513200,1564516799,0.00396200,0.00396200,0.00396200,0.00396200,0.00000000
1564516800,1564520399,0.00396200,0.00396200,0.00396000,0.00396000,2552.00000000
1564520400,1564523999,0.00396000,0.00396000,0.00396000,0.00396000,0.00000000
1564524000,1564527599,0.00396000,0.00396000,0.00396000,0.00396000,0.00000000
1564527600,1564531199,0.00396000,0.00396000,0.00396000,0.00396000,0.00000000
1564531200,1564534799,0.00395100,0.00395100,0.00395100,0.00395100,162.00000000
1564534800,1564538399,0.00393000,0.00393000,0.00390900,0.00390900,90.00000000
1564538400,1564541999,0.00390900,0.00390900,0.00390900,0.00390900,0.00000000
1564542000,1564545599,0.00390900,0.00390900,0.00390900,0.00390900,0.00000000
1564545600,1564549199,0.00389500,0.00389500,0.00384200,0.00384200,135.00000000
1564549200,1564552799,0.00384200,0.00384200,0.00384200,0.00384200,0.00000000
1564552800,1564556399,0.00384200,0.00384200,0.00384200,0.00384200,343.00000000
1564556400,1564559999,0.00384200,0.00384200,0.00384200,0.00384200,0.00000000
1564560000,1564563599,0.00389000,0.00389000,0.00389000,0.00389000,30.00000000
1564563600,1564567199,0.00383200,0.00383200,0.00383200,0.00383200,1389.00000000
1564567200,1564570799,0.00383100,0.00398700,0.00383100,0.00398700,200.00000000
1564570800,1564574399,0.00398700,0.00398700,0.00398700,0.00398700,0.00000000
1564574400,1564577999,0.00381100,0.00381100,0.00381100,0.00381100,345.00000000
1564578000,1564581599,0.00383100,0.00383100,0.00383100,0.00383100,93.00000000
1564581600,1564585199,0.00382100,0.00382100,0.00371900,0.00371900,6928.00000000
1564585200,1564588799,0.00371900,0.00371900,0.00371900,0.00371900,0.00000000
1564588800,1564592399,0.00371900,0.00371900,0.00371900,0.00371900,0.00000000
1564592400,1564595999,0.00371900,0.00371900,0.00371900,0.00371900,0.00000000
1564596000,1564599599,0.00371900,0.00371900,0.00371900,0.00371900,0.00000000
1564599600,1564603199,0.00371900,0.00371900,0.00371900,0.00371900,0.00000000
1564603200,1564606799,0.00371900,0.00371900,0.00371900,0.00371900,0.00000000
1564606800,1564610399,0.00371900,0.00371900,0.00371900,0.00371900,0.00000000
1564610400,1564613999,0.00386800,0.00386800,0.00384800,0.00384800,228.00000000
1564614000,1564617599,0.00384800,0.00384900,0.00383400,0.00383400,1438.00000000
1564617600,1564621199,0.00383400,0.00383400,0.00383400,0.00383400,0.00000000
1564621200,1564624799,0.00380100,0.00380100,0.00377300,0.00377300,481.00000000
1564624800,1564628399,0.00377300,0.00377300,0.00377300,0.00377300,63.00000000
1564628400,1564631999,0.00377300,0.00377300,0.00377300,0.00377300,0.00000000
1564632000,1564635599,0.00377300,0.00377300,0.00377300,0.00377300,0.00000000
1564635600,1564639199,0.00372000,0.00372000,0.00367200,0.00370600,1438.00000000
1564639200,1564642799,0.00370600,0.00370600,0.00370600,0.00370600,0.00000000
1564642800,1564646399,0.00370600,0.00370600,0.00370600,0.00370600,0.00000000
1564646400,1564649999,0.00370600,0.00370600,0.00370600,0.00370600,0.00000000
1564650000,1564653599,0.00366900,0.00366900,0.00362100,0.00362100,309.00000000
1564653600,1564657199,0.00361700,0.00370900,0.00361700,0.00370900,1257.00000000
1564657200,1564660799,0.00363500,0.00366200,0.00360000,0.00360000,556.00000000
1564660800,1564664399,0.00363400,0.00363400,0.00363400,0.00363400,56.00000000
1564664400,1564667999,0.00368800,0.00368800,0.00368800,0.00368800,362.00000000
1564668000,1564671599,0.00361500,0.00361500,0.00357500,0.00357500,664.00000000
1564671600,1564675199,0.00357400,0.00357400,0.00357400,0.00357400,951.00000000
1564675200,1564678799,0.00357400,0.00357400,0.00357400,0.00357400,0.00000000
1564678800,1564682399,0.00357100,0.00357100,0.00340700,0.00356400,23164.00000000
1564682400,1564685999,0.00353400,0.00353400,0.00352800,0.00352800,6303.00000000
1564686000,1564689599,0.00352300,0.00355000,0.00348300,0.00355000,9290.00000000
1564689600,1564693199,0.00355000,0.00355000,0.00348300,0.00350800,6719.00000000
1564693200,1564696799,0.00350800,0.00350800,0.00350800,0.00350800,0.00000000
1564696800,1564700399,0.00350800,0.00350800,0.00350800,0.00350800,0.00000000
1564700400,1564703999,0.00350800,0.00350800,0.00350800,0.00350800,0.00000000
1564704000,1564707599,0.00357500,0.00357500,0.00357500,0.00357500,56.00000000
1564707600,1564711199,0.00357500,0.00357500,0.00357500,0.00357500,0.00000000
1564711200,1564714799,0.00355400,0.00355400,0.00349400,0.00355300,3584.00000000
1564714800,1564718399,0.00355300,0.00355300,0.00355300,0.00355300,0.00000000
1564718400,1564721999,0.00355300,0.00355300,0.00355300,0.00355300,0.00000000
1564722000,1564725599,0.00357600,0.00357600,0.00357600,0.00357600,29.00000000
1564725600,1564729199,0.00357600,0.00357600,0.00354100,0.00354100,833.00000000
1564729200,1564732799,0.00354100,0.00354100,0.00354100,0.00354100,0.00000000
1564732800,1564736399,0.00352200,0.00352200,0.00352200,0.00352200,850.00000000
1564736400,1564739999,0.00352200,0.00352200,0.00352000,0.00352000,2852.00000000
1564740000,1564743599,0.00352000,0.00352000,0.00352000,0.00352000,0.00000000
1564743600,1564747199,0.00352000,0.00352000,0.00352000,0.00352000,0.00000000
1564747200,1564750799,0.00352000,0.00352000,0.00352000,0.00352000,0.00000000
1564750800,1564754399,0.00359900,0.00359900,0.00359900,0.00359900,28.00000000
1564754400,1564757999,0.00358400,0.00361800,0.00356000,0.00361800,3475.00000000
1564758000,1564761599,0.00356000,0.00356000,0.00356000,0.00356000,1220.00000000
1564761600,1564765199,0.00356000,0.00356000,0.00356000,0.00356000,0.00000000
1564765200,1564768799,0.00361800,0.00361900,0.00361800,0.00361900,5502.00000000
1564768800,1564772399,0.00361900,0.00361900,0.00361900,0.00361900,0.00000000
1564772400,1564775999,0.00361900,0.00361900,0.00361900,0.00361900,0.00000000
1564776000,1564779599,0.00365400,0.00365400,0.00362800,0.00362800,1148.00000000
1564779600,1564783199,0.00367800,0.00368200,0.00365900,0.00368200,6843.00000000
1564783200,1564786799,0.00366200,0.00366200,0.00364700,0.00364700,849.00000000
1564786800,1564790399,0.00364700,0.00364700,0.00364700,0.00364700,0.00000000
1564790400,1564793999,0.00369700,0.00380700,0.00369700,0.00376900,3906.00000000
1564794000,1564797599,0.00360000,0.00365500,0.00357100,0.00365500,281.00000000
1564797600,1564801199,0.00365500,0.00365500,0.00365500,0.00365500,0.00000000
1564801200,1564804799,0.00365500,0.00365500,0.00365500,0.00365500,0.00000000
1564804800,1564808399,0.00365800,0.00365800,0.00365800,0.00365800,28.00000000
1564808400,1564811999,0.00365800,0.00365800,0.00365800,0.00365800,0.00000000
1564812000,1564815599,0.00365800,0.00365800,0.00365800,0.00365800,66.00000000
1564815600,1564819199,0.00365800,0.00365800,0.00365800,0.00365800,0.00000000
1564819200,1564822799,0.00358800,0.00361400,0.00356300,0.00359600,6413.00000000
1564822800,1564826399,0.00359600,0.00359600,0.00359600,0.00359600,0.00000000
1564826400,1564829999,0.00356800,0.00356800,0.00356800,0.00356800,52.00000000
1564830000,1564833599,0.00356800,0.00356800,0.00356800,0.00356800,844.00000000
1564833600,1564837199,0.00356800,0.00356800,0.00356800,0.00356800,0.00000000
1564837200,1564840799,0.00356800,0.00356800,0.00356800,0.00356800,0.00000000
1564840800,1564844399,0.00365000,0.00365000,0.00365000,0.00365000,28.00000000
1564844400,1564847999,0.00365000,0.00365000,0.00365000,0.00365000,0.00000000
1564848000,1564851599,0.00365000,0.00365000,0.00365000,0.00365000,0.00000000
1564851600,1564855199,0.00372400,0.00372400,0.00364800,0.00364800,6455.00000000
1564855200,1564858799,0.00364800,0.00364800,0.00364800,0.00364800,0.00000000
1564858800,1564862399,0.00364800,0.00364800,0.00364800,0.00364800,0.00000000
1564862400,1564865999,0.00364800,0.00364800,0.00364800,0.00364800,0.00000000
1564866000,1564869599,0.00364800,0.00364800,0.00364800,0.00364800,28.00000000
1564869600,1564873199,0.00364800,0.00364800,0.00364800,0.00364800,0.00000000
1564873200,1564876799,0.00364800,0.00364800,0.00364800,0.00364800,1326.00000000
1564876800,1564880399,0.00364800,0.00364900,0.00364800,0.00364900,2437.00000000
1564880400,1564883999,0.00372800,0.00372800,0.00362800,0.00362800,239.00000000
1564884000,1564887599,0.00362800,0.00362800,0.00362800,0.00362800,0.00000000
1564887600,1564891199,0.00362500,0.00372800,0.00362500,0.00372800,631.00000000
1564891200,1564894799,0.00360000,0.00360000,0.00359100,0.00359100,2614.00000000
1564894800,1564898399,0.00359100,0.00359100,0.00359100,0.00359100,0.00000000
1564898400,1564901999,0.00362500,0.00362500,0.00362500,0.00362500,109.00000000
1564902000,1564905599,0.00363500,0.00363500,0.00363500,0.00363500,1363.00000000
1564905600,1564909199,0.00363500,0.00363500,0.00363500,0.00363500,0.00000000
1564909200,1564912799,0.00363500,0.00363500,0.00363500,0.00363500,0.00000000
1564912800,1564916399,0.00372800,0.00372800,0.00372800,0.00372800,27.00000000
1564916400,1564919999,0.00372800,0.00372800,0.00372800,0.00372800,0.00000000
1564920000,1564923599,0.00372800,0.00372800,0.00372800,0.00372800,0.00000000
1564923600,1564927199,0.00366500,0.00366500,0.00366300,0.00366300,174.00000000
1564927200,1564930799,0.00366300,0.00366300,0.00366300,0.00366300,0.00000000
1564930800,1564934399,0.00366300,0.00366300,0.00366300,0.00366300,0.00000000
1564934400,1564937999,0.00366300,0.00366300,0.00366300,0.00366300,0.00000000
1564938000,1564941599,0.00366300,0.00366300,0.00366300,0.00366300,0.00000000
1564941600,1564945199,0.00366300,0.00366300,0.00366300,0.00366300,0.00000000
1564945200,1564948799,0.00366300,0.00366300,0.00366300,0.00366300,0.00000000
1564948800,1564952399,0.00366300,0.00366300,0.00366300,0.00366300,0.00000000
1564952400,1564955999,0.00373000,0.00374500,0.00373000,0.00374500,113.00000000
1564956000,1564959599,0.00374500,0.00374500,0.00374500,0.00374500,0.00000000
1564959600,1564963199,0.00379100,0.00379100,0.00379100,0.00379100,27.00000000
1564963200,1564966799,0.00364400,0.00364400,0.00364200,0.00364200,430.00000000
1564966800,1564970399,0.00364200,0.00364200,0.00364200,0.00364200,0.00000000
1564970400,1564973999,0.00367300,0.00367300,0.00367300,0.00367300,3475.00000000
1564974000,1564977599,0.00368800,0.00368800,0.00368800,0.00368800,949.00000000
1564977600,1564981199,0.00368400,0.00368400,0.00356100,0.00356100,1657.00000000
1564981200,1564984799,0.00360600,0.00360600,0.00360600,0.00360600,480.00000000
1564984800,1564988399,0.00361300,0.00361300,0.00361300,0.00361300,28.00000000
1564988400,1564991999,0.00361000,0.00361000,0.00361000,0.00361000,59.00000000
1564992000,1564995599,0.00357100,0.00357100,0.00353700,0.00357000,891.00000000
1564995600,1564999199,0.00353600,0.00353600,0.00346000,0.00347000,3409.00000000
1564999200,1565002799,0.00349600,0.00350600,0.00347500,0.00350600,879.00000000
1565002800,1565006399,0.00352100,0.00352500,0.00352100,0.00352500,2907.00000000
1565006400,1565009999,0.00352500,0.00352500,0.00352500,0.00352500,0.00000000
1565010000,1565013599,0.00349200,0.00349200,0.00349200,0.00349200,43.00000000
1565013600,1565017199,0.00349200,0.00349200,0.00349200,0.00349200,0.00000000
1565017200,1565020799,0.00349200,0.00349200,0.00349200,0.00349200,0.00000000
1565020800,1565024399,0.00349200,0.00349200,0.00349200,0.00349200,0.00000000
1565024400,1565027999,0.00349200,0.00349200,0.00349200,0.00349200,0.00000000
1565028000,1565031599,0.00355800,0.00357300,0.00355800,0.00357300,1000.00000000
1565031600,1565035199,0.00352900,0.00352900,0.00348800,0.00348800,1600.00000000
1565035200,1565038799,0.00348800,0.00350400,0.00345000,0.00350400,615.00000000
1565038800,1565042399,0.00353400,0.00353400,0.00353400,0.00353400,58.00000000
1565042400,1565045999,0.00353400,0.00353400,0.00353400,0.00353400,0.00000000
1565046000,1565049599,0.00353400,0.00353400,0.00353400,0.00353400,0.00000000
1565049600,1565053199,0.00346500,0.00346500,0.00342300,0.00342300,1664.00000000
1565053200,1565056799,0.00340600,0.00340600,0.00340600,0.00340600,106.00000000
1565056800,1565060399,0.00340000,0.00340000,0.00338200,0.00339500,373.00000000
1565060400,1565063999,0.00341400,0.00344400,0.00341400,0.00344400,1003.00000000
1565064000,1565067599,0.00344400,0.00344400,0.00344400,0.00344400,123.00000000
1565067600,1565071199,0.00344400,0.00344400,0.00344400,0.00344400,0.00000000
1565071200,1565074799,0.00346400,0.00346400,0.00346400,0.00346400,58.00000000
1565074800,1565078399,0.00347900,0.00350000,0.00342300,0.00342300,3087.00000000
1565078400,1565081999,0.00342200,0.00342200,0.00337900,0.00337900,319.00000000
1565082000,1565085599,0.00337900,0.00337900,0.00337500,0.00337500,1117.00000000
1565085600,1565089199,0.00340600,0.00340600,0.00329600,0.00332700,1741.00000000
1565089200,1565092799,0.00337600,0.00337600,0.00337600,0.00337600,325.00000000
1565092800,1565096399,0.00339700,0.00339700,0.00337000,0.00337000,129.00000000
1565096400,1565099999,0.00337000,0.00337000,0.00337000,0.00337000,0.00000000
1565100000,1565103599,0.00337000,0.00337000,0.00337000,0.00337000,0.00000000
1565103600,1565107199,0.00337000,0.00337000,0.00337000,0.00337000,73.00000000
1565107200,1565110799,0.00337000,0.00337000,0.00337000,0.00337000,2696.00000000
1565110800,1565114399,0.00337000,0.00337000,0.00337000,0.00337000,0.00000000
1565114400,1565117999,0.00339500,0.00339500,0.00332900,0.00336800,2063.00000000
1565118000,1565121599,0.00333600,0.00339500,0.00333600,0.00339500,371.00000000
1565121600,1565125199,0.00339500,0.00339500,0.00339500,0.00339500,0.00000000
1565125200,1565128799,0.00331500,0.00332700,0.00331500,0.00332700,266.00000000
1565128800,1565132399,0.00331300,0.00331300,0.00331000,0.00331200,248.00000000
1565132400,1565135999,0.00334100,0.00344800,0.00329700,0.00330100,2234.00000000
1565136000,1565139599,0.00332800,0.00345600,0.00327400,0.00331300,10043.00000000
1565139600,1565143199,0.00340400,0.00341100,0.00331700,0.00331700,963.00000000
1565143200,1565146799,0.00332100,0.00332100,0.00323400,0.00323900,8572.00000000
1565146800,1565150399,0.00327700,0.00330300,0.00327700,0.00330300,1871.00000000
1565150400,1565153999,0.00330300,0.00330300,0.00330300,0.00330300,0.00000000
1565154000,1565157599,0.00332500,0.00332500,0.00332500,0.00332500,62.00000000
1565157600,1565161199,0.00332500,0.00332500,0.00332500,0.00332500,0.00000000
1565161200,1565164799,0.00332500,0.00332500,0.00332500,0.00332500,0.00000000
1565164800,1565168399,0.00332500,0.00332500,0.00332500,0.00332500,0.00000000
1565168400,1565171999,0.00339800,0.00342700,0.00339800,0.00342700,3315.00000000
1565172000,1565175599,0.00339800,0.00347300,0.00339800,0.00347300,4129.00000000
1565175600,1565179199,0.00342500,0.00342500,0.00342500,0.00342500,44.00000000
1565179200,1565182799,0.00348600,0.00354200,0.00340900,0.00340900,2815.00000000
1565182800,1565186399,0.00332500,0.00349200,0.00324400,0.00327900,1456.00000000
1565186400,1565189999,0.00324600,0.00325500,0.00322500,0.00325500,94.00000000
1565190000,1565193599,0.00327900,0.00339800,0.00327900,0.00328700,580.00000000
1565193600,1565197199,0.00328700,0.00328700,0.00316100,0.00318700,1498.00000000
1565197200,1565200799,0.00321100,0.00321700,0.00321100,0.00321700,102.00000000
1565200800,1565204399,0.00318000,0.00318100,0.00315100,0.00318100,193.00000000
1565204400,1565207999,0.00314200,0.00314200,0.00312800,0.00312800,65.00000000
1565208000,1565211599,0.00315700,0.00320400,0.00314100,0.00314100,209.00000000
1565211600,1565215199,0.00312800,0.00316600,0.00312800,0.00316600,130.00000000
1565215200,1565218799,0.00315800,0.00315800,0.00313100,0.00314900,3021.00000000
1565218800,1565222399,0.00320400,0.00352100,0.00320400,0.00330500,47709.00000000
1565222400,1565225999,0.00339100,0.00339500,0.00339100,0.00339100,2819.00000000
1565226000,1565229599,0.00339000,0.00367200,0.00334100,0.00334100,22461.00000000
1565229600,1565233199,0.00336900,0.00342700,0.00322800,0.00324400,9591.00000000
1565233200,1565236799,0.00324800,0.00324800,0.00317500,0.00317700,2350.00000000
1565236800,1565240399,0.00317500,0.00317500,0.00317500,0.00317500,49.00000000
1565240400,1565243999,0.00315300,0.00315300,0.00313000,0.00313000,97.00000000
1565244000,1565247599,0.00315900,0.00330900,0.00315900,0.00318000,734.00000000
1565247600,1565251199,0.00316900,0.00316900,0.00308000,0.00312000,1513.00000000
1565251200,1565254799,0.00308000,0.00310300,0.00305000,0.00310300,2011.10000000
1565254800,1565258399,0.00310300,0.00314400,0.00310300,0.00314400,7981.00000000
1565258400,1565261999,0.00314400,0.00314400,0.00314400,0.00314400,0.00000000
1565262000,1565265599,0.00306500,0.00308800,0.00306400,0.00308800,741.00000000
1565265600,1565269199,0.00308800,0.00309300,0.00308800,0.00309300,885.00000000
1565269200,1565272799,0.00313900,0.00313900,0.00311700,0.00312500,1321.00000000
1565272800,1565276399,0.00312500,0.00312500,0.00306000,0.00306000,4397.00000000
1565276400,1565279999,0.00308300,0.00308300,0.00305000,0.00305500,3107.00000000
1565280000,1565283599,0.00305000,0.00306400,0.00300700,0.00303500,3659.00000000
1565283600,1565287199,0.00302400,0.00302400,0.00302400,0.00302400,1616.00000000
1565287200,1565290799,0.00302400,0.00302400,0.00302400,0.00302400,0.00000000
1565290800,1565294399,0.00304700,0.00304700,0.00300700,0.00300700,760.00000000
1565294400,1565297999,0.00300700,0.00301800,0.00297300,0.00297300,598.00000000
1565298000,1565301599,0.00296400,0.00300100,0.00295200,0.00300100,150.00000000
1565301600,1565305199,0.00297900,0.00297900,0.00293300,0.00296100,103.00000000
1565305200,1565308799,0.00293100,0.00302400,0.00293100,0.00302400,421.00000000
1565308800,1565312399,0.00295000,0.00297800,0.00293800,0.00297800,343.00000000
1565312400,1565315999,0.00297800,0.00297800,0.00297800,0.00297800,0.00000000
1565316000,1565319599,0.00293100,0.00294300,0.00291600,0.00294300,207.00000000
1565319600,1565323199,0.00291900,0.00294600,0.00291900,0.00294600,69.00000000
1565323200,1565326799,0.00294600,0.00294600,0.00294600,0.00294600,0.00000000
1565326800,1565330399,0.00294600,0.00294600,0.00294600,0.00294600,0.00000000
1565330400,1565333999,0.00293100,0.00293100,0.00293100,0.00293100,79.00000000
1565334000,1565337599,0.00296200,0.00298600,0.00296200,0.00298600,1739.00000000
1565337600,1565341199,0.00293500,0.00296700,0.00289600,0.00296700,4104.00000000
1565341200,1565344799,0.00290800,0.00290800,0.00289600,0.00290700,3324.00000000
1565344800,1565348399,0.00292900,0.00292900,0.00286400,0.00289100,1353.00000000
1565348400,1565351999,0.00291400,0.00291400,0.00291400,0.00291400,750.00000000
1565352000,1565355599,0.00293400,0.00293400,0.00293400,0.00293400,70.00000000
1565355600,1565359199,0.00292200,0.00299700,0.00286200,0.00286200,2577.00000000
1565359200,1565362799,0.00288900,0.00293000,0.00288900,0.00292100,1733.00000000
1565362800,1565366399,0.00292100,0.00292100,0.00292100,0.00292100,0.00000000
1565366400,1565369999,0.00292100,0.00292100,0.00292100,0.00292100,0.00000000
1565370000,1565373599,0.00292100,0.00292100,0.00292100,0.00292100,0.00000000
1565373600,1565377199,0.00292100,0.00292100,0.00286300,0.00289800,51556.00000000
1565377200,1565380799,0.00286200,0.00286400,0.00282900,0.00285500,8071.00000000
1565380800,1565384399,0.00285500,0.00285500,0.00285500,0.00285500,0.00000000
1565384400,1565387999,0.00287900,0.00289800,0.00287900,0.00289800,803.00000000
1565388000,1565391599,0.00285300,0.00285300,0.00285300,0.00285300,81.00000000
1565391600,1565395199,0.00289800,0.00304600,0.00289800,0.00292400,891.00000000
1565395200,1565398799,0.00299400,0.00314400,0.00294500,0.00301300,2926.00000000
1565398800,1565402399,0.00301300,0.00301300,0.00301300,0.00301300,0.00000000
1565402400,1565405999,0.00301300,0.00301300,0.00301300,0.00301300,0.00000000
1565406000,1565409599,0.00301300,0.00301300,0.00301300,0.00301300,0.00000000
1565409600,1565413199,0.00301300,0.00301300,0.00301300,0.00301300,0.00000000
1565413200,1565416799,0.00301300,0.00301300,0.00301300,0.00301300,0.00000000
1565416800,1565420399,0.00303600,0.00303600,0.00303600,0.00303600,200.00000000
1565420400,1565423999,0.00303600,0.00303600,0.00303600,0.00303600,0.00000000
1565424000,1565427599,0.00303600,0.00303600,0.00303600,0.00303600,0.00000000
1565427600,1565431199,0.00303600,0.00303600,0.00303600,0.00303600,0.00000000
1565431200,1565434799,0.00303600,0.00303600,0.00303600,0.00303600,322.00000000
1565434800,1565438399,0.00296900,0.00299100,0.00296900,0.00299100,2984.00000000
1565438400,1565441999,0.00299100,0.00299100,0.00299100,0.00299100,0.00000000
1565442000,1565445599,0.00302800,0.00302800,0.00302800,0.00302800,177.00000000
1565445600,1565449199,0.00302800,0.00302800,0.00302800,0.00302800,0.00000000
1565449200,1565452799,0.00307500,0.00307500,0.00307500,0.00307500,42.00000000
1565452800,1565456399,0.00302500,0.00302500,0.00302400,0.00302400,1486.00000000
1565456400,1565459999,0.00302400,0.00302400,0.00302400,0.00302400,0.00000000
1565460000,1565463599,0.00301000,0.00303300,0.00298700,0.00298700,319.00000000
1565463600,1565467199,0.00298300,0.00298300,0.00298300,0.00298300,35.00000000
1565467200,1565470799,0.00298300,0.00298300,0.00298300,0.00298300,0.00000000
1565470800,1565474399,0.00298300,0.00298300,0.00298300,0.00298300,0.00000000
1565474400,1565477999,0.00298300,0.00298300,0.00298300,0.00298300,0.00000000
1565478000,1565481599,0.00298300,0.00298300,0.00298300,0.00298300,0.00000000
1565481600,1565485199,0.00298000,0.00307300,0.00298000,0.00307300,300.00000000
1565485200,1565488799,0.00300000,0.00307300,0.00300000,0.00302600,557.00000000
1565488800,1565492399,0.00302000,0.00307900,0.00299600,0.00307900,624.00000000
1565492400,1565495999,0.00299500,0.00299500,0.00296600,0.00296600,376.00000000
1565496000,1565499599,0.00296600,0.00296600,0.00296600,0.00296600,0.00000000
1565499600,1565503199,0.00296600,0.00296600,0.00296600,0.00296600,0.00000000
1565503200,1565506799,0.00296600,0.00296600,0.00296600,0.00296600,0.00000000
1565506800,1565510399,0.00296600,0.00296600,0.00296600,0.00296600,0.00000000
1565510400,1565513999,0.00300000,0.00300000,0.00300000,0.00300000,83.00000000
1565514000,1565517599,0.00302200,0.00302200,0.00300000,0.00300000,354.00000000
1565517600,1565521199,0.00300100,0.00300100,0.00297700,0.00297700,1815.00000000
1565521200,1565524799,0.00302700,0.00302700,0.00302300,0.00302300,123.00000000
1565524800,1565528399,0.00299300,0.00299300,0.00299300,0.00299300,41.00000000
1565528400,1565531999,0.00302800,0.00311000,0.00302800,0.00311000,481.00000000
1565532000,1565535599,0.00307700,0.00307700,0.00307700,0.00307700,40.00000000
1565535600,1565539199,0.00305000,0.00310700,0.00304400,0.00308800,1238.00000000
1565539200,1565542799,0.00308800,0.00308800,0.00308800,0.00308800,0.00000000
1565542800,1565546399,0.00305800,0.00305800,0.00305800,0.00305800,40.00000000
1565546400,1565549999,0.00305800,0.00305800,0.00305800,0.00305800,0.00000000
1565550000,1565553599,0.00309300,0.00316900,0.00309300,0.00315300,1632.00000000
1565553600,1565557199,0.00312200,0.00317000,0.00311600,0.00312200,1833.00000000
1565557200,1565560799,0.00313500,0.00313500,0.00309300,0.00309300,1052.00000000
1565560800,1565564399,0.00301300,0.00307900,0.00301300,0.00307900,689.00000000
1565564400,1565567999,0.00307900,0.00307900,0.00307900,0.00307900,0.00000000
1565568000,1565571599,0.00306000,0.00306000,0.00306000,0.00306000,100.00000000
1565571600,1565575199,0.00306800,0.00306800,0.00306800,0.00306800,197.00000000
1565575200,1565578799,0.00306800,0.00306800,0.00306800,0.00306800,0.00000000
1565578800,1565582399,0.00309300,0.00312600,0.00309000,0.00309600,7027.00000000
1565582400,1565585999,0.00299900,0.00314700,0.00299900,0.00314700,774.00000000
1565586000,1565589599,0.00314700,0.00314700,0.00314700,0.00314700,0.00000000
1565589600,1565593199,0.00314700,0.00314700,0.00314700,0.00314700,0.00000000
1565593200,1565596799,0.00300600,0.00303000,0.00300500,0.00303000,1370.00000000
1565596800,1565600399,0.00309200,0.00309200,0.00309200,0.00309200,39.00000000
1565600400,1565603999,0.00309200,0.00309200,0.00309200,0.00309200,0.00000000
1565604000,1565607599,0.00309200,0.00309200,0.00309200,0.00309200,0.00000000
1565607600,1565611199,0.00309200,0.00309200,0.00309200,0.00309200,0.00000000
1565611200,1565614799,0.00309200,0.00309200,0.00309200,0.00309200,0.00000000
1565614800,1565618399,0.00309200,0.00309200,0.00309200,0.00309200,0.00000000
1565618400,1565621999,0.00309200,0.00309200,0.00309200,0.00309200,0.00000000
1565622000,1565625599,0.00309200,0.00309200,0.00309200,0.00309200,0.00000000
1565625600,1565629199,0.00309200,0.00309200,0.00309200,0.00309200,0.00000000
1565629200,1565632799,0.00309000,0.00309000,0.00309000,0.00309000,292.00000000
1565632800,1565636399,0.00309000,0.00309000,0.00309000,0.00309000,0.00000000
1565636400,1565639999,0.00308000,0.00308000,0.00300700,0.00300700,7918.00000000
1565640000,1565643599,0.00308000,0.00308000,0.00308000,0.00308000,745.00000000
1565643600,1565647199,0.00308000,0.00308000,0.00308000,0.00308000,360.00000000
1565647200,1565650799,0.00308000,0.00308000,0.00308000,0.00308000,0.00000000
1565650800,1565654399,0.00308000,0.00308000,0.00308000,0.00308000,0.00000000
1565654400,1565657999,0.00308600,0.00310200,0.00308600,0.00310200,183.00000000
1565658000,1565661599,0.00299800,0.00299800,0.00299800,0.00299800,49.00000000
1565661600,1565665199,0.00299800,0.00299800,0.00299800,0.00299800,0.00000000
1565665200,1565668799,0.00299800,0.00299800,0.00299800,0.00299800,0.00000000
1565668800,1565672399,0.00299800,0.00299800,0.00299800,0.00299800,0.00000000
1565672400,1565675999,0.00299800,0.00299800,0.00299800,0.00299800,0.00000000
1565676000,1565679599,0.00299800,0.00299800,0.00291000,0.00296300,146.00000000
1565679600,1565683199,0.00296300,0.00296300,0.00296300,0.00296300,0.00000000
1565683200,1565686799,0.00295700,0.00295700,0.00295700,0.00295700,54.00000000
1565686800,1565690399,0.00295700,0.00295700,0.00295700,0.00295700,0.00000000
1565690400,1565693999,0.00299800,0.00299800,0.00299800,0.00299800,334.00000000
1565694000,1565697599,0.00299800,0.00299800,0.00299800,0.00299800,0.00000000
1565697600,1565701199,0.00299800,0.00299800,0.00299800,0.00299800,0.00000000
1565701200,1565704799,0.00299800,0.00299800,0.00299800,0.00299800,0.00000000
1565704800,1565708399,0.00299800,0.00299800,0.00299800,0.00299800,0.00000000
1565708400,1565711999,0.00299800,0.00299800,0.00299800,0.00299800,0.00000000
1565712000,1565715599,0.00299800,0.00299800,0.00299800,0.00299800,0.00000000
1565715600,1565719199,0.00309300,0.00309300,0.00309300,0.00309300,35.00000000
1565719200,1565722799,0.00309300,0.00309300,0.00309300,0.00309300,70.00000000
1565722800,1565726399,0.00309300,0.00309300,0.00309300,0.00309300,0.00000000
1565726400,1565729999,0.00309300,0.00310200,0.00300700,0.00306600,47815.00000000
1565730000,1565733599,0.00306600,0.00319200,0.00303000,0.00307300,9375.00000000
1565733600,1565737199,0.00308100,0.00308100,0.00308100,0.00308100,40.00000000
1565737200,1565740799,0.00308100,0.00308100,0.00308100,0.00308100,0.00000000
1565740800,1565744399,0.00305100,0.00305100,0.00305100,0.00305100,40.00000000
1565744400,1565747999,0.00305100,0.00305100,0.00305100,0.00305100,0.00000000
1565748000,1565751599,0.00305100,0.00305100,0.00305100,0.00305100,0.00000000
1565751600,1565755199,0.00307400,0.00307400,0.00307400,0.00307400,198.00000000
1565755200,1565758799,0.00307400,0.00307400,0.00307400,0.00307400,0.00000000
1565758800,1565762399,0.00307400,0.00307400,0.00307400,0.00307400,0.00000000
1565762400,1565765999,0.00307400,0.00307400,0.00307400,0.00307400,325.00000000
1565766000,1565769599,0.00308600,0.00308600,0.00308600,0.00308600,158.00000000
1565769600,1565773199,0.00309300,0.00311400,0.00309000,0.00309600,786.00000000
1565773200,1565776799,0.00311100,0.00311200,0.00308100,0.00308100,11791.00000000
1565776800,1565780399,0.00308100,0.00308100,0.00308100,0.00308100,0.00000000
1565780400,1565783999,0.00308500,0.00308500,0.00308500,0.00308500,325.00000000
1565784000,1565787599,0.00308500,0.00308500,0.00308500,0.00308500,0.00000000
1565787600,1565791199,0.00311200,0.00319400,0.00311200,0.00319400,956.00000000
1565791200,1565794799,0.00319400,0.00323600,0.00313500,0.00323600,1691.00000000
1565794800,1565798399,0.00323600,0.00332300,0.00322800,0.00322800,4087.00000000
1565798400,1565801999,0.00313900,0.00313900,0.00313900,0.00313900,378.00000000
1565802000,1565805599,0.00313900,0.00313900,0.00313900,0.00313900,0.00000000
1565805600,1565809199,0.00313900,0.00313900,0.00306200,0.00306200,1061.00000000
1565809200,1565812799,0.00306200,0.00306200,0.00306200,0.00306200,0.00000000
1565812800,1565816399,0.00313900,0.00313900,0.00313900,0.00313900,643.00000000
1565816400,1565819999,0.00313900,0.00313900,0.00313900,0.00313900,0.00000000
1565820000,1565823599,0.00313900,0.00313900,0.00313900,0.00313900,0.00000000
1565823600,1565827199,0.00313900,0.00313900,0.00313900,0.00313900,0.00000000
1565827200,1565830799,0.00309800,0.00331900,0.00305300,0.00305300,9050.00000000
1565830800,1565834399,0.00308100,0.00308100,0.00306300,0.00306300,7808.00000000
1565863200,1565866799,0.00302700,0.00302700,0.00302700,0.00302700,51.00000000
1565866800,1565870399,0.00298100,0.00298100,0.00298100,0.00298100,36.00000000
1565870400,1565873999,0.00294100,0.00294100,0.00294100,0.00294100,411.00000000
1565874000,1565877599,0.00294100,0.00294100,0.00288600,0.00288600,1122.00000000
1565877600,1565881199,0.00291300,0.00291300,0.00291300,0.00291300,1464.00000000
1565881200,1565884799,0.00293300,0.00293300,0.00293300,0.00293300,341.00000000
1565884800,1565888399,0.00293300,0.00294100,0.00293300,0.00294100,375.00000000
1565888400,1565891999,0.00294100,0.00294100,0.00294100,0.00294100,0.00000000
1565892000,1565895599,0.00294100,0.00294100,0.00294100,0.00294100,0.00000000
1565895600,1565899199,0.00294200,0.00294200,0.00294200,0.00294200,210.00000000
1565899200,1565902799,0.00288500,0.00290200,0.00287900,0.00288200,7552.00000000
1565902800,1565906399,0.00288200,0.00288200,0.00288200,0.00288200,0.00000000
1565906400,1565909999,0.00288200,0.00288200,0.00288200,0.00288200,0.00000000
1565910000,1565913599,0.00290600,0.00290600,0.00290600,0.00290600,343.00000000
1565913600,1565917199,0.00290600,0.00290600,0.00290600,0.00290600,0.00000000
1565917200,1565920799,0.00290600,0.00290600,0.00290600,0.00290600,0.00000000
1565920800,1565924399,0.00290600,0.00290600,0.00290600,0.00290600,0.00000000
1565924400,1565927999,0.00294900,0.00295600,0.00294900,0.00294900,677.00000000
1565928000,1565931599,0.00294900,0.00297900,0.00292400,0.00297900,571.00000000
1565931600,1565935199,0.00297900,0.00297900,0.00297900,0.00297900,0.00000000
1565935200,1565938799,0.00290800,0.00291700,0.00289000,0.00291700,414.00000000
1565938800,1565942399,0.00291700,0.00291700,0.00291700,0.00291700,0.00000000
1565942400,1565945999,0.00291700,0.00291700,0.00291700,0.00291700,0.00000000
1565946000,1565949599,0.00291700,0.00291700,0.00291700,0.00291700,0.00000000
1565949600,1565953199,0.00295400,0.00295400,0.00291700,0.00291700,490.00000000
1565953200,1565956799,0.00296100,0.00308900,0.00296100,0.00308900,744.00000000
1565956800,1565960399,0.00308900,0.00308900,0.00308900,0.00308900,0.00000000
1565960400,1565963999,0.00292700,0.00295500,0.00292700,0.00295500,666.00000000
1565964000,1565967599,0.00292700,0.00325600,0.00290100,0.00297100,6950.00000000
1565967600,1565971199,0.00301500,0.00301500,0.00284500,0.00292000,40677.00000000
1565971200,1565974799,0.00292000,0.00292000,0.00292000,0.00292000,4024.00000000
1565974800,1565978399,0.00290300,0.00297200,0.00285000,0.00287700,561.00000000
1565978400,1565981999,0.00289100,0.00289100,0.00287700,0.00287700,94.00000000
1565982000,1565985599,0.00287700,0.00291900,0.00287700,0.00291900,507.00000000
1565985600,1565989199,0.00291900,0.00291900,0.00291900,0.00291900,0.00000000
1565989200,1565992799,0.00287200,0.00287200,0.00287200,0.00287200,104.00000000
1565992800,1565996399,0.00291900,0.00294000,0.00291900,0.00294000,772.00000000
1565996400,1565999999,0.00294000,0.00294000,0.00294000,0.00294000,0.00000000
1566000000,1566003599,0.00297200,0.00307800,0.00297200,0.00307800,565.00000000
1566003600,1566007199,0.00297700,0.00297700,0.00297700,0.00297700,66.00000000
1566007200,1566010799,0.00301500,0.00301500,0.00301500,0.00301500,199.00000000
1566010800,1566014399,0.00301500,0.00301500,0.00301500,0.00301500,0.00000000
1566014400,1566017999,0.00301500,0.00301500,0.00301500,0.00301500,0.00000000
1566018000,1566021599,0.00298600,0.00298600,0.00298600,0.00298600,41.00000000
1566021600,1566025199,0.00298600,0.00298600,0.00297500,0.00297500,351.00000000
1566025200,1566028799,0.00297500,0.00297500,0.00297500,0.00297500,0.00000000
1566028800,1566032399,0.00297500,0.00297500,0.00295700,0.00295700,49.00000000
1566032400,1566035999,0.00295700,0.00295700,0.00295700,0.00295700,0.00000000
1566036000,1566039599,0.00295700,0.00295700,0.00295700,0.00295700,0.00000000
1566039600,1566043199,0.00295700,0.00295700,0.00295700,0.00295700,0.00000000
1566043200,1566046799,0.00297600,0.00302000,0.00297600,0.00302000,85.00000000
1566046800,1566050399,0.00304100,0.00309800,0.00304100,0.00306400,561.00000000
1566050400,1566053999,0.00307800,0.00310000,0.00307100,0.00307100,361.00000000
1566054000,1566057599,0.00307100,0.00307100,0.00307100,0.00307100,0.00000000
1566057600,1566061199,0.00307100,0.00307100,0.00307100,0.00307100,0.00000000
1566061200,1566064799,0.00307100,0.00307100,0.00307100,0.00307100,0.00000000
1566064800,1566068399,0.00312300,0.00312300,0.00309100,0.00309100,226.00000000
1566068400,1566071999,0.00309100,0.00309100,0.00309100,0.00309100,0.00000000
1566072000,1566075599,0.00309100,0.00309100,0.00309100,0.00309100,0.00000000
1566075600,1566079199,0.00309100,0.00309100,0.00309100,0.00309100,0.00000000
1566079200,1566082799,0.00309100,0.00309100,0.00309100,0.00309100,0.00000000
1566082800,1566086399,0.00309100,0.00309100,0.00309100,0.00309100,0.00000000
1566086400,1566089999,0.00309100,0.00309100,0.00294600,0.00294600,184.00000000
1566090000,1566093599,0.00294600,0.00294600,0.00294600,0.00294600,0.00000000
1566093600,1566097199,0.00294600,0.00294600,0.00294600,0.00294600,0.00000000
1566097200,1566100799,0.00294600,0.00294600,0.00294600,0.00294600,0.00000000
1566100800,1566104399,0.00294600,0.00294600,0.00294600,0.00294600,0.00000000
1566104400,1566107999,0.00294600,0.00294600,0.00294600,0.00294600,0.00000000
1566108000,1566111599,0.00294600,0.00294600,0.00294600,0.00294600,0.00000000
1566111600,1566115199,0.00294600,0.00294600,0.00294600,0.00294600,0.00000000
1566115200,1566118799,0.00294600,0.00294600,0.00294600,0.00294600,0.00000000
1566118800,1566122399,0.00294600,0.00294600,0.00294600,0.00294600,0.00000000
1566122400,1566125999,0.00297500,0.00302800,0.00294900,0.00298400,9600.00000000
1566126000,1566129599,0.00298400,0.00298400,0.00298400,0.00298400,0.00000000
1566129600,1566133199,0.00298400,0.00298400,0.00298400,0.00298400,61.00000000
1566133200,1566136799,0.00298400,0.00298400,0.00297500,0.00297500,1098.00000000
1566136800,1566140399,0.00295500,0.00301700,0.00295500,0.00301700,1058.00000000
1566140400,1566143999,0.00294600,0.00294600,0.00294600,0.00294600,124.00000000
1566144000,1566147599,0.00294600,0.00294600,0.00294600,0.00294600,0.00000000
1566147600,1566151199,0.00294600,0.00294600,0.00294600,0.00294600,295.00000000
1566151200,1566154799,0.00307800,0.00307900,0.00293900,0.00293900,1192.00000000
1566154800,1566158399,0.00293900,0.00293900,0.00293900,0.00293900,0.00000000
1566158400,1566161999,0.00294000,0.00294000,0.00294000,0.00294000,226.00000000
1566162000,1566165599,0.00294000,0.00294000,0.00294000,0.00294000,0.00000000
1566165600,1566169199,0.00294000,0.00307700,0.00294000,0.00307700,274.00000000
1566169200,1566172799,0.00294600,0.00294600,0.00292400,0.00292400,837.00000000
1566172800,1566176399,0.00292400,0.00292400,0.00292400,0.00292400,0.00000000
1566176400,1566179999,0.00292400,0.00292400,0.00292400,0.00292400,0.00000000
1566180000,1566183599,0.00292400,0.00292400,0.00292400,0.00292400,0.00000000
1566183600,1566187199,0.00292400,0.00292400,0.00292400,0.00292400,0.00000000
1566187200,1566190799,0.00296800,0.00296800,0.00296800,0.00296800,43.00000000
1566190800,1566194399,0.00292700,0.00292700,0.00292700,0.00292700,45.00000000
1566194400,1566197999,0.00292400,0.00292400,0.00292400,0.00292400,1738.00000000
1566198000,1566201599,0.00292500,0.00292500,0.00291300,0.00292500,31752.00000000
1566201600,1566205199,0.00292500,0.00292500,0.00292500,0.00292500,0.00000000
1566205200,1566208799,0.00289500,0.00289500,0.00289500,0.00289500,54.00000000
1566208800,1566212399,0.00289500,0.00289500,0.00289500,0.00289500,0.00000000
1566212400,1566215999,0.00289500,0.00289500,0.00289500,0.00289500,0.00000000
1566216000,1566219599,0.00289500,0.00289500,0.00289500,0.00289500,0.00000000
1566219600,1566223199,0.00293800,0.00294000,0.00293800,0.00294000,88.00000000
1566223200,1566226799,0.00294000,0.00294000,0.00294000,0.00294000,0.00000000
1566226800,1566230399,0.00294000,0.00295100,0.00294000,0.00295100,62.00000000
1566230400,1566233999,0.00298400,0.00298400,0.00298400,0.00298400,51.00000000
1566234000,1566237599,0.00295200,0.00295200,0.00295200,0.00295200,640.00000000
1566237600,1566241199,0.00295200,0.00295200,0.00295200,0.00295200,0.00000000
1566241200,1566244799,0.00297300,0.00297300,0.00297100,0.00297100,126.00000000
1566244800,1566248399,0.00298400,0.00305000,0.00298400,0.00303100,204.00000000
1566248400,1566251999,0.00295900,0.00295900,0.00295900,0.00295900,144.00000000
1566252000,1566255599,0.00297000,0.00297000,0.00297000,0.00297000,351.00000000
1566255600,1566259199,0.00295000,0.00295000,0.00291100,0.00293800,336.00000000
1566259200,1566262799,0.00293800,0.00293800,0.00293800,0.00293800,0.00000000
1566262800,1566266399,0.00293800,0.00293800,0.00293800,0.00293800,0.00000000
1566266400,1566269999,0.00291100,0.00291100,0.00291100,0.00291100,238.00000000
1566270000,1566273599,0.00291000,0.00292700,0.00290000,0.00292700,105.00000000
1566273600,1566277199,0.00292700,0.00292700,0.00292700,0.00292700,0.00000000
1566277200,1566280799,0.00290800,0.00290800,0.00290800,0.00290800,51.00000000
1566280800,1566284399,0.00290800,0.00290800,0.00290800,0.00290800,0.00000000
1566284400,1566287999,0.00290800,0.00290800,0.00290800,0.00290800,0.00000000
1566288000,1566291599,0.00290800,0.00290800,0.00290800,0.00290800,0.00000000
1566291600,1566295199,0.00297100,0.00297100,0.00295000,0.00295000,10891.00000000
1566295200,1566298799,0.00294400,0.00294400,0.00294400,0.00294400,38.00000000
1566298800,1566302399,0.00297900,0.00298200,0.00293400,0.00298100,720.00000000
1566302400,1566305999,0.00298100,0.00298100,0.00298100,0.00298100,0.00000000
1566306000,1566309599,0.00298100,0.00298100,0.00298100,0.00298100,0.00000000
1566309600,1566313199,0.00298100,0.00298100,0.00298100,0.00298100,0.00000000
1566313200,1566316799,0.00298200,0.00298200,0.00295200,0.00295200,1909.00000000
1566316800,1566320399,0.00295300,0.00295300,0.00295300,0.00295300,2873.00000000
1566320400,1566323999,0.00296100,0.00296100,0.00296100,0.00296100,1423.00000000
1566324000,1566327599,0.00296100,0.00296100,0.00296100,0.00296100,0.00000000
1566327600,1566331199,0.00296100,0.00296100,0.00296100,0.00296100,0.00000000
1566331200,1566334799,0.00295200,0.00295200,0.00295200,0.00295200,985.00000000
1566334800,1566338399,0.00295200,0.00295200,0.00295200,0.00295200,0.00000000
1566338400,1566341999,0.00295200,0.00295200,0.00295200,0.00295200,0.00000000
1566342000,1566345599,0.00295200,0.00295200,0.00295200,0.00295200,0.00000000
1566345600,1566349199,0.00301600,0.00301600,0.00301600,0.00301600,40.00000000
1566349200,1566352799,0.00301600,0.00301600,0.00301600,0.00301600,0.00000000
1566352800,1566356399,0.00301600,0.00301600,0.00301600,0.00301600,0.00000000
1566356400,1566359999,0.00301600,0.00301600,0.00301600,0.00301600,0.00000000
1566360000,1566363599,0.00301600,0.00301600,0.00301600,0.00301600,0.00000000
1566363600,1566367199,0.00293100,0.00293100,0.00292900,0.00292900,1959.00000000
1566367200,1566370799,0.00292900,0.00292900,0.00292900,0.00292900,0.00000000
1566370800,1566374399,0.00292900,0.00292900,0.00292900,0.00292900,0.00000000
1566374400,1566377999,0.00295300,0.00295300,0.00294500,0.00294500,2725.00000000
1566378000,1566381599,0.00294500,0.00294500,0.00294500,0.00294500,352.00000000
1566381600,1566385199,0.00294500,0.00294500,0.00294500,0.00294500,0.00000000
1566385200,1566388799,0.00301400,0.00301500,0.00293000,0.00293400,1712.00000000
1566388800,1566392399,0.00293400,0.00293400,0.00293400,0.00293400,0.00000000
1566392400,1566395999,0.00293400,0.00293400,0.00293400,0.00293400,0.00000000
1566396000,1566399599,0.00294100,0.00294100,0.00294100,0.00294100,863.00000000
1566399600,1566403199,0.00294100,0.00294100,0.00294100,0.00294100,0.00000000
1566403200,1566406799,0.00303000,0.00304700,0.00298900,0.00299000,23722.00000000
1566406800,1566410399,0.00299000,0.00299000,0.00299000,0.00299000,0.00000000
1566410400,1566413999,0.00305400,0.00305400,0.00302700,0.00302700,904.00000000
1566414000,1566417599,0.00302700,0.00302700,0.00302700,0.00302700,0.00000000
1566417600,1566421199,0.00302700,0.00302700,0.00302700,0.00302700,0.00000000
1566421200,1566424799,0.00299100,0.00299100,0.00299100,0.00299100,132.00000000
1566424800,1566428399,0.00299100,0.00299100,0.00299100,0.00299100,0.00000000
1566428400,1566431999,0.00299100,0.00299100,0.00299100,0.00299100,0.00000000
1566432000,1566435599,0.00299100,0.00299100,0.00299100,0.00299100,0.00000000
1566435600,1566439199,0.00296900,0.00296900,0.00296900,0.00296900,256.00000000
1566439200,1566442799,0.00296900,0.00296900,0.00296900,0.00296900,0.00000000
1566442800,1566446399,0.00296900,0.00296900,0.00296900,0.00296900,0.00000000
1566446400,1566449999,0.00296900,0.00296900,0.00296900,0.00296900,0.00000000
1566450000,1566453599,0.00299000,0.00299000,0.00299000,0.00299000,73.00000000
1566453600,1566457199,0.00299000,0.00299000,0.00299000,0.00299000,0.00000000
1566457200,1566460799,0.00300000,0.00300000,0.00300000,0.00300000,499.00000000
1566460800,1566464399,0.00300000,0.00300000,0.00300000,0.00300000,0.00000000
1566464400,1566467999,0.00300000,0.00300000,0.00300000,0.00300000,0.00000000
1566468000,1566471599,0.00300000,0.00300000,0.00300000,0.00300000,0.00000000
1566471600,1566475199,0.00300000,0.00300000,0.00300000,0.00300000,0.00000000
1566475200,1566478799,0.00307100,0.00307400,0.00307100,0.00307400,1609.00000000
1566478800,1566482399,0.00305100,0.00305100,0.00301000,0.00301000,7315.00000000
1566482400,1566485999,0.00301000,0.00301000,0.00301000,0.00301000,0.00000000
1566486000,1566489599,0.00307400,0.00307500,0.00307400,0.00307500,5409.00000000
1566489600,1566493199,0.00307500,0.00310600,0.00305600,0.00310600,31056.00000000
1566493200,1566496799,0.00310600,0.00317700,0.00309100,0.00316800,6775.00000000
1566496800,1566500399,0.00312000,0.00319000,0.00312000,0.00319000,1393.00000000
1566500400,1566503999,0.00314400,0.00314400,0.00314400,0.00314400,5018.00000000
1566504000,1566507599,0.00314400,0.00314400,0.00314400,0.00314400,0.00000000
1566507600,1566511199,0.00317200,0.00320000,0.00317100,0.00317100,12041.00000000
1566511200,1566514799,0.00320000,0.00323500,0.00320000,0.00321200,9717.00000000
1566514800,1566518399,0.00321200,0.00321200,0.00321200,0.00321200,0.00000000
1566518400,1566521999,0.00325600,0.00325600,0.00325600,0.00325600,33.00000000
1566522000,1566525599,0.00316000,0.00316000,0.00316000,0.00316000,341.00000000
1566525600,1566529199,0.00316000,0.00316000,0.00316000,0.00316000,0.00000000
1566529200,1566532799,0.00316000,0.00316000,0.00316000,0.00316000,0.00000000
1566532800,1566536399,0.00325900,0.00325900,0.00325900,0.00325900,51.00000000
1566536400,1566539999,0.00328000,0.00329300,0.00324600,0.00324600,234.00000000
1566540000,1566543599,0.00324600,0.00324600,0.00324600,0.00324600,0.00000000
1566543600,1566547199,0.00331000,0.00333000,0.00328600,0.00328600,3170.00000000
1566547200,1566550799,0.00333000,0.00345400,0.00327900,0.00328700,6762.00000000
1566550800,1566554399,0.00328700,0.00328700,0.00328700,0.00328700,0.00000000
1566554400,1566557999,0.00329500,0.00329500,0.00329500,0.00329500,37.00000000
1566558000,1566561599,0.00331500,0.00348700,0.00327900,0.00327900,15596.00000000
1566561600,1566565199,0.00327900,0.00327900,0.00327900,0.00327900,0.00000000
1566565200,1566568799,0.00332100,0.00332200,0.00325300,0.00325300,2984.00000000
1566568800,1566572399,0.00329900,0.00332600,0.00328000,0.00328000,1315.00000000
1566572400,1566575999,0.00329000,0.00329000,0.00329000,0.00329000,548.00000000
1566576000,1566579599,0.00328000,0.00328000,0.00328000,0.00328000,304.00000000
1566579600,1566583199,0.00328000,0.00328000,0.00328000,0.00328000,0.00000000
1566583200,1566586799,0.00335800,0.00335800,0.00335800,0.00335800,2089.00000000
1566586800,1566590399,0.00335800,0.00335800,0.00335800,0.00335800,0.00000000
1566590400,1566593999,0.00335800,0.00335800,0.00335800,0.00335800,0.00000000
1566594000,1566597599,0.00335800,0.00335800,0.00335800,0.00335800,0.00000000
1566597600,1566601199,0.00335800,0.00335800,0.00335800,0.00335800,0.00000000
1566601200,1566604799,0.00335800,0.00335800,0.00335800,0.00335800,0.00000000
1566604800,1566608399,0.00334800,0.00334800,0.00334800,0.00334800,89.00000000
1566608400,1566611999,0.00334800,0.00334800,0.00334800,0.00334800,299.00000000
1566612000,1566615599,0.00334800,0.00334800,0.00334800,0.00334800,0.00000000
1566615600,1566619199,0.00335100,0.00338500,0.00333300,0.00336800,4986.00000000
1566619200,1566622799,0.00336800,0.00336800,0.00336800,0.00336800,308.00000000
1566622800,1566626399,0.00336800,0.00336800,0.00336800,0.00336800,0.00000000
1566626400,1566629999,0.00336800,0.00336800,0.00336800,0.00336800,0.00000000
1566630000,1566633599,0.00340200,0.00340500,0.00340200,0.00340500,142.00000000
1566633600,1566637199,0.00341400,0.00341400,0.00336100,0.00339500,4397.00000000
1566637200,1566640799,0.00337500,0.00337500,0.00335600,0.00335600,234.00000000
1566640800,1566644399,0.00347500,0.00348200,0.00337800,0.00337800,5132.00000000
1566644400,1566647999,0.00337800,0.00350400,0.00337800,0.00349000,5953.00000000
1566648000,1566651599,0.00351400,0.00351400,0.00351400,0.00351400,29.00000000
1566651600,1566655199,0.00351400,0.00351400,0.00351400,0.00351400,0.00000000
1566655200,1566658799,0.00351400,0.00351400,0.00351400,0.00351400,0.00000000
1566658800,1566662399,0.00351400,0.00351400,0.00349200,0.00349200,9214.00000000
1566662400,1566665999,0.00346400,0.00346400,0.00344800,0.00344800,1889.00000000
1566666000,1566669599,0.00348200,0.00348200,0.00348200,0.00348200,422.00000000
1566669600,1566673199,0.00348200,0.00348200,0.00348200,0.00348200,0.00000000
1566673200,1566676799,0.00348200,0.00348200,0.00348200,0.00348200,287.00000000
1566676800,1566680399,0.00348200,0.00348200,0.00348200,0.00348200,0.00000000
1566680400,1566683999,0.00348200,0.00348200,0.00348200,0.00348200,0.00000000
1566684000,1566687599,0.00351700,0.00351700,0.00344400,0.00344400,76.00000000
1566687600,1566691199,0.00344400,0.00344400,0.00344400,0.00344400,0.00000000
1566691200,1566694799,0.00344600,0.00344600,0.00344600,0.00344600,291.00000000
1566694800,1566698399,0.00344600,0.00344600,0.00344600,0.00344600,0.00000000
1566698400,1566701999,0.00344600,0.00344600,0.00344600,0.00344600,0.00000000
1566702000,1566705599,0.00344600,0.00344600,0.00344600,0.00344600,0.00000000
1566705600,1566709199,0.00351700,0.00351700,0.00351700,0.00351700,393.00000000
1566709200,1566712799,0.00351800,0.00351800,0.00351600,0.00351600,321.00000000
1566712800,1566716399,0.00351600,0.00351600,0.00351600,0.00351600,0.00000000
1566716400,1566719999,0.00351600,0.00351600,0.00351600,0.00351600,0.00000000
1566720000,1566723599,0.00361200,0.00379800,0.00361200,0.00378000,19011.00000000
1566723600,1566727199,0.00380000,0.00405800,0.00379300,0.00381500,40757.00000000
1566727200,1566730799,0.00372600,0.00372700,0.00370000,0.00370000,3402.00000000
1566730800,1566734399,0.00367200,0.00367200,0.00366200,0.00366200,932.00000000
1566734400,1566737999,0.00366200,0.00366200,0.00366200,0.00366200,0.00000000
1566738000,1566741599,0.00366200,0.00366200,0.00366200,0.00366200,0.00000000
1566741600,1566745199,0.00367900,0.00374700,0.00367900,0.00374700,78.00000000
1566745200,1566748799,0.00374700,0.00374700,0.00374700,0.00374700,115.00000000
1566748800,1566752399,0.00374700,0.00374700,0.00374700,0.00374700,0.00000000
1566752400,1566755999,0.00366600,0.00369000,0.00366600,0.00369000,64.00000000
1566756000,1566759599,0.00374000,0.00374700,0.00370800,0.00374600,26652.00000000
1566759600,1566763199,0.00374000,0.00374000,0.00369000,0.00369000,801.00000000
1566763200,1566766799,0.00369000,0.00369000,0.00369000,0.00369000,0.00000000
1566766800,1566770399,0.00374600,0.00396700,0.00374600,0.00391900,3447.00000000
1566770400,1566773999,0.00396300,0.00396700,0.00376100,0.00386900,7002.00000000
1566774000,1566777599,0.00386900,0.00405500,0.00386900,0.00388000,10038.00000000
1566777600,1566781199,0.00390600,0.00390600,0.00368500,0.00375900,39471.00000000
1566781200,1566784799,0.00375900,0.00382800,0.00375900,0.00382800,197.00000000
1566784800,1566788399,0.00385100,0.00385100,0.00385100,0.00385100,36.00000000
1566788400,1566791999,0.00385100,0.00385100,0.00385100,0.00385100,0.00000000
1566792000,1566795599,0.00385100,0.00389800,0.00368500,0.00368500,41911.00000000
1566795600,1566799199,0.00369000,0.00369500,0.00360700,0.00363000,96634.00000000
1566799200,1566802799,0.00364500,0.00364500,0.00354500,0.00356000,8878.00000000
1566802800,1566806399,0.00354900,0.00355200,0.00349300,0.00349700,6631.00000000
1566806400,1566809999,0.00349700,0.00349700,0.00349700,0.00349700,0.00000000
1566810000,1566813599,0.00355400,0.00359600,0.00355400,0.00359600,4962.00000000
1566813600,1566817199,0.00349800,0.00350000,0.00349800,0.00350000,170.00000000
1566817200,1566820799,0.00359600,0.00364400,0.00357300,0.00361500,1134.00000000
1566820800,1566824399,0.00366700,0.00382700,0.00366700,0.00382700,3582.00000000
1566824400,1566827999,0.00369200,0.00379700,0.00366000,0.00366000,4473.00000000
1566828000,1566831599,0.00366000,0.00366000,0.00366000,0.00366000,0.00000000
1566831600,1566835199,0.00371100,0.00371100,0.00371100,0.00371100,489.00000000
1566835200,1566838799,0.00375200,0.00375200,0.00372600,0.00372600,1637.00000000
1566838800,1566842399,0.00372600,0.00372600,0.00372600,0.00372600,17487.00000000
1566842400,1566845999,0.00371800,0.00371800,0.00371800,0.00371800,827.00000000
1566846000,1566849599,0.00371800,0.00371800,0.00371800,0.00371800,28.00000000
1566849600,1566853199,0.00371800,0.00371800,0.00371800,0.00371800,0.00000000
1566853200,1566856799,0.00371800,0.00371800,0.00371800,0.00371800,0.00000000
1566856800,1566860399,0.00371800,0.00371800,0.00371800,0.00371800,0.00000000
1566860400,1566863999,0.00367000,0.00367000,0.00367000,0.00367000,55.00000000
1566864000,1566867599,0.00375900,0.00387300,0.00369100,0.00369100,19197.00000000
1566867600,1566871199,0.00369100,0.00369100,0.00369100,0.00369100,0.00000000
1566871200,1566874799,0.00369100,0.00369100,0.00369100,0.00369100,0.00000000
1566874800,1566878399,0.00384600,0.00384600,0.00365300,0.00370000,5455.00000000
1566878400,1566881999,0.00370000,0.00370000,0.00363300,0.00369900,184.00000000
1566882000,1566885599,0.00369900,0.00369900,0.00364100,0.00364100,159.00000000
1566885600,1566889199,0.00364100,0.00364100,0.00364100,0.00364100,0.00000000
1566889200,1566892799,0.00365000,0.00365000,0.00365000,0.00365000,44.00000000
1566892800,1566896399,0.00362000,0.00362000,0.00362000,0.00362000,194.00000000
1566896400,1566899999,0.00362000,0.00362000,0.00362000,0.00362000,0.00000000
1566900000,1566903599,0.00361300,0.00364200,0.00357100,0.00358900,800.00000000
1566903600,1566907199,0.00352000,0.00363000,0.00348900,0.00353300,4756.00000000
1566907200,1566910799,0.00353400,0.00357000,0.00353000,0.00353000,1057.00000000
1566910800,1566914399,0.00353000,0.00353000,0.00350000,0.00350000,248.00000000
1566914400,1566917999,0.00354200,0.00355000,0.00354200,0.00355000,248.00000000
1566918000,1566921599,0.00355000,0.00355000,0.00355000,0.00355000,35.00000000
1566921600,1566925199,0.00355000,0.00355000,0.00355000,0.00355000,0.00000000
1566925200,1566928799,0.00354000,0.00354000,0.00354000,0.00354000,142.00000000
1566928800,1566932399,0.00354000,0.00354000,0.00354000,0.00354000,0.00000000
1566932400,1566935999,0.00354000,0.00354000,0.00354000,0.00354000,0.00000000
1566936000,1566939599,0.00352500,0.00360000,0.00352000,0.00354300,4364.00000000
1566939600,1566943199,0.00354300,0.00354300,0.00354300,0.00354300,0.00000000
1566943200,1566946799,0.00354300,0.00354300,0.00354300,0.00354300,0.00000000
1566946800,1566950399,0.00354300,0.00354300,0.00348300,0.00348300,82.00000000
1566950400,1566953999,0.00358200,0.00358200,0.00349700,0.00356800,2377.00000000
1566954000,1566957599,0.00356800,0.00356800,0.00356800,0.00356800,0.00000000
1566957600,1566961199,0.00356800,0.00356800,0.00356800,0.00356800,0.00000000
1566961200,1566964799,0.00356800,0.00356800,0.00356800,0.00356800,0.00000000
1566964800,1566968399,0.00356800,0.00356800,0.00356800,0.00356800,0.00000000
1566968400,1566971999,0.00356800,0.00356800,0.00356800,0.00356800,0.00000000
1566972000,1566975599,0.00344500,0.00357000,0.00341000,0.00346500,5376.00000000
1566975600,1566979199,0.00346500,0.00346500,0.00346500,0.00346500,0.00000000
1566979200,1566982799,0.00346000,0.00354400,0.00346000,0.00354400,384.00000000
1566982800,1566986399,0.00348200,0.00354600,0.00348200,0.00349500,1722.00000000
1566986400,1566989999,0.00349500,0.00349500,0.00349500,0.00349500,0.00000000
1566990000,1566993599,0.00344800,0.00344800,0.00344800,0.00344800,123.00000000
1566993600,1566997199,0.00344800,0.00344800,0.00344800,0.00344800,0.00000000
1566997200,1567000799,0.00344800,0.00344800,0.00344800,0.00344800,0.00000000
1567000800,1567004399,0.00348500,0.00348500,0.00348500,0.00348500,168.00000000
1567004400,1567007999,0.00348500,0.00348500,0.00348500,0.00348500,0.00000000
1567008000,1567011599,0.00348500,0.00348500,0.00348500,0.00348500,54.00000000
1567011600,1567015199,0.00348300,0.00348300,0.00348300,0.00348300,66.00000000
1567015200,1567018799,0.00337400,0.00341700,0.00337400,0.00337700,792.00000000
1567018800,1567022399,0.00337700,0.00337700,0.00337700,0.00337700,0.00000000
1567022400,1567025999,0.00347800,0.00354900,0.00347800,0.00350800,3905.00000000
1567026000,1567029599,0.00347500,0.00347500,0.00347200,0.00347200,3870.00000000
1567029600,1567033199,0.00347200,0.00347200,0.00347200,0.00347200,0.00000000
1567033200,1567036799,0.00347200,0.00347200,0.00347200,0.00347200,0.00000000
1567036800,1567040399,0.00347200,0.00347200,0.00347200,0.00347200,0.00000000
1567040400,1567043999,0.00347200,0.00347200,0.00347200,0.00347200,0.00000000
1567044000,1567047599,0.00358700,0.00359300,0.00358700,0.00359300,2379.00000000
1567047600,1567051199,0.00359300,0.00359300,0.00359300,0.00359300,0.00000000
1567051200,1567054799,0.00353700,0.00353700,0.00344700,0.00345000,1248.00000000
1567054800,1567058399,0.00344600,0.00344600,0.00344600,0.00344600,41.00000000
1567058400,1567061999,0.00345400,0.00345400,0.00345400,0.00345400,42.00000000
1567062000,1567065599,0.00343700,0.00348000,0.00343700,0.00347800,182.00000000
1567065600,1567069199,0.00345600,0.00358900,0.00345600,0.00358900,1355.00000000
1567069200,1567072799,0.00358900,0.00358900,0.00358900,0.00358900,0.00000000
1567072800,1567076399,0.00358900,0.00358900,0.00358900,0.00358900,0.00000000
1567076400,1567079999,0.00345900,0.00347500,0.00345900,0.00346200,531.00000000
1567080000,1567083599,0.00347900,0.00347900,0.00347900,0.00347900,165.00000000
1567083600,1567087199,0.00349500,0.00349500,0.00349500,0.00349500,615.00000000
1567087200,1567090799,0.00349500,0.00357100,0.00349000,0.00357100,211.00000000
1567090800,1567094399,0.00357100,0.00357100,0.00357100,0.00357100,0.00000000
1567094400,1567097999,0.00357000,0.00364400,0.00347400,0.00347400,15868.00000000
1567098000,1567101599,0.00350800,0.00350800,0.00350800,0.00350800,5131.00000000
1567101600,1567105199,0.00350800,0.00350800,0.00350800,0.00350800,0.00000000
1567105200,1567108799,0.00350800,0.00350800,0.00350800,0.00350800,0.00000000
1567108800,1567112399,0.00350800,0.00350800,0.00350800,0.00350800,0.00000000
1567112400,1567115999,0.00350800,0.00350800,0.00350800,0.00350800,0.00000000
1567116000,1567119599,0.00350800,0.00350800,0.00350800,0.00350800,0.00000000
1567119600,1567123199,0.00350800,0.00350800,0.00350800,0.00350800,0.00000000
1567123200,1567126799,0.00354700,0.00354700,0.00351000,0.00351000,580.00000000
1567126800,1567130399,0.00351000,0.00351000,0.00351000,0.00351000,0.00000000
1567130400,1567133999,0.00351000,0.00351000,0.00351000,0.00351000,0.00000000
1567134000,1567137599,0.00351000,0.00351000,0.00351000,0.00351000,0.00000000
1567137600,1567141199,0.00351000,0.00351000,0.00351000,0.00351000,0.00000000
1567141200,1567144799,0.00351000,0.00351000,0.00351000,0.00351000,0.00000000
1567144800,1567148399,0.00351000,0.00351000,0.00351000,0.00351000,0.00000000
1567148400,1567151999,0.00351000,0.00351000,0.00351000,0.00351000,0.00000000
1567152000,1567155599,0.00351000,0.00351000,0.00351000,0.00351000,0.00000000
1567155600,1567159199,0.00351000,0.00351000,0.00351000,0.00351000,0.00000000
1567159200,1567162799,0.00351000,0.00351000,0.00351000,0.00351000,0.00000000
1567162800,1567166399,0.00351000,0.00351000,0.00351000,0.00351000,0.00000000
1567166400,1567169999,0.00351000,0.00351000,0.00351000,0.00351000,0.00000000
1567170000,1567173599,0.00351000,0.00351000,0.00351000,0.00351000,0.00000000
1567173600,1567177199,0.00351000,0.00351000,0.00351000,0.00351000,0.00000000
1567177200,1567180799,0.00351000,0.00351000,0.00351000,0.00351000,0.00000000
1567180800,1567184399,0.00351000,0.00351000,0.00351000,0.00351000,0.00000000
1567184400,1567187999,0.00347600,0.00347600,0.00344000,0.00344000,706.00000000
1567188000,1567191599,0.00344000,0.00344000,0.00344000,0.00344000,0.00000000
1567191600,1567195199,0.00344000,0.00344000,0.00344000,0.00344000,0.00000000
1567195200,1567198799,0.00342900,0.00342900,0.00342300,0.00342300,496.00000000
1567198800,1567202399,0.00342300,0.00342300,0.00342300,0.00342300,0.00000000
1567202400,1567205999,0.00342300,0.00342300,0.00342300,0.00342300,0.00000000
1567206000,1567209599,0.00342300,0.00342300,0.00342300,0.00342300,0.00000000
1567209600,1567213199,0.00342300,0.00342300,0.00342300,0.00342300,0.00000000
1567213200,1567216799,0.00351500,0.00351500,0.00351500,0.00351500,29.00000000
1567216800,1567220399,0.00351500,0.00351500,0.00351500,0.00351500,0.00000000
1567220400,1567223999,0.00351500,0.00351500,0.00351500,0.00351500,0.00000000
1567224000,1567227599,0.00351500,0.00351500,0.00351500,0.00351500,0.00000000
1567227600,1567231199,0.00351500,0.00351500,0.00351500,0.00351500,0.00000000
1567231200,1567234799,0.00347100,0.00347100,0.00347100,0.00347100,112.00000000
1567234800,1567238399,0.00351500,0.00353000,0.00351500,0.00353000,5138.00000000
1567238400,1567241999,0.00360700,0.00360700,0.00360700,0.00360700,29.00000000
1567242000,1567245599,0.00360700,0.00360700,0.00360700,0.00360700,0.00000000
1567245600,1567249199,0.00360700,0.00360700,0.00360700,0.00360700,0.00000000
1567249200,1567252799,0.00360700,0.00360700,0.00360700,0.00360700,0.00000000
1567252800,1567256399,0.00360000,0.00366000,0.00360000,0.00361000,3512.00000000
1567256400,1567259999,0.00361000,0.00361000,0.00361000,0.00361000,0.00000000
1567260000,1567263599,0.00361000,0.00361000,0.00361000,0.00361000,0.00000000
1567263600,1567267199,0.00361000,0.00361000,0.00361000,0.00361000,0.00000000
1567267200,1567270799,0.00361000,0.00361000,0.00361000,0.00361000,0.00000000
1567270800,1567274399,0.00361000,0.00361000,0.00361000,0.00361000,0.00000000
1567274400,1567277999,0.00361000,0.00361000,0.00361000,0.00361000,0.00000000
1567278000,1567281599,0.00361000,0.00366000,0.00361000,0.00366000,478.00000000
1567281600,1567285199,0.00357100,0.00359600,0.00356500,0.00359600,561.00000000
1567285200,1567288799,0.00361800,0.00361800,0.00361800,0.00361800,236.00000000
1567288800,1567292399,0.00366000,0.00368700,0.00361500,0.00366700,36760.00000000
1567292400,1567295999,0.00362000,0.00368800,0.00360200,0.00367800,29783.00000000
1567296000,1567299599,0.00368900,0.00370000,0.00363200,0.00363200,799.00000000
1567299600,1567303199,0.00363200,0.00363200,0.00363200,0.00363200,0.00000000
1567303200,1567306799,0.00363200,0.00363200,0.00363200,0.00363200,0.00000000
1567306800,1567310399,0.00359800,0.00359800,0.00359800,0.00359800,359.00000000
1567310400,1567313999,0.00359800,0.00359800,0.00359800,0.00359800,0.00000000
1567314000,1567317599,0.00359800,0.00359800,0.00359800,0.00359800,0.00000000
1567317600,1567321199,0.00358300,0.00365500,0.00358300,0.00365500,968.00000000
1567321200,1567324799,0.00365500,0.00365500,0.00365500,0.00365500,0.00000000
1567324800,1567328399,0.00358700,0.00358800,0.00358700,0.00358800,630.00000000
1567328400,1567331999,0.00358800,0.00358800,0.00358800,0.00358800,0.00000000
1567332000,1567335599,0.00365000,0.00365000,0.00365000,0.00365000,28.00000000
1567335600,1567339199,0.00365000,0.00365000,0.00365000,0.00365000,0.00000000
1567339200,1567342799,0.00365000,0.00365000,0.00365000,0.00365000,0.00000000
1567342800,1567346399,0.00365000,0.00365000,0.00365000,0.00365000,0.00000000
1567346400,1567349999,0.00365000,0.00365000,0.00365000,0.00365000,0.00000000
1567350000,1567353599,0.00365000,0.00365000,0.00365000,0.00365000,0.00000000
1567353600,1567357199,0.00365000,0.00369600,0.00360700,0.00360700,16805.00000000
1567357200,1567360799,0.00368100,0.00369600,0.00368100,0.00369600,2804.00000000
1567360800,1567364399,0.00368400,0.00370100,0.00364100,0.00364100,1155.00000000
1567364400,1567367999,0.00364100,0.00364100,0.00364100,0.00364100,0.00000000
1567368000,1567371599,0.00364100,0.00364100,0.00364100,0.00364100,0.00000000
1567371600,1567375199,0.00364100,0.00364100,0.00364100,0.00364100,0.00000000
1567375200,1567378799,0.00364100,0.00364100,0.00364100,0.00364100,0.00000000
1567378800,1567382399,0.00364100,0.00364100,0.00364100,0.00364100,0.00000000
1567382400,1567385999,0.00364100,0.00364100,0.00364100,0.00364100,0.00000000
1567386000,1567389599,0.00364100,0.00364100,0.00364100,0.00364100,0.00000000
1567389600,1567393199,0.00357200,0.00358400,0.00357200,0.00358400,1791.00000000
1567393200,1567396799,0.00358400,0.00358400,0.00358400,0.00358400,0.00000000
1567396800,1567400399,0.00362300,0.00410000,0.00358900,0.00358900,24564.00000000
1567400400,1567403999,0.00358900,0.00358900,0.00358900,0.00358900,0.00000000
1567404000,1567407599,0.00358900,0.00358900,0.00358900,0.00358900,0.00000000
1567407600,1567411199,0.00358900,0.00358900,0.00358900,0.00358900,0.00000000
1567411200,1567414799,0.00358900,0.00358900,0.00358900,0.00358900,0.00000000
1567414800,1567418399,0.00362500,0.00379300,0.00360100,0.00360100,3714.00000000
1567418400,1567421999,0.00360100,0.00360100,0.00360100,0.00360100,0.00000000
1567422000,1567425599,0.00358500,0.00358500,0.00358500,0.00358500,832.00000000
1567425600,1567429199,0.00359600,0.00365700,0.00352500,0.00352500,9937.00000000
1567429200,1567432799,0.00348400,0.00350600,0.00346000,0.00349900,3760.00000000
1567432800,1567436399,0.00343600,0.00343600,0.00343600,0.00343600,220.00000000
1567436400,1567439999,0.00345200,0.00352200,0.00342000,0.00342100,789.00000000
1567440000,1567443599,0.00342100,0.00342100,0.00342100,0.00342100,0.00000000
1567443600,1567447199,0.00352200,0.00386100,0.00350800,0.00350800,12660.00000000
1567447200,1567450799,0.00342700,0.00344200,0.00342700,0.00344200,3982.00000000
1567450800,1567454399,0.00344200,0.00344200,0.00344200,0.00344200,0.00000000
1567454400,1567457999,0.00345200,0.00348700,0.00336700,0.00336700,6175.00000000
1567458000,1567461599,0.00338300,0.00338300,0.00338300,0.00338300,400.00000000
1567461600,1567465199,0.00339100,0.00339100,0.00339100,0.00339100,444.00000000
1567465200,1567468799,0.00339100,0.00339100,0.00339100,0.00339100,0.00000000
1567468800,1567472399,0.00338100,0.00340300,0.00337200,0.00337200,177.00000000
1567472400,1567475999,0.00333900,0.00339400,0.00333800,0.00333800,1600.00000000
1567476000,1567479599,0.00335100,0.00335100,0.00335100,0.00335100,6740.00000000
1567479600,1567483199,0.00335100,0.00335100,0.00335100,0.00335100,0.00000000
1567483200,1567486799,0.00335100,0.00335100,0.00335100,0.00335100,0.00000000
1567486800,1567490399,0.00339100,0.00339100,0.00339100,0.00339100,58.00000000
1567490400,1567493999,0.00341400,0.00343600,0.00336900,0.00343600,483.00000000
1567494000,1567497599,0.00343600,0.00343600,0.00343600,0.00343600,0.00000000
1567497600,1567501199,0.00340300,0.00340300,0.00340300,0.00340300,58.00000000
1567501200,1567504799,0.00342600,0.00342600,0.00340500,0.00340500,458.00000000
1567504800,1567508399,0.00340500,0.00340500,0.00340500,0.00340500,0.00000000
1567508400,1567511999,0.00338400,0.00338400,0.00338400,0.00338400,59.00000000
1567512000,1567515599,0.00339400,0.00340500,0.00329900,0.00334700,58720.00000000
1567515600,1567519199,0.00333900,0.00339100,0.00330900,0.00337000,7705.00000000
1567519200,1567522799,0.00334400,0.00337000,0.00334400,0.00336000,1827.00000000
1567522800,1567526399,0.00337000,0.00337000,0.00337000,0.00337000,401.00000000
1567526400,1567529999,0.00337000,0.00337000,0.00337000,0.00337000,0.00000000
1567530000,1567533599,0.00339800,0.00339800,0.00336600,0.00336600,5234.00000000
1567533600,1567537199,0.00336600,0.00336600,0.00336600,0.00336600,0.00000000
1567537200,1567540799,0.00337100,0.00337100,0.00337100,0.00337100,277.00000000
1567540800,1567544399,0.00337100,0.00337100,0.00337100,0.00337100,0.00000000
1567544400,1567547999,0.00337100,0.00337100,0.00337100,0.00337100,0.00000000
1567548000,1567551599,0.00337100,0.00337100,0.00337100,0.00337100,0.00000000
1567551600,1567555199,0.00341100,0.00344200,0.00341100,0.00342100,4885.00000000
1567555200,1567558799,0.00341200,0.00344800,0.00338000,0.00344800,932.00000000
1567558800,1567562399,0.00342600,0.00342600,0.00342400,0.00342400,171.00000000
1567562400,1567565999,0.00344900,0.00347900,0.00344800,0.00346600,4937.00000000
1567566000,1567569599,0.00350500,0.00350600,0.00350500,0.00350600,3350.00000000
1567569600,1567573199,0.00348900,0.00348900,0.00348900,0.00348900,57.00000000
1567573200,1567576799,0.00345600,0.00350300,0.00345600,0.00350300,390.00000000
1567576800,1567580399,0.00345500,0.00345500,0.00343400,0.00343400,2159.00000000
1567580400,1567583999,0.00343400,0.00343400,0.00343400,0.00343400,0.00000000
1567584000,1567587599,0.00343400,0.00343400,0.00343400,0.00343400,0.00000000
1567587600,1567591199,0.00343400,0.00343400,0.00343400,0.00343400,0.00000000
1567591200,1567594799,0.00343400,0.00343400,0.00343400,0.00343400,2990.00000000
1567594800,1567598399,0.00348600,0.00350500,0.00348600,0.00350200,596.00000000
1567598400,1567601999,0.00350800,0.00350800,0.00350800,0.00350800,431.00000000
1567602000,1567605599,0.00354500,0.00381100,0.00354300,0.00381100,3059.00000000
1567605600,1567609199,0.00369200,0.00369300,0.00369200,0.00369300,35.00000000
1567609200,1567612799,0.00369300,0.00369300,0.00369300,0.00369300,0.00000000
1567612800,1567616399,0.00364200,0.00367800,0.00360300,0.00367800,2833.00000000
1567616400,1567619999,0.00364400,0.00371600,0.00364400,0.00371600,841.00000000
1567620000,1567623599,0.00380100,0.00388300,0.00380100,0.00388300,281.00000000
1567623600,1567627199,0.00388500,0.00388500,0.00380100,0.00380100,2739.00000000
1567627200,1567630799,0.00381600,0.00385600,0.00374300,0.00382800,4164.00000000
1567630800,1567634399,0.00382300,0.00383700,0.00382300,0.00383700,2615.00000000
1567634400,1567637999,0.00383700,0.00383700,0.00383700,0.00383700,159.00000000
1567638000,1567641599,0.00376200,0.00376200,0.00376200,0.00376200,53.00000000
1567641600,1567645199,0.00376200,0.00376200,0.00376200,0.00376200,0.00000000
1567645200,1567648799,0.00376200,0.00376200,0.00376200,0.00376200,0.00000000
1567648800,1567652399,0.00376200,0.00376200,0.00376200,0.00376200,46.00000000
1567652400,1567655999,0.00378700,0.00378700,0.00378600,0.00378600,134.00000000
1567656000,1567659599,0.00378600,0.00389300,0.00375900,0.00375900,6238.00000000
1567659600,1567663199,0.00375900,0.00376000,0.00375900,0.00376000,348.00000000
1567663200,1567666799,0.00376000,0.00376000,0.00376000,0.00376000,0.00000000
1567666800,1567670399,0.00376000,0.00376000,0.00376000,0.00376000,0.00000000
1567670400,1567673999,0.00382900,0.00385400,0.00382900,0.00385400,104.00000000
1567674000,1567677599,0.00389800,0.00389800,0.00389800,0.00389800,35.00000000
1567677600,1567681199,0.00386600,0.00386600,0.00386600,0.00386600,103.00000000
1567681200,1567684799,0.00385000,0.00389000,0.00384100,0.00389000,3507.00000000
1567684800,1567688399,0.00400600,0.00400600,0.00386700,0.00386700,290.00000000
1567688400,1567691999,0.00400800,0.00414000,0.00400800,0.00404300,95496.00000000
1567692000,1567695599,0.00408100,0.00408200,0.00395300,0.00404000,40551.00000000
1567695600,1567699199,0.00399000,0.00403800,0.00393000,0.00400300,7891.00000000
1567699200,1567702799,0.00387900,0.00390100,0.00371400,0.00374900,15663.00000000
1567702800,1567706399,0.00364300,0.00364300,0.00364000,0.00364100,16611.00000000
1567706400,1567709999,0.00364100,0.00364100,0.00364100,0.00364100,0.00000000
1567710000,1567713599,0.00364100,0.00368300,0.00357800,0.00357800,130399.00000000
1567713600,1567717199,0.00364400,0.00364500,0.00364400,0.00364500,9135.00000000
1567717200,1567720799,0.00351300,0.00360800,0.00351300,0.00357000,9425.00000000
1567720800,1567724399,0.00350800,0.00350800,0.00350800,0.00350800,6935.00000000
1567724400,1567727999,0.00353800,0.00357600,0.00350500,0.00357600,1917.00000000
1567728000,1567731599,0.00357700,0.00373000,0.00357700,0.00362300,2325.00000000
1567731600,1567735199,0.00358100,0.00367800,0.00358100,0.00366700,7485.00000000
1567735200,1567738799,0.00366800,0.00379700,0.00366800,0.00374500,4159.00000000
1567738800,1567742399,0.00374500,0.00374500,0.00374500,0.00374500,0.00000000
1567742400,1567745999,0.00365800,0.00365800,0.00365800,0.00365800,3709.00000000
1567746000,1567749599,0.00365800,0.00365800,0.00365800,0.00365800,417.00000000
1567749600,1567753199,0.00365800,0.00365800,0.00365800,0.00365800,0.00000000
1567753200,1567756799,0.00365800,0.00365800,0.00365800,0.00365800,0.00000000
1567756800,1567760399,0.00365800,0.00365800,0.00365800,0.00365800,0.00000000
1567760400,1567763999,0.00354600,0.00354600,0.00354600,0.00354600,417.00000000
1567764000,1567767599,0.00354600,0.00358600,0.00351000,0.00358600,607.00000000
1567767600,1567771199,0.00358600,0.00358600,0.00358600,0.00358600,0.00000000
1567771200,1567774799,0.00358600,0.00358600,0.00358600,0.00358600,0.00000000
1567774800,1567778399,0.00363900,0.00363900,0.00349900,0.00349900,146.00000000
1567778400,1567781999,0.00349900,0.00349900,0.00349900,0.00349900,0.00000000
1567782000,1567785599,0.00349900,0.00349900,0.00349900,0.00349900,0.00000000
1567785600,1567789199,0.00351800,0.00351800,0.00351800,0.00351800,955.00000000
1567789200,1567792799,0.00351200,0.00352900,0.00349800,0.00352900,188.00000000
1567792800,1567796399,0.00355800,0.00355800,0.00355800,0.00355800,2347.00000000
1567796400,1567799999,0.00355800,0.00355800,0.00355800,0.00355800,0.00000000
1567800000,1567803599,0.00355800,0.00355800,0.00355800,0.00355800,0.00000000
1567803600,1567807199,0.00355800,0.00355800,0.00355800,0.00355800,0.00000000
1567807200,1567810799,0.00350100,0.00368300,0.00345600,0.00345600,5400.00000000
1567810800,1567814399,0.00345600,0.00345600,0.00345600,0.00345600,0.00000000
1567814400,1567817999,0.00345600,0.00345600,0.00345600,0.00345600,0.00000000
1567818000,1567821599,0.00345600,0.00345600,0.00345600,0.00345600,0.00000000
1567821600,1567825199,0.00345600,0.00345600,0.00345600,0.00345600,0.00000000
1567825200,1567828799,0.00351200,0.00351200,0.00351200,0.00351200,36.00000000
1567828800,1567832399,0.00351200,0.00351200,0.00351200,0.00351200,0.00000000
1567832400,1567835999,0.00351200,0.00351200,0.00351200,0.00351200,0.00000000
1567836000,1567839599,0.00351200,0.00351200,0.00351200,0.00351200,0.00000000
1567839600,1567843199,0.00351200,0.00351200,0.00351200,0.00351200,0.00000000
1567843200,1567846799,0.00351200,0.00351200,0.00351200,0.00351200,0.00000000
1567846800,1567850399,0.00345800,0.00345800,0.00345800,0.00345800,1323.00000000
1567850400,1567853999,0.00345200,0.00345600,0.00345200,0.00345300,3190.00000000
1567854000,1567857599,0.00345300,0.00345300,0.00345300,0.00345300,0.00000000
1567857600,1567861199,0.00345300,0.00345300,0.00345300,0.00345300,0.00000000
1567861200,1567864799,0.00345300,0.00345300,0.00345300,0.00345300,0.00000000
1567864800,1567868399,0.00345300,0.00345300,0.00345300,0.00345300,0.00000000
1567868400,1567871999,0.00345300,0.00345300,0.00345300,0.00345300,0.00000000
1567872000,1567875599,0.00345300,0.00345300,0.00345300,0.00345300,0.00000000
1567875600,1567879199,0.00345300,0.00345300,0.00345300,0.00345300,0.00000000
1567879200,1567882799,0.00358700,0.00358700,0.00358200,0.00358200,214.00000000
1567882800,1567886399,0.00349100,0.00349100,0.00348600,0.00348600,978.00000000
1567886400,1567889999,0.00348600,0.00348600,0.00348600,0.00348600,0.00000000
1567890000,1567893599,0.00348600,0.00348600,0.00348600,0.00348600,0.00000000
1567893600,1567897199,0.00348600,0.00348600,0.00348600,0.00348600,0.00000000
1567897200,1567900799,0.00348600,0.00348600,0.00348600,0.00348600,0.00000000
1567900800,1567904399,0.00348600,0.00348600,0.00348600,0.00348600,0.00000000
1567904400,1567907999,0.00348600,0.00348600,0.00348600,0.00348600,0.00000000
1567908000,1567911599,0.00349700,0.00349700,0.00346000,0.00346000,1273.00000000
1567911600,1567915199,0.00346000,0.00346000,0.00346000,0.00346000,0.00000000
1567915200,1567918799,0.00346000,0.00346000,0.00346000,0.00346000,0.00000000
1567918800,1567922399,0.00346000,0.00346000,0.00346000,0.00346000,0.00000000
1567922400,1567925999,0.00346000,0.00346000,0.00346000,0.00346000,0.00000000
1567926000,1567929599,0.00346000,0.00346000,0.00346000,0.00346000,0.00000000
1567929600,1567933199,0.00346000,0.00346000,0.00346000,0.00346000,0.00000000
1567933200,1567936799,0.00346000,0.00346000,0.00346000,0.00346000,0.00000000
1567936800,1567940399,0.00346000,0.00346000,0.00346000,0.00346000,0.00000000
1567940400,1567943999,0.00346000,0.00346000,0.00346000,0.00346000,0.00000000
1567944000,1567947599,0.00349200,0.00349200,0.00349200,0.00349200,31.00000000
1567947600,1567951199,0.00349200,0.00360000,0.00349200,0.00350300,4165.00000000
1567951200,1567954799,0.00350300,0.00350300,0.00350300,0.00350300,0.00000000
1567954800,1567958399,0.00350300,0.00350300,0.00350300,0.00350300,0.00000000
1567958400,1567961999,0.00355000,0.00359700,0.00349100,0.00350300,68838.00000000
1567962000,1567965599,0.00365600,0.00366100,0.00357200,0.00366100,352.00000000
1567965600,1567969199,0.00366100,0.00366300,0.00352100,0.00366100,5010.00000000
1567969200,1567972799,0.00351800,0.00351800,0.00350400,0.00350400,1161.00000000
1567972800,1567976399,0.00350400,0.00350400,0.00350400,0.00350400,0.00000000
1567976400,1567979999,0.00350400,0.00350400,0.00350400,0.00350400,0.00000000
1567980000,1567983599,0.00350400,0.00350400,0.00350400,0.00350400,0.00000000
1567983600,1567987199,0.00350400,0.00350400,0.00350400,0.00350400,0.00000000
1567987200,1567990799,0.00350400,0.00350400,0.00350400,0.00350400,0.00000000
1567990800,1567994399,0.00350400,0.00350400,0.00350400,0.00350400,0.00000000
1567994400,1567997999,0.00355400,0.00355400,0.00350400,0.00350400,631.00000000
1567998000,1568001599,0.00350400,0.00350400,0.00350400,0.00350400,175.00000000
1568001600,1568005199,0.00348200,0.00348200,0.00347200,0.00347200,304.00000000
1568005200,1568008799,0.00347200,0.00347200,0.00347200,0.00347200,0.00000000
1568008800,1568012399,0.00347700,0.00347700,0.00347700,0.00347700,199.00000000
1568012400,1568015999,0.00347700,0.00347700,0.00347700,0.00347700,1432.00000000
1568016000,1568019599,0.00347400,0.00347400,0.00345400,0.00345400,1988.00000000
1568019600,1568023199,0.00350700,0.00350700,0.00350700,0.00350700,57.00000000
1568023200,1568026799,0.00353000,0.00353000,0.00353000,0.00353000,57.00000000
1568026800,1568030399,0.00353000,0.00353000,0.00353000,0.00353000,0.00000000
1568030400,1568033999,0.00353000,0.00353000,0.00353000,0.00353000,0.00000000
1568034000,1568037599,0.00353000,0.00353000,0.00353000,0.00353000,0.00000000
1568037600,1568041199,0.00352600,0.00352600,0.00352600,0.00352600,56.00000000
1568041200,1568044799,0.00352600,0.00352600,0.00352600,0.00352600,137.00000000
1568044800,1568048399,0.00352600,0.00352600,0.00352600,0.00352600,0.00000000
1568048400,1568051999,0.00352600,0.00352600,0.00352600,0.00352600,0.00000000
1568052000,1568055599,0.00352600,0.00352600,0.00352600,0.00352600,0.00000000
1568055600,1568059199,0.00354900,0.00357300,0.00353500,0.00353600,595.00000000
1568059200,1568062799,0.00353600,0.00353600,0.00353600,0.00353600,0.00000000
1568062800,1568066399,0.00359500,0.00359600,0.00359500,0.00359600,638.00000000
1568066400,1568069999,0.00359600,0.00359600,0.00359600,0.00359600,0.00000000
1568070000,1568073599,0.00359600,0.00359600,0.00359600,0.00359600,0.00000000
1568073600,1568077199,0.00359600,0.00409000,0.00359600,0.00383200,50366.00000000
1568077200,1568080799,0.00383900,0.00395000,0.00383200,0.00390600,10714.00000000
1568080800,1568084399,0.00390600,0.00390600,0.00390600,0.00390600,0.00000000
1568084400,1568087999,0.00385200,0.00385200,0.00376900,0.00376900,1420.00000000
1568088000,1568091599,0.00376900,0.00376900,0.00376900,0.00376900,0.00000000
1568091600,1568095199,0.00376900,0.00382000,0.00376900,0.00382000,1221.00000000
1568095200,1568098799,0.00376100,0.00376100,0.00376100,0.00376100,297.00000000
1568098800,1568102399,0.00376100,0.00376100,0.00376100,0.00376100,0.00000000
1568102400,1568105999,0.00376100,0.00376100,0.00376100,0.00376100,0.00000000
1568106000,1568109599,0.00376100,0.00376100,0.00376100,0.00376100,0.00000000
1568109600,1568113199,0.00376100,0.00376100,0.00376100,0.00376100,0.00000000
1568113200,1568116799,0.00376100,0.00376100,0.00376100,0.00376100,0.00000000
1568116800,1568120399,0.00380800,0.00380800,0.00380800,0.00380800,83.00000000
1568120400,1568123999,0.00380800,0.00380800,0.00380800,0.00380800,0.00000000
1568124000,1568127599,0.00392500,0.00402100,0.00389600,0.00389600,1135.00000000
1568127600,1568131199,0.00400200,0.00400200,0.00400200,0.00400200,240.00000000
1568131200,1568134799,0.00383700,0.00383700,0.00381000,0.00381000,655.00000000
1568134800,1568138399,0.00386200,0.00386200,0.00381900,0.00381900,5738.00000000
1568138400,1568141999,0.00398500,0.00398500,0.00387200,0.00387200,206.00000000
1568142000,1568145599,0.00382100,0.00382100,0.00382100,0.00382100,53.00000000
1568145600,1568149199,0.00382100,0.00382100,0.00382100,0.00382100,0.00000000
1568149200,1568152799,0.00382100,0.00382100,0.00382100,0.00382100,0.00000000
1568152800,1568156399,0.00382100,0.00382100,0.00382100,0.00382100,0.00000000
1568156400,1568159999,0.00382100,0.00382100,0.00382100,0.00382100,0.00000000
1568160000,1568163599,0.00372900,0.00372900,0.00365600,0.00366600,2804.00000000
1568163600,1568167199,0.00366600,0.00366600,0.00366600,0.00366600,0.00000000
1568167200,1568170799,0.00363600,0.00363600,0.00363400,0.00363400,17643.00000000
1568170800,1568174399,0.00363400,0.00363400,0.00363400,0.00363400,83.00000000
1568174400,1568177999,0.00357300,0.00357300,0.00357300,0.00357300,1014.00000000
1568178000,1568181599,0.00359900,0.00361000,0.00359900,0.00361000,157.00000000
1568181600,1568185199,0.00362100,0.00364900,0.00362100,0.00364900,104.00000000
1568185200,1568188799,0.00360000,0.00378900,0.00359400,0.00361700,7793.00000000
1568188800,1568192399,0.00361700,0.00361700,0.00361700,0.00361700,0.00000000
1568192400,1568195999,0.00361700,0.00361700,0.00361700,0.00361700,0.00000000
1568196000,1568199599,0.00374900,0.00374900,0.00374900,0.00374900,380.00000000
1568199600,1568203199,0.00374900,0.00374900,0.00374900,0.00374900,0.00000000
1568203200,1568206799,0.00374900,0.00374900,0.00374900,0.00374900,0.00000000
1568206800,1568210399,0.00362300,0.00363800,0.00362300,0.00363800,6978.00000000
1568210400,1568213999,0.00363800,0.00363800,0.00363800,0.00363800,0.00000000
1568214000,1568217599,0.00363800,0.00363800,0.00363800,0.00363800,0.00000000
1568217600,1568221199,0.00367200,0.00374800,0.00365000,0.00374800,2313.00000000
1568221200,1568224799,0.00364600,0.00364600,0.00364600,0.00364600,393.00000000
1568224800,1568228399,0.00365400,0.00365400,0.00365400,0.00365400,418.00000000
1568228400,1568231999,0.00365500,0.00365500,0.00365500,0.00365500,83.00000000
1568232000,1568235599,0.00365600,0.00368200,0.00360800,0.00368200,15255.00000000
1568235600,1568239199,0.00364200,0.00364200,0.00364200,0.00364200,49.00000000
1568239200,1568242799,0.00364200,0.00364200,0.00364200,0.00364200,0.00000000
1568242800,1568246399,0.00364200,0.00364200,0.00364200,0.00364200,0.00000000
1568246400,1568249999,0.00374900,0.00398300,0.00374900,0.00378800,4906.00000000
1568250000,1568253599,0.00374900,0.00374900,0.00374900,0.00374900,90.00000000
1568253600,1568257199,0.00374900,0.00374900,0.00374900,0.00374900,0.00000000
1568257200,1568260799,0.00374900,0.00374900,0.00374900,0.00374900,0.00000000
1568260800,1568264399,0.00374900,0.00374900,0.00374900,0.00374900,0.00000000
1568264400,1568267999,0.00374900,0.00374900,0.00374900,0.00374900,0.00000000
1568268000,1568271599,0.00398500,0.00398500,0.00390700,0.00390700,991.00000000
1568271600,1568275199,0.00390700,0.00390700,0.00390700,0.00390700,0.00000000
1568275200,1568278799,0.00389900,0.00389900,0.00384700,0.00384700,4550.00000000
1568278800,1568282399,0.00383200,0.00383200,0.00379200,0.00379200,3511.00000000
1568282400,1568285999,0.00383200,0.00383200,0.00377000,0.00377000,1631.00000000
1568286000,1568289599,0.00374900,0.00377000,0.00372600,0.00377000,1098.00000000
1568289600,1568293199,0.00377000,0.00377000,0.00377000,0.00377000,0.00000000
1568293200,1568296799,0.00377000,0.00377000,0.00377000,0.00377000,0.00000000
1568296800,1568300399,0.00377000,0.00377000,0.00377000,0.00377000,1028.00000000
1568300400,1568303999,0.00377000,0.00377000,0.00375300,0.00375300,638.00000000
1568304000,1568307599,0.00375300,0.00375300,0.00375300,0.00375300,0.00000000
1568307600,1568311199,0.00375300,0.00382000,0.00375300,0.00382000,1598.00000000
1568311200,1568314799,0.00382000,0.00382000,0.00382000,0.00382000,0.00000000
1568314800,1568318399,0.00382000,0.00382000,0.00382000,0.00382000,0.00000000
1568318400,1568321999,0.00382000,0.00382000,0.00382000,0.00382000,0.00000000
1568322000,1568325599,0.00382000,0.00382000,0.00382000,0.00382000,0.00000000
1568325600,1568329199,0.00382900,0.00382900,0.00382900,0.00382900,46.00000000
1568329200,1568332799,0.00371600,0.00371600,0.00366700,0.00369900,2891.00000000
1568332800,1568336399,0.00369900,0.00369900,0.00369900,0.00369900,0.00000000
1568336400,1568339999,0.00369900,0.00369900,0.00369900,0.00369900,0.00000000
1568340000,1568343599,0.00384300,0.00384400,0.00370700,0.00370700,729.00000000
1568343600,1568347199,0.00367500,0.00367500,0.00367500,0.00367500,200.00000000
1568347200,1568350799,0.00367500,0.00369700,0.00365000,0.00365000,536.00000000
1568350800,1568354399,0.00365000,0.00365000,0.00365000,0.00365000,0.00000000
1568354400,1568357999,0.00365000,0.00365000,0.00365000,0.00365000,0.00000000
1568358000,1568361599,0.00367800,0.00367800,0.00367800,0.00367800,500.00000000
1568361600,1568365199,0.00369600,0.00370100,0.00369600,0.00370100,83.00000000
1568365200,1568368799,0.00370100,0.00370100,0.00370100,0.00370100,0.00000000
1568368800,1568372399,0.00370100,0.00370100,0.00370100,0.00370100,0.00000000
1568372400,1568375999,0.00370100,0.00370100,0.00370100,0.00370100,0.00000000
1568376000,1568379599,0.00370100,0.00370100,0.00370100,0.00370100,0.00000000
1568379600,1568383199,0.00370100,0.00370100,0.00370100,0.00370100,0.00000000
1568383200,1568386799,0.00370100,0.00370100,0.00370100,0.00370100,212.00000000
1568386800,1568390399,0.00370100,0.00370100,0.00370100,0.00370100,0.00000000
1568390400,1568393999,0.00370100,0.00370100,0.00370100,0.00370100,0.00000000
1568394000,1568397599,0.00370100,0.00370100,0.00370100,0.00370100,0.00000000
1568397600,1568401199,0.00370100,0.00370100,0.00370100,0.00370100,0.00000000
1568401200,1568404799,0.00370100,0.00370100,0.00370100,0.00370100,0.00000000
1568404800,1568408399,0.00370100,0.00370100,0.00370100,0.00370100,0.00000000
1568408400,1568411999,0.00370100,0.00370100,0.00370100,0.00370100,0.00000000
1568412000,1568415599,0.00370100,0.00370100,0.00370100,0.00370100,0.00000000
1568415600,1568419199,0.00370100,0.00370100,0.00370100,0.00370100,0.00000000
1568419200,1568422799,0.00372600,0.00372600,0.00372600,0.00372600,30.00000000
1568422800,1568426399,0.00372600,0.00372600,0.00372600,0.00372600,0.00000000
1568426400,1568429999,0.00372600,0.00372600,0.00372600,0.00372600,0.00000000
1568430000,1568433599,0.00372600,0.00372600,0.00372600,0.00372600,0.00000000
1568433600,1568437199,0.00372600,0.00372600,0.00372600,0.00372600,0.00000000
1568437200,1568440799,0.00371000,0.00371000,0.00371000,0.00371000,80.00000000
1568440800,1568444399,0.00371000,0.00371000,0.00371000,0.00371000,0.00000000
1568444400,1568447999,0.00371000,0.00371000,0.00371000,0.00371000,0.00000000
1568448000,1568451599,0.00371000,0.00371000,0.00371000,0.00371000,0.00000000
1568451600,1568455199,0.00371000,0.00371000,0.00371000,0.00371000,0.00000000
1568455200,1568458799,0.00373600,0.00373600,0.00373600,0.00373600,1355.00000000
1568458800,1568462399,0.00373600,0.00373600,0.00373600,0.00373600,0.00000000
1568462400,1568465999,0.00373600,0.00373600,0.00373600,0.00373600,0.00000000
1568466000,1568469599,0.00373600,0.00373600,0.00373600,0.00373600,0.00000000
1568469600,1568473199,0.00373600,0.00373600,0.00373600,0.00373600,0.00000000
1568473200,1568476799,0.00374100,0.00375100,0.00374100,0.00375100,3056.00000000
1568476800,1568480399,0.00380400,0.00380500,0.00378300,0.00378300,101.00000000
1568480400,1568483999,0.00378300,0.00378300,0.00378300,0.00378300,0.00000000
1568484000,1568487599,0.00378300,0.00378300,0.00378300,0.00378300,0.00000000
1568487600,1568491199,0.00378300,0.00378300,0.00375300,0.00375300,233.00000000
1568491200,1568494799,0.00375300,0.00375300,0.00375300,0.00375300,0.00000000
1568494800,1568498399,0.00375300,0.00375300,0.00375300,0.00375300,0.00000000
1568498400,1568501999,0.00373300,0.00373300,0.00373300,0.00373300,164.00000000
1568502000,1568505599,0.00373300,0.00373300,0.00373300,0.00373300,0.00000000
1568505600,1568509199,0.00373300,0.00373300,0.00373300,0.00373300,0.00000000
1568509200,1568512799,0.00373300,0.00373300,0.00373300,0.00373300,0.00000000
1568512800,1568516399,0.00373300,0.00373300,0.00373300,0.00373300,0.00000000
1568516400,1568519999,0.00373300,0.00373300,0.00373300,0.00373300,0.00000000
1568520000,1568523599,0.00382200,0.00382200,0.00382200,0.00382200,30.00000000
1568523600,1568527199,0.00382200,0.00382200,0.00382200,0.00382200,0.00000000
1568527200,1568530799,0.00382200,0.00382200,0.00382200,0.00382200,0.00000000
1568530800,1568534399,0.00382200,0.00382200,0.00382200,0.00382200,0.00000000
1568534400,1568537999,0.00380100,0.00384000,0.00380100,0.00384000,327.00000000
1568538000,1568541599,0.00385000,0.00385000,0.00385000,0.00385000,51.00000000
1568541600,1568545199,0.00385000,0.00385000,0.00385000,0.00385000,0.00000000
1568545200,1568548799,0.00385000,0.00385000,0.00385000,0.00385000,0.00000000
1568548800,1568552399,0.00389600,0.00402900,0.00389600,0.00402900,320.00000000
1568552400,1568555999,0.00383900,0.00383900,0.00383900,0.00383900,673.00000000
1568556000,1568559599,0.00402500,0.00402600,0.00385300,0.00385300,555.00000000
1568559600,1568563199,0.00385300,0.00385300,0.00385300,0.00385300,0.00000000
1568563200,1568566799,0.00385300,0.00385300,0.00385300,0.00385300,0.00000000
1568566800,1568570399,0.00385300,0.00385300,0.00385300,0.00385300,0.00000000
1568570400,1568573999,0.00385300,0.00385300,0.00385300,0.00385300,0.00000000
1568574000,1568577599,0.00385300,0.00385300,0.00385300,0.00385300,0.00000000
1568577600,1568581199,0.00385300,0.00385300,0.00385300,0.00385300,0.00000000
1568581200,1568584799,0.00385300,0.00385300,0.00385300,0.00385300,0.00000000
1568584800,1568588399,0.00385300,0.00385300,0.00385300,0.00385300,0.00000000
1568588400,1568591999,0.00385400,0.00385400,0.00385400,0.00385400,46.00000000
1568592000,1568595599,0.00397700,0.00397700,0.00392200,0.00392200,238.00000000
1568595600,1568599199,0.00388000,0.00388000,0.00386100,0.00386100,192.00000000
1568599200,1568602799,0.00386100,0.00386100,0.00386100,0.00386100,0.00000000
1568602800,1568606399,0.00386100,0.00386100,0.00386100,0.00386100,0.00000000
1568606400,1568609999,0.00386100,0.00386100,0.00386100,0.00386100,0.00000000
1568610000,1568613599,0.00383000,0.00383000,0.00383000,0.00383000,128.00000000
1568613600,1568617199,0.00383000,0.00383000,0.00383000,0.00383000,0.00000000
1568617200,1568620799,0.00383000,0.00383000,0.00383000,0.00383000,0.00000000
1568620800,1568624399,0.00383000,0.00383000,0.00383000,0.00383000,0.00000000
1568624400,1568627999,0.00384700,0.00384700,0.00381900,0.00382000,8889.00000000
1568628000,1568631599,0.00382000,0.00382000,0.00382000,0.00382000,0.00000000
1568631600,1568635199,0.00382000,0.00382000,0.00382000,0.00382000,0.00000000
1568635200,1568638799,0.00382000,0.00382000,0.00382000,0.00382000,0.00000000
1568638800,1568642399,0.00382000,0.00382000,0.00382000,0.00382000,0.00000000
1568642400,1568645999,0.00383700,0.00394600,0.00383700,0.00389600,559.00000000
1568646000,1568649599,0.00389500,0.00389500,0.00389500,0.00389500,350.00000000
1568649600,1568653199,0.00389500,0.00389500,0.00389500,0.00389500,0.00000000
1568653200,1568656799,0.00395000,0.00395000,0.00395000,0.00395000,90.00000000
1568656800,1568660399,0.00395000,0.00395000,0.00395000,0.00395000,0.00000000
1568660400,1568663999,0.00392000,0.00392000,0.00389800,0.00389800,446.00000000
1568664000,1568667599,0.00389500,0.00389500,0.00389000,0.00389000,255.00000000
1568667600,1568671199,0.00389000,0.00389000,0.00389000,0.00389000,0.00000000
1568671200,1568674799,0.00389000,0.00389000,0.00389000,0.00389000,42.00000000
1568674800,1568678399,0.00389000,0.00389000,0.00389000,0.00389000,0.00000000
1568678400,1568681999,0.00389000,0.00389000,0.00389000,0.00389000,0.00000000
1568682000,1568685599,0.00389000,0.00389000,0.00389000,0.00389000,0.00000000
1568685600,1568689199,0.00389000,0.00389000,0.00389000,0.00389000,0.00000000
1568689200,1568692799,0.00389000,0.00389000,0.00389000,0.00389000,0.00000000
1568692800,1568696399,0.00386200,0.00390400,0.00386200,0.00390400,1469.00000000
1568696400,1568699999,0.00390400,0.00395200,0.00388700,0.00395200,2099.00000000
1568700000,1568703599,0.00383700,0.00383700,0.00383100,0.00383100,7263.00000000
1568703600,1568707199,0.00381600,0.00381600,0.00381500,0.00381500,2100.00000000
1568707200,1568710799,0.00381500,0.00381500,0.00381500,0.00381500,0.00000000
1568710800,1568714399,0.00381500,0.00381500,0.00381500,0.00381500,0.00000000
1568714400,1568717999,0.00381500,0.00381500,0.00381500,0.00381500,0.00000000
1568718000,1568721599,0.00393500,0.00393600,0.00375900,0.00375900,6231.00000000
1568721600,1568725199,0.00375900,0.00375900,0.00375900,0.00375900,0.00000000
1568725200,1568728799,0.00375900,0.00375900,0.00375900,0.00375900,0.00000000
1568728800,1568732399,0.00375900,0.00375900,0.00375900,0.00375900,0.00000000
1568732400,1568735999,0.00394200,0.00402800,0.00394200,0.00402800,156.00000000
1568736000,1568739599,0.00402500,0.00402800,0.00375900,0.00375900,75318.00000000
1568739600,1568743199,0.00373500,0.00373500,0.00373500,0.00373500,254.00000000
1568743200,1568746799,0.00378000,0.00403200,0.00378000,0.00403200,3238.00000000
1568746800,1568750399,0.00379900,0.00379900,0.00373500,0.00373500,10842.00000000
1568750400,1568753999,0.00375700,0.00384700,0.00374200,0.00384700,5964.00000000
1568754000,1568757599,0.00383800,0.00383800,0.00383800,0.00383800,165.00000000
1568757600,1568761199,0.00383800,0.00383800,0.00383800,0.00383800,0.00000000
1568761200,1568764799,0.00372400,0.00372400,0.00372300,0.00372300,415.00000000
1568764800,1568768399,0.00372300,0.00372300,0.00372300,0.00372300,0.00000000
1568768400,1568771999,0.00373900,0.00373900,0.00373900,0.00373900,28.00000000
1568772000,1568775599,0.00370700,0.00370700,0.00368600,0.00368600,257.00000000
1568775600,1568779199,0.00368600,0.00368600,0.00368600,0.00368600,0.00000000
1568779200,1568782799,0.00377400,0.00377600,0.00377400,0.00377600,2850.00000000
1568782800,1568786399,0.00380900,0.00380900,0.00377800,0.00377800,857.00000000
1568786400,1568789999,0.00374200,0.00374200,0.00366700,0.00373100,1993.00000000
1568790000,1568793599,0.00366200,0.00366200,0.00366200,0.00366200,714.00000000
1568793600,1568797199,0.00362100,0.00363900,0.00359200,0.00363900,9925.00000000
1568797200,1568800799,0.00358000,0.00364100,0.00358000,0.00364100,513.00000000
1568800800,1568804399,0.00359700,0.00359700,0.00351900,0.00351900,2887.00000000
1568804400,1568807999,0.00350500,0.00350500,0.00349700,0.00349700,1060.00000000
1568808000,1568811599,0.00356300,0.00362900,0.00356300,0.00362900,3582.00000000
1568811600,1568815199,0.00362900,0.00362900,0.00362900,0.00362900,0.00000000
1568815200,1568818799,0.00361700,0.00365700,0.00361700,0.00363000,2255.00000000
1568818800,1568822399,0.00366300,0.00366300,0.00366300,0.00366300,2731.00000000
1568822400,1568825999,0.00373100,0.00373100,0.00373100,0.00373100,418.00000000
1568826000,1568829599,0.00370000,0.00370000,0.00370000,0.00370000,500.00000000
1568829600,1568833199,0.00366000,0.00366000,0.00365900,0.00365900,456.00000000
1568833200,1568836799,0.00365900,0.00365900,0.00365900,0.00365900,0.00000000
1568836800,1568840399,0.00373900,0.00374000,0.00369800,0.00369800,2027.00000000
1568840400,1568843999,0.00366100,0.00375900,0.00366100,0.00367100,464.00000000
1568844000,1568847599,0.00367100,0.00367100,0.00367100,0.00367100,0.00000000
1568847600,1568851199,0.00370000,0.00370000,0.00370000,0.00370000,80.00000000
1568851200,1568854799,0.00368000,0.00375900,0.00360100,0.00367900,584.00000000
1568854800,1568858399,0.00369000,0.00369000,0.00369000,0.00369000,72.00000000
1568858400,1568861999,0.00376200,0.00376200,0.00376200,0.00376200,30.00000000
1568862000,1568865599,0.00380500,0.00380600,0.00380500,0.00380600,625.00000000
1568865600,1568869199,0.00380600,0.00380600,0.00380600,0.00380600,0.00000000
1568869200,1568872799,0.00372700,0.00372700,0.00372700,0.00372700,30.00000000
1568872800,1568876399,0.00372700,0.00372700,0.00372700,0.00372700,0.00000000
1568876400,1568879999,0.00373700,0.00373700,0.00373600,0.00373600,38000.00000000
1568880000,1568883599,0.00376500,0.00376500,0.00374900,0.00374900,6785.00000000
1568883600,1568887199,0.00385500,0.00385500,0.00385500,0.00385500,259.00000000
1568887200,1568890799,0.00385500,0.00385500,0.00385500,0.00385500,0.00000000
1568890800,1568894399,0.00385500,0.00385500,0.00385500,0.00385500,0.00000000
1568894400,1568897999,0.00385500,0.00385500,0.00385500,0.00385500,0.00000000
1568898000,1568901599,0.00385500,0.00385500,0.00385500,0.00385500,0.00000000
1568901600,1568905199,0.00385500,0.00385500,0.00385500,0.00385500,0.00000000
1568905200,1568908799,0.00385500,0.00385500,0.00385500,0.00385500,0.00000000
1568908800,1568912399,0.00378600,0.00378600,0.00376000,0.00376000,434.00000000
1568912400,1568915999,0.00372200,0.00372200,0.00372200,0.00372200,33.00000000
1568916000,1568919599,0.00372200,0.00372200,0.00372200,0.00372200,0.00000000
1568919600,1568923199,0.00376000,0.00378600,0.00372400,0.00378600,530.00000000
1568923200,1568926799,0.00365700,0.00365700,0.00365700,0.00365700,279.00000000
1568926800,1568930399,0.00378600,0.00384500,0.00378600,0.00383800,795.00000000
1568930400,1568933999,0.00383800,0.00383800,0.00383800,0.00383800,80.00000000
1568934000,1568937599,0.00383800,0.00383800,0.00383800,0.00383800,0.00000000
1568937600,1568941199,0.00375000,0.00375000,0.00373500,0.00373800,1004.00000000
1568941200,1568944799,0.00373800,0.00373800,0.00373800,0.00373800,0.00000000
1568944800,1568948399,0.00373800,0.00373800,0.00373800,0.00373800,0.00000000
1568948400,1568951999,0.00373800,0.00373800,0.00373800,0.00373800,0.00000000
1568952000,1568955599,0.00373800,0.00373800,0.00373800,0.00373800,0.00000000
1568955600,1568959199,0.00384500,0.00385400,0.00380400,0.00385400,7182.00000000
1568959200,1568962799,0.00385300,0.00393500,0.00385300,0.00392700,3045.00000000
1568962800,1568966399,0.00399700,0.00403200,0.00395300,0.00398000,2249.00000000
1568966400,1568969999,0.00402800,0.00402800,0.00389200,0.00389200,55568.00000000
1568970000,1568973599,0.00389200,0.00389200,0.00389200,0.00389200,0.00000000
1568973600,1568977199,0.00389200,0.00389200,0.00389200,0.00389200,0.00000000
1568977200,1568980799,0.00408700,0.00408800,0.00408700,0.00408800,500.00000000
1568980800,1568984399,0.00396900,0.00396900,0.00396900,0.00396900,342.00000000
1568984400,1568987999,0.00396900,0.00396900,0.00396900,0.00396900,0.00000000
1568988000,1568991599,0.00396900,0.00426500,0.00394400,0.00394400,13849.00000000
1568991600,1568995199,0.00423300,0.00426400,0.00423300,0.00426400,1224.00000000
1568995200,1568998799,0.00399800,0.00399800,0.00399700,0.00399700,792.00000000
1568998800,1569002399,0.00398100,0.00400500,0.00396300,0.00400500,2817.00000000
1569002400,1569005999,0.00395700,0.00395700,0.00395700,0.00395700,31.00000000
1569006000,1569009599,0.00398100,0.00398100,0.00398100,0.00398100,82.00000000
1569009600,1569013199,0.00398100,0.00398100,0.00398100,0.00398100,0.00000000
1569013200,1569016799,0.00398100,0.00398100,0.00398100,0.00398100,0.00000000
1569016800,1569020399,0.00398100,0.00398100,0.00398100,0.00398100,0.00000000
1569020400,1569023999,0.00398700,0.00398700,0.00398700,0.00398700,590.00000000
1569024000,1569027599,0.00398700,0.00398700,0.00398700,0.00398700,0.00000000
1569027600,1569031199,0.00398700,0.00398700,0.00398700,0.00398700,0.00000000
1569031200,1569034799,0.00398700,0.00398700,0.00398700,0.00398700,0.00000000
1569034800,1569038399,0.00398700,0.00398700,0.00398700,0.00398700,0.00000000
1569038400,1569041999,0.00398700,0.00398700,0.00398700,0.00398700,0.00000000
1569042000,1569045599,0.00398700,0.00398700,0.00398700,0.00398700,108.00000000
1569045600,1569049199,0.00396800,0.00396800,0.00396800,0.00396800,5500.00000000
1569049200,1569052799,0.00396800,0.00396800,0.00396800,0.00396800,0.00000000
1569052800,1569056399,0.00395700,0.00395700,0.00395700,0.00395700,1287.00000000
1569056400,1569059999,0.00400000,0.00402200,0.00398300,0.00398300,2416.00000000
1569060000,1569063599,0.00395100,0.00395100,0.00390300,0.00394500,2054.00000000
1569063600,1569067199,0.00394500,0.00394500,0.00394500,0.00394500,50.00000000
1569067200,1569070799,0.00394500,0.00394500,0.00394500,0.00394500,0.00000000
1569070800,1569074399,0.00394500,0.00394500,0.00394500,0.00394500,0.00000000
1569074400,1569077999,0.00394500,0.00394500,0.00394500,0.00394500,0.00000000
1569078000,1569081599,0.00394500,0.00394500,0.00394500,0.00394500,0.00000000
1569081600,1569085199,0.00395000,0.00395000,0.00395000,0.00395000,80.00000000
1569085200,1569088799,0.00395000,0.00395000,0.00395000,0.00395000,0.00000000
1569088800,1569092399,0.00395000,0.00395000,0.00395000,0.00395000,0.00000000
1569092400,1569095999,0.00395000,0.00395000,0.00395000,0.00395000,0.00000000
1569096000,1569099599,0.00395000,0.00395000,0.00395000,0.00395000,0.00000000
1569099600,1569103199,0.00395000,0.00395000,0.00395000,0.00395000,0.00000000
1569103200,1569106799,0.00395000,0.00395000,0.00395000,0.00395000,0.00000000
1569106800,1569110399,0.00395000,0.00395000,0.00395000,0.00395000,0.00000000
1569110400,1569113999,0.00395000,0.00395000,0.00395000,0.00395000,0.00000000
1569114000,1569117599,0.00395000,0.00395000,0.00395000,0.00395000,0.00000000
1569117600,1569121199,0.00399600,0.00407000,0.00396100,0.00400400,2065.00000000
1569121200,1569124799,0.00394800,0.00394800,0.00394800,0.00394800,3228.00000000
1569124800,1569128399,0.00394800,0.00394800,0.00394800,0.00394800,0.00000000
1569128400,1569131999,0.00394800,0.00394800,0.00394800,0.00394800,0.00000000
1569132000,1569135599,0.00394800,0.00394800,0.00394800,0.00394800,0.00000000
1569135600,1569139199,0.00394800,0.00394800,0.00394500,0.00394500,3486.00000000
1569139200,1569142799,0.00391000,0.00392200,0.00389300,0.00389300,471.00000000
1569142800,1569146399,0.00389300,0.00389300,0.00389300,0.00389300,0.00000000
1569146400,1569149999,0.00389300,0.00389300,0.00389300,0.00389300,0.00000000
1569150000,1569153599,0.00389300,0.00389300,0.00389300,0.00389300,0.00000000
1569153600,1569157199,0.00389300,0.00389300,0.00389300,0.00389300,0.00000000
1569157200,1569160799,0.00389300,0.00389300,0.00389300,0.00389300,262.00000000
1569160800,1569164399,0.00389300,0.00389300,0.00389300,0.00389300,0.00000000
1569164400,1569167999,0.00389300,0.00389300,0.00389300,0.00389300,0.00000000
1569168000,1569171599,0.00389300,0.00389300,0.00389300,0.00389300,0.00000000
1569171600,1569175199,0.00389300,0.00389300,0.00389300,0.00389300,0.00000000
1569175200,1569178799,0.00389300,0.00389300,0.00389300,0.00389300,0.00000000
1569178800,1569182399,0.00389300,0.00389300,0.00389300,0.00389300,0.00000000
1569182400,1569185999,0.00389300,0.00389300,0.00389300,0.00389300,0.00000000
1569186000,1569189599,0.00389300,0.00389300,0.00389300,0.00389300,256.00000000
1569189600,1569193199,0.00389300,0.00389300,0.00389300,0.00389300,0.00000000
1569193200,1569196799,0.00389300,0.00389300,0.00389300,0.00389300,0.00000000
1569196800,1569200399,0.00389300,0.00389300,0.00389300,0.00389300,0.00000000
1569200400,1569203999,0.00389300,0.00389300,0.00389300,0.00389300,0.00000000
1569204000,1569207599,0.00389300,0.00391600,0.00381500,0.00384700,208.00000000
1569207600,1569211199,0.00384700,0.00384700,0.00384700,0.00384700,0.00000000
1569211200,1569214799,0.00384700,0.00384700,0.00384700,0.00384700,0.00000000
1569214800,1569218399,0.00386100,0.00386100,0.00386100,0.00386100,1292.00000000
1569218400,1569221999,0.00386100,0.00386100,0.00386100,0.00386100,0.00000000
1569222000,1569225599,0.00390400,0.00390400,0.00390400,0.00390400,89.00000000
1569225600,1569229199,0.00395200,0.00395500,0.00395200,0.00395300,491.00000000
1569229200,1569232799,0.00390400,0.00390400,0.00385900,0.00385900,121.00000000
1569232800,1569236399,0.00385900,0.00385900,0.00385900,0.00385900,0.00000000
1569236400,1569239999,0.00385900,0.00385900,0.00385900,0.00385900,0.00000000
1569240000,1569243599,0.00385900,0.00385900,0.00385900,0.00385900,0.00000000
1569243600,1569247199,0.00385900,0.00385900,0.00385900,0.00385900,0.00000000
1569247200,1569250799,0.00385900,0.00385900,0.00385900,0.00385900,0.00000000
1569250800,1569254399,0.00385900,0.00385900,0.00385900,0.00385900,0.00000000
1569254400,1569257999,0.00385900,0.00385900,0.00385900,0.00385900,0.00000000
1569258000,1569261599,0.00386500,0.00387700,0.00386500,0.00387700,978.00000000
1569261600,1569265199,0.00385900,0.00385900,0.00384700,0.00384700,101.00000000
1569265200,1569268799,0.00385200,0.00385200,0.00385000,0.00385000,313.00000000
1569268800,1569272399,0.00389200,0.00389200,0.00389200,0.00389200,53.00000000
1569272400,1569275999,0.00385100,0.00385400,0.00375400,0.00376500,26936.00000000
1569276000,1569279599,0.00383300,0.00383400,0.00373500,0.00373500,927.00000000
1569279600,1569283199,0.00373500,0.00373500,0.00373500,0.00373500,0.00000000
1569283200,1569286799,0.00373500,0.00373500,0.00373500,0.00373500,0.00000000
1569286800,1569290399,0.00373500,0.00373500,0.00373500,0.00373500,0.00000000
1569290400,1569293999,0.00373500,0.00373500,0.00373500,0.00373500,0.00000000
1569294000,1569297599,0.00370300,0.00372200,0.00370300,0.00371000,2761.00000000
1569297600,1569301199,0.00371000,0.00371000,0.00371000,0.00371000,0.00000000
1569301200,1569304799,0.00371000,0.00371000,0.00371000,0.00371000,0.00000000
1569304800,1569308399,0.00371000,0.00371000,0.00371000,0.00371000,0.00000000
1569308400,1569311999,0.00371000,0.00371000,0.00371000,0.00371000,0.00000000
1569312000,1569315599,0.00371000,0.00371000,0.00371000,0.00371000,0.00000000
1569315600,1569319199,0.00371000,0.00371000,0.00371000,0.00371000,0.00000000
1569319200,1569322799,0.00371000,0.00371000,0.00371000,0.00371000,0.00000000
1569322800,1569326399,0.00381700,0.00398800,0.00381700,0.00396500,12599.00000000
1569326400,1569329999,0.00400000,0.00400800,0.00400000,0.00400800,556.00000000
1569330000,1569333599,0.00398600,0.00413600,0.00397100,0.00413600,4351.00000000
1569333600,1569337199,0.00416000,0.00416000,0.00386000,0.00387100,16339.00000000
1569337200,1569340799,0.00387100,0.00390300,0.00380000,0.00380000,317.00000000
1569340800,1569344399,0.00380100,0.00380100,0.00380000,0.00380000,553.00000000
1569344400,1569347999,0.00380100,0.00390100,0.00380100,0.00390100,305.00000000
1569348000,1569351599,0.00380000,0.00399700,0.00373800,0.00399700,899.00000000
1569351600,1569355199,0.00382600,0.00399800,0.00373700,0.00385200,3183.00000000
1569355200,1569358799,0.00370500,0.00393000,0.00370500,0.00379600,6514.00000000
1569358800,1569362399,0.00379600,0.00379600,0.00379600,0.00379600,0.00000000
1569362400,1569365999,0.00385700,0.00385700,0.00385700,0.00385700,1409.00000000
1569366000,1569369599,0.00387200,0.00387200,0.00381400,0.00381400,1345.00000000
1569369600,1569373199,0.00380000,0.00380000,0.00380000,0.00380000,748.00000000
1569373200,1569376799,0.00381400,0.00399900,0.00380000,0.00399900,1292.00000000
1569376800,1569380399,0.00398500,0.00398500,0.00398500,0.00398500,44.00000000
1569380400,1569383999,0.00398500,0.00398500,0.00398500,0.00398500,0.00000000
1569384000,1569387599,0.00398500,0.00398500,0.00398500,0.00398500,0.00000000
1569387600,1569391199,0.00398500,0.00398500,0.00398500,0.00398500,0.00000000
1569391200,1569394799,0.00398400,0.00398400,0.00398400,0.00398400,27.00000000
1569394800,1569398399,0.00398400,0.00398400,0.00398400,0.00398400,0.00000000
1569398400,1569401999,0.00396800,0.00397200,0.00381400,0.00397000,9747.00000000
1569402000,1569405599,0.00397000,0.00397000,0.00397000,0.00397000,0.00000000
1569405600,1569409199,0.00397000,0.00397000,0.00397000,0.00397000,0.00000000
1569409200,1569412799,0.00397000,0.00397000,0.00397000,0.00397000,0.00000000
1569412800,1569416399,0.00397000,0.00397000,0.00388600,0.00388600,456.00000000
1569416400,1569419999,0.00395300,0.00395300,0.00388300,0.00388300,120.00000000
1569420000,1569423599,0.00388300,0.00388300,0.00388300,0.00388300,0.00000000
1569423600,1569427199,0.00388300,0.00388300,0.00388300,0.00388300,0.00000000
1569427200,1569430799,0.00397900,0.00397900,0.00393200,0.00393200,449.00000000
1569430800,1569434399,0.00382200,0.00385200,0.00381400,0.00382200,396.00000000
1569434400,1569437999,0.00381400,0.00383700,0.00381400,0.00383700,105.00000000
1569438000,1569441599,0.00382200,0.00385200,0.00382200,0.00385200,153.00000000
1569441600,1569445199,0.00383700,0.00386700,0.00383700,0.00386700,153.00000000
1569445200,1569448799,0.00385200,0.00391000,0.00385200,0.00391000,181.00000000
1569448800,1569452399,0.00391000,0.00391000,0.00391000,0.00391000,60.00000000
1569452400,1569455999,0.00391000,0.00391000,0.00391000,0.00391000,0.00000000
1569456000,1569459599,0.00391000,0.00391000,0.00391000,0.00391000,0.00000000
1569459600,1569463199,0.00391000,0.00391000,0.00391000,0.00391000,0.00000000
1569463200,1569466799,0.00391000,0.00391000,0.00391000,0.00391000,0.00000000
1569466800,1569470399,0.00391000,0.00391000,0.00391000,0.00391000,0.00000000
1569470400,1569473999,0.00391000,0.00391000,0.00391000,0.00391000,0.00000000
1569474000,1569477599,0.00391000,0.00391000,0.00391000,0.00391000,0.00000000
1569477600,1569481199,0.00391000,0.00391000,0.00391000,0.00391000,0.00000000
1569481200,1569484799,0.00391000,0.00391000,0.00391000,0.00391000,0.00000000
1569484800,1569488399,0.00386800,0.00396500,0.00386800,0.00396500,814.00000000
1569488400,1569491999,0.00393700,0.00393700,0.00390900,0.00390900,153.00000000
1569492000,1569495599,0.00392300,0.00396500,0.00392300,0.00396500,9228.00000000
1569495600,1569499199,0.00392100,0.00392100,0.00390500,0.00390500,294.00000000
1569499200,1569502799,0.00391900,0.00395900,0.00390300,0.00390300,5001.00000000
1569502800,1569506399,0.00388000,0.00391700,0.00380100,0.00380100,6526.00000000
1569506400,1569509999,0.00382000,0.00387600,0.00382000,0.00387600,940.00000000
1569510000,1569513599,0.00386000,0.00386000,0.00386000,0.00386000,128.00000000
1569513600,1569517199,0.00376400,0.00379300,0.00364000,0.00374900,22764.00000000
1569517200,1569520799,0.00376300,0.00376300,0.00376300,0.00376300,128.00000000
1569520800,1569524399,0.00374700,0.00380500,0.00374000,0.00380500,520.00000000
1569524400,1569527999,0.00378900,0.00378900,0.00375800,0.00377400,936.00000000
1569528000,1569531599,0.00378400,0.00378400,0.00378400,0.00378400,105.00000000
1569531600,1569535199,0.00384700,0.00386200,0.00384700,0.00386200,243.00000000
1569535200,1569538799,0.00386200,0.00386200,0.00386200,0.00386200,0.00000000
1569538800,1569542399,0.00386200,0.00386200,0.00386200,0.00386200,0.00000000
1569542400,1569545999,0.00386200,0.00386200,0.00386200,0.00386200,0.00000000
1569546000,1569549599,0.00386200,0.00386200,0.00386200,0.00386200,0.00000000
1569549600,1569553199,0.00386200,0.00386200,0.00386200,0.00386200,0.00000000
1569553200,1569556799,0.00380000,0.00387800,0.00375700,0.00387800,1459.00000000
1569556800,1569560399,0.00375600,0.00377000,0.00375600,0.00377000,258.00000000
1569560400,1569563999,0.00380700,0.00380700,0.00380700,0.00380700,1684.00000000
1569564000,1569567599,0.00388000,0.00388000,0.00388000,0.00388000,30.00000000
1569567600,1569571199,0.00388000,0.00388000,0.00388000,0.00388000,0.00000000
1569571200,1569574799,0.00388000,0.00389000,0.00385800,0.00385800,2876.00000000
1569574800,1569578399,0.00385800,0.00385800,0.00385800,0.00385800,0.00000000
1569578400,1569581999,0.00385800,0.00385800,0.00385800,0.00385800,0.00000000
1569582000,1569585599,0.00389000,0.00407600,0.00389000,0.00405800,15312.00000000
1569585600,1569589199,0.00406000,0.00406000,0.00399400,0.00402200,3271.00000000
1569589200,1569592799,0.00403300,0.00414600,0.00403300,0.00414600,285.00000000
1569592800,1569596399,0.00413700,0.00413700,0.00413700,0.00413700,237.00000000
1569596400,1569599999,0.00409500,0.00409500,0.00402200,0.00402200,544.00000000
1569600000,1569603599,0.00402200,0.00402200,0.00402200,0.00402200,0.00000000
1569603600,1569607199,0.00402200,0.00402200,0.00402200,0.00402200,0.00000000
1569607200,1569610799,0.00402200,0.00402200,0.00402200,0.00402200,0.00000000
1569610800,1569614399,0.00402200,0.00402200,0.00402200,0.00402200,0.00000000
1569614400,1569617999,0.00402200,0.00402200,0.00402200,0.00402200,0.00000000
1569618000,1569621599,0.00398500,0.00401300,0.00394500,0.00397300,3722.00000000
1569621600,1569625199,0.00395900,0.00413300,0.00391000,0.00393800,1290.00000000
1569625200,1569628799,0.00395200,0.00398000,0.00395200,0.00396600,148.00000000
1569628800,1569632399,0.00396600,0.00396600,0.00396600,0.00396600,0.00000000
1569632400,1569635999,0.00396600,0.00396600,0.00396600,0.00396600,0.00000000
1569636000,1569639599,0.00396600,0.00396600,0.00396600,0.00396600,0.00000000
1569639600,1569643199,0.00399400,0.00399400,0.00399400,0.00399400,637.00000000
1569643200,1569646799,0.00399400,0.00399400,0.00399400,0.00399400,0.00000000
1569646800,1569650399,0.00401400,0.00401500,0.00401400,0.00401500,87.00000000
1569650400,1569653999,0.00401500,0.00401500,0.00401500,0.00401500,0.00000000
1569654000,1569657599,0.00399400,0.00417400,0.00399400,0.00417400,819.00000000
1569657600,1569661199,0.00417400,0.00434200,0.00406600,0.00417600,59152.00000000
1569661200,1569664799,0.00417600,0.00417600,0.00417600,0.00417600,0.00000000
1569664800,1569668399,0.00412400,0.00412400,0.00412400,0.00412400,2831.00000000
1569668400,1569671999,0.00412400,0.00412400,0.00412400,0.00412400,0.00000000
1569672000,1569675599,0.00411300,0.00411300,0.00410000,0.00410000,2635.00000000
1569675600,1569679199,0.00410000,0.00410000,0.00410000,0.00410000,0.00000000
1569679200,1569682799,0.00410000,0.00410000,0.00410000,0.00410000,0.00000000
1569682800,1569686399,0.00410000,0.00410000,0.00410000,0.00410000,687.00000000
1569686400,1569689999,0.00406000,0.00417000,0.00406000,0.00416700,2305.00000000
1569690000,1569693599,0.00416700,0.00416700,0.00416700,0.00416700,0.00000000
1569693600,1569697199,0.00416300,0.00416300,0.00416300,0.00416300,153.00000000
1569697200,1569700799,0.00409700,0.00409700,0.00408900,0.00408900,975.00000000
1569700800,1569704399,0.00417000,0.00417000,0.00409200,0.00409200,494.00000000
1569704400,1569707999,0.00409200,0.00409200,0.00409200,0.00409200,0.00000000
1569708000,1569711599,0.00409200,0.00409200,0.00409200,0.00409200,0.00000000
1569711600,1569715199,0.00409200,0.00409200,0.00409200,0.00409200,0.00000000
1569715200,1569718799,0.00409200,0.00409200,0.00409200,0.00409200,0.00000000
1569718800,1569722399,0.00409200,0.00409200,0.00409200,0.00409200,0.00000000
1569722400,1569725999,0.00409200,0.00409200,0.00409200,0.00409200,0.00000000
1569726000,1569729599,0.00409200,0.00409200,0.00409200,0.00409200,0.00000000
1569729600,1569733199,0.00409200,0.00409200,0.00409200,0.00409200,0.00000000
1569733200,1569736799,0.00409200,0.00409200,0.00409200,0.00409200,0.00000000
1569736800,1569740399,0.00416700,0.00416700,0.00416700,0.00416700,1909.00000000
1569740400,1569743999,0.00416700,0.00420800,0.00416700,0.00420800,6283.00000000
1569744000,1569747599,0.00420800,0.00430000,0.00420800,0.00430000,1937.00000000
1569747600,1569751199,0.00420400,0.00420400,0.00420400,0.00420400,28.00000000
1569751200,1569754799,0.00420400,0.00420400,0.00420400,0.00420400,0.00000000
1569754800,1569758399,0.00420400,0.00420400,0.00420400,0.00420400,0.00000000
1569758400,1569761999,0.00420400,0.00420400,0.00420400,0.00420400,0.00000000
1569762000,1569765599,0.00430000,0.00430000,0.00419500,0.00419500,974.00000000
1569765600,1569769199,0.00419500,0.00419500,0.00419500,0.00419500,0.00000000
1569769200,1569772799,0.00419500,0.00419500,0.00419500,0.00419500,0.00000000
1569772800,1569776399,0.00419500,0.00419500,0.00419500,0.00419500,0.00000000
1569776400,1569779999,0.00419500,0.00419500,0.00419500,0.00419500,0.00000000
1569780000,1569783599,0.00419500,0.00419500,0.00419500,0.00419500,0.00000000
1569783600,1569787199,0.00429700,0.00429700,0.00428900,0.00429600,118.00000000
1569787200,1569790799,0.00429600,0.00429600,0.00429600,0.00429600,0.00000000
1569790800,1569794399,0.00419500,0.00419500,0.00419500,0.00419500,1685.00000000
1569794400,1569797999,0.00419500,0.00419500,0.00419500,0.00419500,0.00000000
1569798000,1569801599,0.00419500,0.00419500,0.00419500,0.00419500,0.00000000
1569801600,1569805199,0.00419500,0.00419500,0.00419500,0.00419500,0.00000000
1569805200,1569808799,0.00419500,0.00419500,0.00419500,0.00419500,0.00000000
1569808800,1569812399,0.00428100,0.00428300,0.00428100,0.00428300,934.00000000
1569812400,1569815999,0.00428300,0.00428300,0.00428300,0.00428300,0.00000000
1569816000,1569819599,0.00428200,0.00431300,0.00428200,0.00431300,1718.00000000
1569819600,1569823199,0.00414300,0.00414300,0.00411100,0.00411100,3850.00000000
1569823200,1569826799,0.00411100,0.00411100,0.00411100,0.00411100,0.00000000
1569826800,1569830399,0.00411100,0.00411100,0.00411100,0.00411100,0.00000000
1569830400,1569833999,0.00411100,0.00411100,0.00411100,0.00411100,0.00000000
1569834000,1569837599,0.00411100,0.00411100,0.00411100,0.00411100,0.00000000
1569837600,1569841199,0.00411100,0.00411100,0.00411100,0.00411100,0.00000000
1569841200,1569844799,0.00436700,0.00436700,0.00414200,0.00415500,672.00000000
1569844800,1569848399,0.00415500,0.00415500,0.00415500,0.00415500,0.00000000
1569848400,1569851999,0.00415500,0.00415500,0.00415500,0.00415500,0.00000000
1569852000,1569855599,0.00415000,0.00415000,0.00415000,0.00415000,130.00000000
1569855600,1569859199,0.00409100,0.00436300,0.00409100,0.00409800,2686.00000000
1569859200,1569862799,0.00409800,0.00412100,0.00409800,0.00412100,388.00000000
1569862800,1569866399,0.00412500,0.00412500,0.00412500,0.00412500,303.00000000
1569866400,1569869999,0.00412500,0.00412500,0.00412500,0.00412500,0.00000000
1569870000,1569873599,0.00412500,0.00412500,0.00412500,0.00412500,0.00000000
1569873600,1569877199,0.00412500,0.00412500,0.00412500,0.00412500,0.00000000
1569877200,1569880799,0.00412500,0.00412500,0.00412500,0.00412500,0.00000000
1569880800,1569884399,0.00412500,0.00412500,0.00412500,0.00412500,0.00000000
1569884400,1569887999,0.00412500,0.00412500,0.00412500,0.00412500,0.00000000
1569888000,1569891599,0.00404300,0.00414600,0.00404300,0.00414600,612.00000000
1569891600,1569895199,0.00404700,0.00414400,0.00404700,0.00414400,666.00000000
1569895200,1569898799,0.00402300,0.00414600,0.00402300,0.00414600,739.00000000
1569898800,1569902399,0.00401600,0.00401600,0.00397800,0.00398000,1195.00000000
1569902400,1569905999,0.00400000,0.00400000,0.00400000,0.00400000,409.00000000
1569906000,1569909599,0.00400000,0.00400000,0.00400000,0.00400000,119.00000000
1569909600,1569913199,0.00400000,0.00400000,0.00400000,0.00400000,0.00000000
1569913200,1569916799,0.00400000,0.00400000,0.00400000,0.00400000,0.00000000
1569916800,1569920399,0.00400000,0.00400000,0.00400000,0.00400000,0.00000000
1569920400,1569923999,0.00400000,0.00400000,0.00400000,0.00400000,0.00000000
1569924000,1569927599,0.00400000,0.00400000,0.00400000,0.00400000,0.00000000
1569927600,1569931199,0.00400000,0.00400000,0.00400000,0.00400000,0.00000000
1569931200,1569934799,0.00400000,0.00400000,0.00400000,0.00400000,0.00000000
1569934800,1569938399,0.00408600,0.00414300,0.00408600,0.00410000,1911.00000000
1569938400,1569941999,0.00400100,0.00409000,0.00400000,0.00409000,1684.00000000
1569942000,1569945599,0.00403200,0.00403900,0.00403200,0.00403900,52.00000000
1569945600,1569949199,0.00402900,0.00402900,0.00399600,0.00399600,311.00000000
1569949200,1569952799,0.00401400,0.00404000,0.00398000,0.00404000,730.00000000
1569952800,1569956399,0.00404300,0.00431100,0.00404300,0.00431100,5684.00000000
1569956400,1569959999,0.00427000,0.00427000,0.00411900,0.00413400,2619.00000000
1569960000,1569963599,0.00423600,0.00437900,0.00423600,0.00423700,578.00000000
1569963600,1569967199,0.00437900,0.00438000,0.00423200,0.00423200,1061.00000000
1569967200,1569970799,0.00423200,0.00423200,0.00423200,0.00423200,0.00000000
1569970800,1569974399,0.00423200,0.00423200,0.00423200,0.00423200,0.00000000
1569974400,1569977999,0.00423200,0.00423200,0.00423200,0.00423200,0.00000000
1569978000,1569981599,0.00423200,0.00423200,0.00423200,0.00423200,122.00000000
1569981600,1569985199,0.00417400,0.00423200,0.00411800,0.00423200,701.00000000
1569985200,1569988799,0.00418300,0.00418400,0.00418300,0.00418400,200.00000000
1569988800,1569992399,0.00423200,0.00430000,0.00420100,0.00429000,1141.00000000
1569992400,1569995999,0.00420100,0.00429200,0.00420000,0.00429200,400.00000000
1569996000,1569999599,0.00429200,0.00429200,0.00429200,0.00429200,0.00000000
1569999600,1570003199,0.00420400,0.00429000,0.00420400,0.00429000,200.00000000
1570003200,1570006799,0.00420000,0.00420000,0.00420000,0.00420000,401.00000000
1570006800,1570010399,0.00420000,0.00420000,0.00420000,0.00420000,0.00000000
1570010400,1570013999,0.00420000,0.00420000,0.00420000,0.00420000,0.00000000
1570014000,1570017599,0.00421600,0.00421600,0.00421600,0.00421600,50.00000000
1570017600,1570021199,0.00421600,0.00421600,0.00421600,0.00421600,0.00000000
1570021200,1570024799,0.00422900,0.00422900,0.00422900,0.00422900,27.00000000
1570024800,1570028399,0.00422900,0.00422900,0.00422900,0.00422900,0.00000000
1570028400,1570031999,0.00422900,0.00422900,0.00422900,0.00422900,0.00000000
1570032000,1570035599,0.00422900,0.00422900,0.00422900,0.00422900,0.00000000
1570035600,1570039199,0.00422900,0.00422900,0.00422900,0.00422900,0.00000000
1570039200,1570042799,0.00422900,0.00422900,0.00422900,0.00422900,0.00000000
1570042800,1570046399,0.00422900,0.00422900,0.00422900,0.00422900,0.00000000
1570046400,1570049999,0.00422900,0.00422900,0.00422900,0.00422900,0.00000000
1570050000,1570053599,0.00438000,0.00438000,0.00438000,0.00438000,200.00000000
1570053600,1570057199,0.00437800,0.00437800,0.00418000,0.00424900,1743.00000000
1570057200,1570060799,0.00424900,0.00424900,0.00424900,0.00424900,466.00000000
1570060800,1570064399,0.00424900,0.00424900,0.00424900,0.00424900,0.00000000
1570064400,1570067999,0.00424900,0.00424900,0.00424900,0.00424900,0.00000000
1570068000,1570071599,0.00425300,0.00425300,0.00425300,0.00425300,43.00000000
1570071600,1570075199,0.00425300,0.00425300,0.00425300,0.00425300,0.00000000
1570075200,1570078799,0.00425300,0.00425300,0.00425300,0.00425300,0.00000000
1570078800,1570082399,0.00425300,0.00425300,0.00425300,0.00425300,0.00000000
1570082400,1570085999,0.00425300,0.00425300,0.00425300,0.00425300,0.00000000
1570086000,1570089599,0.00425300,0.00425300,0.00425300,0.00425300,0.00000000
1570089600,1570093199,0.00428100,0.00436300,0.00428100,0.00436300,253.00000000
1570093200,1570096799,0.00429300,0.00429300,0.00429300,0.00429300,48.00000000
1570096800,1570100399,0.00429300,0.00429300,0.00429300,0.00429300,0.00000000
1570100400,1570103999,0.00429300,0.00429300,0.00429300,0.00429300,0.00000000
1570104000,1570107599,0.00431900,0.00431900,0.00431800,0.00431800,1500.00000000
1570107600,1570111199,0.00431800,0.00431800,0.00431800,0.00431800,0.00000000
1570111200,1570114799,0.00431800,0.00431800,0.00425300,0.00425300,2375.00000000
1570114800,1570118399,0.00429800,0.00430400,0.00421400,0.00430400,2048.00000000
1570118400,1570121999,0.00430400,0.00430400,0.00430400,0.00430400,0.00000000
1570122000,1570125599,0.00430400,0.00430400,0.00430400,0.00430400,0.00000000
1570125600,1570129199,0.00430400,0.00430400,0.00430400,0.00430400,0.00000000
1570129200,1570132799,0.00430400,0.00430400,0.00430400,0.00430400,0.00000000
1570132800,1570136399,0.00431100,0.00431100,0.00431100,0.00431100,523.00000000
1570136400,1570139999,0.00431100,0.00431100,0.00431100,0.00431100,0.00000000
1570140000,1570143599,0.00431100,0.00431100,0.00431100,0.00431100,0.00000000
1570143600,1570147199,0.00431100,0.00431100,0.00431100,0.00431100,0.00000000
1570147200,1570150799,0.00431100,0.00431100,0.00431100,0.00431100,0.00000000
1570150800,1570154399,0.00431100,0.00431100,0.00431100,0.00431100,0.00000000
1570154400,1570157999,0.00438000,0.00438000,0.00438000,0.00438000,26.00000000
1570158000,1570161599,0.00438000,0.00438000,0.00438000,0.00438000,0.00000000
1570161600,1570165199,0.00438000,0.00438000,0.00438000,0.00438000,0.00000000
1570165200,1570168799,0.00438000,0.00438000,0.00438000,0.00438000,0.00000000
1570168800,1570172399,0.00438000,0.00438000,0.00438000,0.00438000,0.00000000
1570172400,1570175999,0.00436200,0.00447800,0.00436200,0.00447800,4171.00000000
1570176000,1570179599,0.00443000,0.00456600,0.00443000,0.00447200,2019.00000000
1570179600,1570183199,0.00455400,0.00458900,0.00451300,0.00458900,756.00000000
1570183200,1570186799,0.00458900,0.00464100,0.00444700,0.00449500,6234.00000000
1570186800,1570190399,0.00449500,0.00458800,0.00447100,0.00447100,18423.00000000
1570190400,1570193999,0.00449500,0.00460700,0.00447100,0.00447100,773.00000000
1570194000,1570197599,0.00450000,0.00450000,0.00450000,0.00450000,1283.00000000
1570197600,1570201199,0.00450000,0.00460500,0.00449700,0.00454700,2169.00000000
1570201200,1570204799,0.00447100,0.00447100,0.00447100,0.00447100,600.00000000
1570204800,1570208399,0.00447100,0.00447100,0.00447100,0.00447100,0.00000000
1570208400,1570211999,0.00447100,0.00447100,0.00447100,0.00447100,0.00000000
1570212000,1570215599,0.00447100,0.00447100,0.00447100,0.00447100,0.00000000
1570215600,1570219199,0.00448800,0.00448800,0.00448800,0.00448800,223.00000000
1570219200,1570222799,0.00448800,0.00448800,0.00448800,0.00448800,0.00000000
1570222800,1570226399,0.00448800,0.00448800,0.00448800,0.00448800,0.00000000
1570226400,1570229999,0.00448800,0.00448800,0.00448800,0.00448800,0.00000000
1570230000,1570233599,0.00448800,0.00448800,0.00448800,0.00448800,0.00000000
1570233600,1570237199,0.00455500,0.00522000,0.00455500,0.00492200,70273.10000000
1570237200,1570240799,0.00504500,0.00542300,0.00502300,0.00538300,103086.20000000
1570240800,1570244399,0.00532800,0.00549000,0.00512700,0.00533800,30357.00000000
1570244400,1570247999,0.00542900,0.00610800,0.00542900,0.00606500,48224.80000000
1570248000,1570251599,0.00605800,0.00630000,0.00580000,0.00626800,42173.10000000
1570251600,1570255199,0.00627400,0.00670500,0.00602900,0.00652400,19100.00000000
1570255200,1570258799,0.00674600,0.00701200,0.00660200,0.00677800,21977.90000000
1570258800,1570262399,0.00657700,0.00740900,0.00657700,0.00732400,15965.80000000
1570262400,1570265999,0.00717100,0.00717100,0.00680000,0.00683200,3513.00000000
1570266000,1570269599,0.00674200,0.00729500,0.00657800,0.00679200,3387.00000000
1570269600,1570273199,0.00670000,0.00687000,0.00627600,0.00638900,66509.00000000
1570273200,1570276799,0.00638900,0.00638900,0.00616900,0.00627700,2257.00000000
1570276800,1570280399,0.00633200,0.00666700,0.00633200,0.00644600,8322.00000000
1570280400,1570283999,0.00651600,0.00653400,0.00627700,0.00632600,34389.00000000
1570284000,1570287599,0.00642600,0.00642800,0.00630100,0.00639000,1844.00000000
1570287600,1570291199,0.00634500,0.00646300,0.00634300,0.00646300,659.00000000
1570291200,1570294799,0.00646300,0.00646300,0.00632500,0.00632600,991.00000000
1570294800,1570298399,0.00632600,0.00632900,0.00620700,0.00621100,2085.00000000
1570298400,1570301999,0.00623700,0.00625700,0.00600000,0.00601300,24066.00000000
1570302000,1570305599,0.00602700,0.00619000,0.00602700,0.00611200,1927.00000000
1570305600,1570309199,0.00611200,0.00618600,0.00603700,0.00603700,5482.00000000
1570309200,1570312799,0.00603700,0.00603700,0.00603700,0.00603700,0.00000000
1570312800,1570316399,0.00603900,0.00619000,0.00603700,0.00619000,4506.00000000
1570316400,1570319999,0.00625600,0.00636400,0.00607500,0.00617100,5700.00000000
1570320000,1570323599,0.00626700,0.00655400,0.00585600,0.00585600,33396.00000000
1570323600,1570327199,0.00583300,0.00669600,0.00566600,0.00587900,135551.00000000
1570327200,1570330799,0.00570300,0.00581900,0.00566600,0.00581900,12268.00000000
1570330800,1570334399,0.00570100,0.00588200,0.00569100,0.00585000,1731.00000000
1570334400,1570337999,0.00585300,0.00585300,0.00562800,0.00569500,2104.00000000
1570338000,1570341599,0.00569500,0.00569500,0.00560000,0.00563700,2743.00000000
1570341600,1570345199,0.00563700,0.00563700,0.00563700,0.00563700,1152.00000000
1570345200,1570348799,0.00560000,0.00569900,0.00560000,0.00566700,1241.00000000
1570348800,1570352399,0.00566700,0.00575200,0.00566000,0.00574500,4811.00000000
1570352400,1570355999,0.00574500,0.00591000,0.00570000,0.00570000,25528.00000000
1570356000,1570359599,0.00570400,0.00578700,0.00569100,0.00571400,3949.00000000
1570359600,1570363199,0.00578700,0.00596300,0.00566600,0.00566600,8239.00000000
1570363200,1570366799,0.00565100,0.00576600,0.00564500,0.00568300,1962.00000000
1570366800,1570370399,0.00575900,0.00575900,0.00571500,0.00571500,66.00000000
1570370400,1570373999,0.00567700,0.00576900,0.00566000,0.00566700,25136.00000000
1570374000,1570377599,0.00566700,0.00566800,0.00554700,0.00566800,11124.00000000
1570377600,1570381199,0.00562000,0.00569000,0.00557900,0.00557900,11987.00000000
1570381200,1570384799,0.00568300,0.00568300,0.00545000,0.00545000,9601.00000000
1570384800,1570388399,0.00545000,0.00550500,0.00538900,0.00538900,2066.00000000
1570388400,1570391999,0.00539600,0.00539600,0.00539600,0.00539600,246.00000000
1570392000,1570395599,0.00549900,0.00550000,0.00549900,0.00550000,66.00000000
1570395600,1570399199,0.00542500,0.00542700,0.00542500,0.00542700,1112.00000000
1570399200,1570402799,0.00544100,0.00544100,0.00544100,0.00544100,32.00000000
1570402800,1570406399,0.00542800,0.00542800,0.00542800,0.00542800,753.00000000
1570406400,1570409999,0.00550500,0.00550500,0.00533300,0.00533300,42378.00000000
1570410000,1570413599,0.00531000,0.00535000,0.00527900,0.00528000,5168.00000000
1570413600,1570417199,0.00528000,0.00530300,0.00525000,0.00525000,4085.00000000
1570417200,1570420799,0.00525000,0.00531400,0.00523800,0.00530000,33365.00000000
1570420800,1570424399,0.00530000,0.00530000,0.00530000,0.00530000,188.00000000
1570424400,1570427999,0.00529900,0.00529900,0.00519000,0.00528200,1707.00000000
1570428000,1570431599,0.00521200,0.00521200,0.00520600,0.00520600,146.00000000
1570431600,1570435199,0.00528400,0.00528800,0.00522000,0.00528800,8521.00000000
1570435200,1570438799,0.00523900,0.00529000,0.00521600,0.00529000,201.00000000
1570438800,1570442399,0.00529000,0.00532200,0.00529000,0.00532200,438.00000000
1570442400,1570445999,0.00532300,0.00534600,0.00525300,0.00525300,1280.00000000
1570446000,1570449599,0.00527600,0.00527600,0.00524000,0.00524700,6567.00000000
1570449600,1570453199,0.00533800,0.00538400,0.00523900,0.00534100,19028.00000000
1570453200,1570456799,0.00524300,0.00529600,0.00523800,0.00529600,1902.00000000
1570456800,1570460399,0.00529600,0.00561500,0.00524300,0.00536600,22135.00000000
1570460400,1570463999,0.00534400,0.00539000,0.00529900,0.00529900,1253.00000000
1570464000,1570467599,0.00530300,0.00530300,0.00530200,0.00530200,848.00000000
1570467600,1570471199,0.00530200,0.00530200,0.00528600,0.00528600,457.00000000
1570471200,1570474799,0.00523900,0.00528600,0.00520600,0.00520600,2414.00000000
1570474800,1570478399,0.00520600,0.00520600,0.00520600,0.00520600,422.00000000
1570478400,1570481999,0.00520600,0.00528600,0.00519100,0.00519100,467.00000000
1570482000,1570485599,0.00529600,0.00529600,0.00529600,0.00529600,28.00000000
1570485600,1570489199,0.00530700,0.00531700,0.00530700,0.00531700,314.00000000
1570489200,1570492799,0.00525300,0.00529200,0.00523900,0.00529200,7018.00000000
1570492800,1570496399,0.00529600,0.00529600,0.00519500,0.00523500,1641.00000000
1570496400,1570499999,0.00529400,0.00533500,0.00521100,0.00521100,259.00000000
1570500000,1570503599,0.00518200,0.00518200,0.00515500,0.00515500,632.00000000
1570503600,1570507199,0.00515200,0.00525000,0.00515200,0.00525000,1359.00000000
1570507200,1570510799,0.00518200,0.00518200,0.00518200,0.00518200,28.00000000
1570510800,1570514399,0.00521600,0.00521600,0.00521600,0.00521600,686.00000000
1570514400,1570517999,0.00514900,0.00529200,0.00496900,0.00497600,43522.00000000
1570518000,1570521599,0.00506600,0.00507200,0.00495900,0.00501900,7317.00000000
1570521600,1570525199,0.00501800,0.00501800,0.00501800,0.00501800,68.00000000
1570525200,1570528799,0.00501800,0.00506600,0.00501800,0.00506600,289.00000000
1570528800,1570532399,0.00496000,0.00511100,0.00495900,0.00506700,27411.00000000
1570532400,1570535999,0.00497100,0.00501100,0.00497100,0.00500500,478.00000000
1570536000,1570539599,0.00506700,0.00506700,0.00506700,0.00506700,283.00000000
1570539600,1570543199,0.00496300,0.00506400,0.00496300,0.00506200,3449.00000000
1570543200,1570546799,0.00497200,0.00511100,0.00494600,0.00501100,22728.00000000
1570546800,1570550399,0.00501300,0.00510800,0.00501100,0.00510800,2307.00000000
1570550400,1570553999,0.00505400,0.00505400,0.00501100,0.00501100,234.00000000
1570554000,1570557599,0.00498200,0.00510800,0.00498200,0.00498200,1507.00000000
1570557600,1570561199,0.00498200,0.00498200,0.00498000,0.00498000,5429.00000000
1570561200,1570564799,0.00505000,0.00505000,0.00505000,0.00505000,522.00000000
1570564800,1570568399,0.00504600,0.00504600,0.00504600,0.00504600,68.00000000
1570568400,1570571999,0.00504000,0.00504100,0.00503800,0.00504100,2718.00000000
1570572000,1570575599,0.00506300,0.00506800,0.00506300,0.00506800,2746.00000000
1570575600,1570579199,0.00509900,0.00509900,0.00509900,0.00509900,7859.00000000
1570579200,1570582799,0.00509800,0.00525400,0.00508500,0.00508500,35675.00000000
1570582800,1570586399,0.00513900,0.00514000,0.00506800,0.00506800,3319.00000000
1570586400,1570589999,0.00508700,0.00523600,0.00508700,0.00523600,4528.00000000
1570590000,1570593599,0.00512500,0.00512800,0.00506900,0.00506900,1717.00000000
1570593600,1570597199,0.00516900,0.00516900,0.00510000,0.00510700,2161.00000000
1570597200,1570600799,0.00516900,0.00525500,0.00511400,0.00511400,3930.00000000
1570600800,1570604399,0.00508300,0.00512500,0.00500000,0.00500000,870.00000000
1570604400,1570607999,0.00500000,0.00506800,0.00497200,0.00505900,2715.00000000
1570608000,1570611599,0.00503900,0.00503900,0.00498800,0.00498800,1598.00000000
1570611600,1570615199,0.00500000,0.00503900,0.00492000,0.00492000,2750.00000000
1570615200,1570618799,0.00491100,0.00491100,0.00480000,0.00480000,2887.00000000
1570618800,1570622399,0.00480000,0.00483400,0.00472300,0.00478300,3844.00000000
1570622400,1570625999,0.00477100,0.00484000,0.00477100,0.00480100,1208.00000000
1570626000,1570629599,0.00478300,0.00478300,0.00476600,0.00476600,134.00000000
1570629600,1570633199,0.00476800,0.00476800,0.00453000,0.00462600,54860.00000000
1570633200,1570636799,0.00461600,0.00461600,0.00447100,0.00455500,2277.00000000
1570636800,1570640399,0.00450000,0.00455500,0.00449800,0.00455500,493.00000000
1570640400,1570643999,0.00455500,0.00458900,0.00455500,0.00458900,407.00000000
1570644000,1570647599,0.00460000,0.00465400,0.00455500,0.00455500,6712.00000000
1570647600,1570651199,0.00459300,0.00459300,0.00449800,0.00449800,805.00000000
1570651200,1570654799,0.00451000,0.00451000,0.00447100,0.00447100,357.00000000
1570654800,1570658399,0.00444400,0.00458900,0.00438400,0.00444500,7116.00000000
1570658400,1570661999,0.00444200,0.00453000,0.00444100,0.00451800,1276.00000000
1570662000,1570665599,0.00450300,0.00450300,0.00450300,0.00450300,219.00000000
1570665600,1570669199,0.00453000,0.00472600,0.00453000,0.00471200,7459.00000000
1570669200,1570672799,0.00472600,0.00480100,0.00470700,0.00470700,1064.00000000
1570672800,1570676399,0.00476600,0.00476600,0.00476600,0.00476600,24.00000000
1570676400,1570679999,0.00469100,0.00472600,0.00459200,0.00472600,2715.00000000
1570680000,1570683599,0.00467900,0.00467900,0.00464800,0.00464800,365.00000000
1570683600,1570687199,0.00464800,0.00464800,0.00463600,0.00463600,250.00000000
1570687200,1570690799,0.00467300,0.00467300,0.00467300,0.00467300,663.00000000
1570690800,1570694399,0.00461200,0.00461200,0.00447700,0.00447700,1460.00000000
1570694400,1570697999,0.00447100,0.00447100,0.00444100,0.00444100,7916.00000000
1570698000,1570701599,0.00449800,0.00455500,0.00449800,0.00455500,394.00000000
1570701600,1570705199,0.00455500,0.00455500,0.00455500,0.00455500,0.00000000
1570705200,1570708799,0.00455500,0.00455500,0.00455500,0.00455500,613.00000000
1570708800,1570712399,0.00455500,0.00455500,0.00455500,0.00455500,0.00000000
1570712400,1570715999,0.00455500,0.00455500,0.00455500,0.00455500,0.00000000
1570716000,1570719599,0.00459900,0.00460000,0.00459900,0.00460000,474.00000000
1570719600,1570723199,0.00461200,0.00461200,0.00461200,0.00461200,28.00000000
1570723200,1570726799,0.00461200,0.00461200,0.00461200,0.00461200,0.00000000
1570726800,1570730399,0.00461200,0.00461200,0.00461200,0.00461200,0.00000000
1570730400,1570733999,0.00466600,0.00473700,0.00466400,0.00471000,5054.00000000
1570734000,1570737599,0.00471000,0.00476800,0.00466800,0.00474900,7386.00000000
1570737600,1570741199,0.00472500,0.00475200,0.00472500,0.00475200,2301.00000000
1570741200,1570744799,0.00475200,0.00475200,0.00472700,0.00472700,396.00000000
1570744800,1570748399,0.00469300,0.00469300,0.00469300,0.00469300,24.00000000
1570748400,1570751999,0.00468200,0.00472100,0.00464400,0.00464400,338.00000000
1570752000,1570755599,0.00463500,0.00472400,0.00463300,0.00463300,5156.00000000
1570755600,1570759199,0.00463300,0.00463300,0.00463300,0.00463300,0.00000000
1570759200,1570762799,0.00463300,0.00463300,0.00463300,0.00463300,0.00000000
1570762800,1570766399,0.00463300,0.00463300,0.00463300,0.00463300,0.00000000
1570766400,1570769999,0.00461200,0.00461200,0.00453800,0.00453800,195.00000000
1570770000,1570773599,0.00455900,0.00461200,0.00455900,0.00461200,69.00000000
1570773600,1570777199,0.00459600,0.00459600,0.00459600,0.00459600,47.00000000
1570777200,1570780799,0.00466900,0.00467500,0.00466900,0.00467500,15898.00000000
1570780800,1570784399,0.00470500,0.00473000,0.00470500,0.00473000,946.00000000
1570784400,1570787999,0.00473000,0.00473000,0.00473000,0.00473000,0.00000000
1570788000,1570791599,0.00473000,0.00473000,0.00473000,0.00473000,0.00000000
1570791600,1570795199,0.00466900,0.00466900,0.00466900,0.00466900,109.00000000
1570795200,1570798799,0.00466900,0.00472600,0.00466900,0.00472600,304.00000000
1570798800,1570802399,0.00466900,0.00466900,0.00466900,0.00466900,57.00000000
1570802400,1570805999,0.00472100,0.00472600,0.00462500,0.00466900,309.00000000
1570806000,1570809599,0.00466900,0.00466900,0.00466900,0.00466900,0.00000000
1570809600,1570813199,0.00474100,0.00474100,0.00471700,0.00474100,5073.00000000
1570813200,1570816799,0.00466900,0.00466900,0.00461400,0.00461400,385.00000000
1570816800,1570820399,0.00461400,0.00461400,0.00461400,0.00461400,0.00000000
1570820400,1570823999,0.00472600,0.00474100,0.00466900,0.00469000,446.00000000
1570824000,1570827599,0.00469000,0.00469000,0.00469000,0.00469000,0.00000000
1570827600,1570831199,0.00469000,0.00469000,0.00469000,0.00469000,0.00000000
1570831200,1570834799,0.00474100,0.00478600,0.00473900,0.00475600,3938.00000000
1570834800,1570838399,0.00479900,0.00480000,0.00472600,0.00478300,971.00000000
1570838400,1570841999,0.00478300,0.00492100,0.00476800,0.00479700,4381.00000000
1570842000,1570845599,0.00479700,0.00479700,0.00475200,0.00475200,82.00000000
1570845600,1570849199,0.00483500,0.00483500,0.00483500,0.00483500,84.00000000
1570849200,1570852799,0.00483500,0.00483500,0.00483500,0.00483500,0.00000000
1570852800,1570856399,0.00483500,0.00483500,0.00483500,0.00483500,489.00000000
1570856400,1570859999,0.00476400,0.00476400,0.00476400,0.00476400,25.00000000
1570860000,1570863599,0.00476400,0.00476400,0.00476400,0.00476400,0.00000000
1570863600,1570867199,0.00472600,0.00483400,0.00470300,0.00470800,1161.00000000
1570867200,1570870799,0.00478300,0.00478300,0.00478300,0.00478300,28.00000000
1570870800,1570874399,0.00478300,0.00478300,0.00478300,0.00478300,0.00000000
1570874400,1570877999,0.00483500,0.00486600,0.00483500,0.00484500,1307.00000000
1570878000,1570881599,0.00484500,0.00484500,0.00484500,0.00484500,125.00000000
1570881600,1570885199,0.00484500,0.00484500,0.00484500,0.00484500,415.00000000
1570885200,1570888799,0.00478300,0.00484000,0.00474300,0.00484000,15056.00000000
1570888800,1570892399,0.00489700,0.00489700,0.00484000,0.00484000,1253.00000000
1570892400,1570895999,0.00478300,0.00484000,0.00472300,0.00484000,3069.00000000
1570896000,1570899599,0.00478300,0.00496100,0.00478300,0.00480300,7885.00000000
1570899600,1570903199,0.00480300,0.00495400,0.00478300,0.00494600,2213.00000000
1570903200,1570906799,0.00484000,0.00489700,0.00484000,0.00484000,84.00000000
1570906800,1570910399,0.00484000,0.00484000,0.00484000,0.00484000,1465.00000000
1570910400,1570913999,0.00484000,0.00484000,0.00484000,0.00484000,0.00000000
1570914000,1570917599,0.00489700,0.00489700,0.00484000,0.00484000,89.00000000
1570917600,1570921199,0.00478600,0.00478600,0.00478600,0.00478600,100.00000000
1570921200,1570924799,0.00478500,0.00478500,0.00478300,0.00478300,61.00000000
1570924800,1570928399,0.00474800,0.00493800,0.00474800,0.00479400,3181.00000000
1570928400,1570931999,0.00474800,0.00474800,0.00472300,0.00472300,104.00000000
1570932000,1570935599,0.00472300,0.00472300,0.00472300,0.00472300,0.00000000
1570935600,1570939199,0.00478300,0.00478300,0.00460000,0.00460000,1259.00000000
1570939200,1570942799,0.00460000,0.00462600,0.00460000,0.00462600,718.00000000
1570942800,1570946399,0.00458000,0.00458800,0.00454300,0.00457700,3602.00000000
1570946400,1570949999,0.00457200,0.00461200,0.00451100,0.00455500,709.00000000
1570950000,1570953599,0.00453000,0.00453000,0.00450400,0.00450400,3741.00000000
1570953600,1570957199,0.00450700,0.00460000,0.00450700,0.00460000,528.00000000
1570957200,1570960799,0.00460000,0.00460000,0.00460000,0.00460000,0.00000000
1570960800,1570964399,0.00450000,0.00450000,0.00449800,0.00449800,51.00000000
1570964400,1570967999,0.00448600,0.00448600,0.00448600,0.00448600,60.00000000
1570968000,1570971599,0.00448600,0.00448600,0.00448600,0.00448600,1807.00000000
1570971600,1570975199,0.00444100,0.00449000,0.00441300,0.00441300,1399.00000000
1570975200,1570978799,0.00441300,0.00441300,0.00441300,0.00441300,0.00000000
1570978800,1570982399,0.00441300,0.00441300,0.00440000,0.00441100,766.00000000
1570982400,1570985999,0.00441100,0.00441100,0.00438400,0.00438400,811.00000000
1570986000,1570989599,0.00435000,0.00435000,0.00432500,0.00432500,1322.00000000
1570989600,1570993199,0.00436500,0.00436500,0.00436500,0.00436500,105.00000000
1570993200,1570996799,0.00429900,0.00439100,0.00429900,0.00432700,1284.00000000
1570996800,1571000399,0.00438400,0.00443400,0.00438400,0.00441900,161.00000000
1571000400,1571003999,0.00441900,0.00441900,0.00441900,0.00441900,0.00000000
1571004000,1571007599,0.00441900,0.00441900,0.00441900,0.00441900,0.00000000
1571007600,1571011199,0.00441900,0.00441900,0.00441900,0.00441900,0.00000000
1571011200,1571014799,0.00441900,0.00441900,0.00429100,0.00429100,127.00000000
1571014800,1571018399,0.00429100,0.00429100,0.00429100,0.00429100,0.00000000
1571018400,1571021999,0.00429100,0.00429100,0.00429100,0.00429100,0.00000000
1571022000,1571025599,0.00429100,0.00429100,0.00429100,0.00429100,0.00000000
1571025600,1571029199,0.00436900,0.00436900,0.00436900,0.00436900,208.00000000
1571029200,1571032799,0.00437700,0.00437700,0.00437700,0.00437700,208.00000000
1571032800,1571036399,0.00438400,0.00461500,0.00435600,0.00437700,38274.00000000
1571036400,1571039999,0.00435600,0.00438900,0.00430200,0.00433900,9607.00000000
1571040000,1571043599,0.00435000,0.00437000,0.00425700,0.00430400,18517.00000000
1571043600,1571047199,0.00432700,0.00433000,0.00427100,0.00433000,373.00000000
1571047200,1571050799,0.00433000,0.00433000,0.00433000,0.00433000,0.00000000
1571050800,1571054399,0.00433000,0.00433000,0.00433000,0.00433000,79.00000000
1571054400,1571057999,0.00433000,0.00433000,0.00433000,0.00433000,0.00000000
1571058000,1571061599,0.00436600,0.00437000,0.00436600,0.00437000,486.00000000
1571061600,1571065199,0.00437000,0.00437000,0.00437000,0.00437000,0.00000000
1571065200,1571068799,0.00437000,0.00437000,0.00437000,0.00437000,0.00000000
1571068800,1571072399,0.00438400,0.00438400,0.00438400,0.00438400,28.00000000
1571072400,1571075999,0.00438400,0.00438400,0.00438400,0.00438400,0.00000000
1571076000,1571079599,0.00438400,0.00438400,0.00438400,0.00438400,0.00000000
1571079600,1571083199,0.00438400,0.00438400,0.00438400,0.00438400,0.00000000
1571083200,1571086799,0.00432700,0.00438400,0.00432700,0.00438400,65.00000000
1571086800,1571090399,0.00438400,0.00438400,0.00438400,0.00438400,0.00000000
1571090400,1571093999,0.00438400,0.00438400,0.00438400,0.00438400,0.00000000
1571094000,1571097599,0.00438400,0.00438400,0.00438400,0.00438400,0.00000000
1571097600,1571101199,0.00430100,0.00434700,0.00428000,0.00434700,1191.00000000
1571101200,1571104799,0.00434700,0.00434700,0.00434700,0.00434700,0.00000000
1571104800,1571108399,0.00434700,0.00434700,0.00434700,0.00434700,0.00000000
1571108400,1571111999,0.00428200,0.00435200,0.00427100,0.00435200,41730.00000000
1571112000,1571115599,0.00435200,0.00435200,0.00435200,0.00435200,79.00000000
1571115600,1571119199,0.00438400,0.00438400,0.00438400,0.00438400,37.00000000
1571119200,1571122799,0.00431000,0.00437700,0.00431000,0.00437700,17048.00000000
1571122800,1571126399,0.00431000,0.00451700,0.00415000,0.00415000,18131.00000000
1571126400,1571129999,0.00421900,0.00427000,0.00421900,0.00427000,1142.00000000
1571130000,1571133599,0.00421800,0.00428100,0.00413500,0.00413500,1140.00000000
1571133600,1571137199,0.00415300,0.00415300,0.00412800,0.00412800,4340.00000000
1571137200,1571140799,0.00413300,0.00426700,0.00412700,0.00412700,2787.00000000
1571140800,1571144399,0.00412700,0.00412700,0.00412700,0.00412700,0.00000000
1571144400,1571147999,0.00426600,0.00426600,0.00426600,0.00426600,58.00000000
1571148000,1571151599,0.00426600,0.00426600,0.00426600,0.00426600,0.00000000
1571151600,1571155199,0.00426600,0.00428100,0.00426600,0.00428100,530.00000000
1571155200,1571158799,0.00421300,0.00427000,0.00421300,0.00421300,114.00000000
1571158800,1571162399,0.00421200,0.00427000,0.00421200,0.00421300,152.00000000
1571162400,1571165999,0.00427000,0.00427000,0.00427000,0.00427000,58.00000000
1571166000,1571169599,0.00429400,0.00432500,0.00429400,0.00432500,502.00000000
1571169600,1571173199,0.00432500,0.00432500,0.00432500,0.00432500,0.00000000
1571173200,1571176799,0.00432400,0.00432400,0.00421300,0.00421300,369.00000000
1571176800,1571180399,0.00426900,0.00437100,0.00417100,0.00417100,792.00000000
1571180400,1571183999,0.00418400,0.00427000,0.00415200,0.00415200,1023.00000000
1571184000,1571187599,0.00420700,0.00424600,0.00420700,0.00424600,485.00000000
1571187600,1571191199,0.00424600,0.00424600,0.00424600,0.00424600,0.00000000
1571191200,1571194799,0.00424600,0.00424600,0.00424600,0.00424600,0.00000000
1571194800,1571198399,0.00424600,0.00424600,0.00424600,0.00424600,0.00000000
1571198400,1571201999,0.00424600,0.00424600,0.00424600,0.00424600,0.00000000
1571202000,1571205599,0.00424600,0.00424600,0.00424600,0.00424600,0.00000000
1571205600,1571209199,0.00424600,0.00424600,0.00424600,0.00424600,0.00000000
1571209200,1571212799,0.00424600,0.00424600,0.00424600,0.00424600,0.00000000
1571212800,1571216399,0.00410200,0.00410200,0.00407500,0.00407500,315.00000000
1571216400,1571219999,0.00404000,0.00404000,0.00398100,0.00398100,6671.00000000
1571220000,1571223599,0.00409900,0.00409900,0.00398700,0.00398700,65.00000000
1571223600,1571227199,0.00404900,0.00405300,0.00404900,0.00405300,1420.00000000
1571227200,1571230799,0.00405300,0.00417000,0.00393100,0.00393100,8470.00000000
1571230800,1571234399,0.00414200,0.00414200,0.00392800,0.00393800,720.00000000
1571234400,1571237999,0.00414200,0.00414200,0.00393900,0.00394900,1760.00000000
1571238000,1571241599,0.00409800,0.00409800,0.00409800,0.00409800,54.00000000
1571241600,1571245199,0.00397200,0.00417900,0.00397200,0.00417900,395.00000000
1571245200,1571248799,0.00403700,0.00417000,0.00403700,0.00417000,2150.00000000
1571248800,1571252399,0.00403600,0.00407500,0.00403600,0.00407500,6706.00000000
1571252400,1571255999,0.00417800,0.00417800,0.00400100,0.00400100,977.00000000
1571256000,1571259599,0.00400100,0.00400100,0.00400100,0.00400100,0.00000000
1571259600,1571263199,0.00400100,0.00400100,0.00400100,0.00400100,0.00000000
1571263200,1571266799,0.00400100,0.00400100,0.00400100,0.00400100,0.00000000
1571266800,1571270399,0.00400100,0.00400100,0.00400100,0.00400100,0.00000000
1571270400,1571273999,0.00402900,0.00402900,0.00402400,0.00402400,965.00000000
1571274000,1571277599,0.00399000,0.00399000,0.00399000,0.00399000,113.00000000
1571277600,1571281199,0.00397500,0.00397500,0.00392200,0.00392200,1254.00000000
1571281200,1571284799,0.00392200,0.00392200,0.00392200,0.00392200,0.00000000
1571284800,1571288399,0.00392200,0.00392200,0.00392200,0.00392200,0.00000000
1571288400,1571291999,0.00392200,0.00392200,0.00392200,0.00392200,1000.00000000
1571292000,1571295599,0.00392000,0.00392000,0.00388100,0.00388100,19473.00000000
1571295600,1571299199,0.00388100,0.00388100,0.00388100,0.00388100,0.00000000
1571299200,1571302799,0.00388100,0.00388100,0.00385400,0.00385400,786.00000000
1571302800,1571306399,0.00385400,0.00385400,0.00385400,0.00385400,0.00000000
1571306400,1571309999,0.00385400,0.00385400,0.00385400,0.00385400,0.00000000
1571310000,1571313599,0.00388800,0.00389000,0.00388800,0.00389000,3245.00000000
1571313600,1571317199,0.00392200,0.00392200,0.00392200,0.00392200,77.00000000
1571317200,1571320799,0.00393300,0.00393300,0.00393300,0.00393300,254.00000000
1571320800,1571324399,0.00393500,0.00393500,0.00393500,0.00393500,31.00000000
1571324400,1571327999,0.00400700,0.00400700,0.00400700,0.00400700,50.00000000
1571328000,1571331599,0.00400700,0.00400700,0.00400700,0.00400700,0.00000000
1571331600,1571335199,0.00399400,0.00399400,0.00393000,0.00399400,1082.00000000
1571335200,1571338799,0.00399400,0.00399400,0.00399400,0.00399400,0.00000000
1571338800,1571342399,0.00399400,0.00399400,0.00399400,0.00399400,0.00000000
1571342400,1571345999,0.00399400,0.00399400,0.00399400,0.00399400,0.00000000
1571346000,1571349599,0.00399400,0.00399400,0.00399400,0.00399400,389.00000000
1571349600,1571353199,0.00399400,0.00399400,0.00399400,0.00399400,0.00000000
1571353200,1571356799,0.00399400,0.00399400,0.00399400,0.00399400,290.00000000
1571356800,1571360399,0.00399400,0.00399400,0.00399400,0.00399400,0.00000000
1571360400,1571363999,0.00399400,0.00399400,0.00399400,0.00399400,0.00000000
1571364000,1571367599,0.00391200,0.00391200,0.00391200,0.00391200,73.00000000
1571367600,1571371199,0.00400700,0.00411500,0.00400700,0.00404500,203.00000000
1571371200,1571374799,0.00398700,0.00401100,0.00392600,0.00401100,246.00000000
1571374800,1571378399,0.00402900,0.00410600,0.00402900,0.00408500,7657.00000000
1571378400,1571381999,0.00403800,0.00414300,0.00403800,0.00414300,2743.00000000
1571382000,1571385599,0.00402100,0.00402100,0.00402100,0.00402100,9026.00000000
1571385600,1571389199,0.00413900,0.00413900,0.00413900,0.00413900,99.00000000
1571389200,1571392799,0.00400400,0.00400400,0.00400400,0.00400400,207.00000000
1571392800,1571396399,0.00400100,0.00400100,0.00398500,0.00398500,323.00000000
1571396400,1571399999,0.00398300,0.00417800,0.00397500,0.00398100,60533.00000000
1571400000,1571403599,0.00399100,0.00399100,0.00398400,0.00398400,697.00000000
1571403600,1571407199,0.00393800,0.00397300,0.00388600,0.00397300,1555.00000000
1571407200,1571410799,0.00397300,0.00397300,0.00397300,0.00397300,0.00000000
1571410800,1571414399,0.00397300,0.00397300,0.00397300,0.00397300,0.00000000
1571414400,1571417999,0.00397400,0.00406100,0.00392600,0.00399600,1722.00000000
1571418000,1571421599,0.00404400,0.00404400,0.00404400,0.00404400,239.00000000
1571421600,1571425199,0.00392800,0.00392800,0.00392800,0.00392800,217.00000000
1571425200,1571428799,0.00392800,0.00392800,0.00392800,0.00392800,0.00000000
1571428800,1571432399,0.00392800,0.00392800,0.00392800,0.00392800,0.00000000
1571432400,1571435999,0.00392800,0.00392800,0.00392800,0.00392800,0.00000000
1571436000,1571439599,0.00392800,0.00392800,0.00392800,0.00392800,0.00000000
1571439600,1571443199,0.00392800,0.00392800,0.00392800,0.00392800,0.00000000
1571443200,1571446799,0.00392800,0.00392800,0.00392800,0.00392800,0.00000000
1571446800,1571450399,0.00392800,0.00392800,0.00392800,0.00392800,0.00000000
1571450400,1571453999,0.00392800,0.00392800,0.00392800,0.00392800,0.00000000
1571454000,1571457599,0.00406000,0.00406000,0.00400000,0.00400000,110.00000000
1571457600,1571461199,0.00394000,0.00394500,0.00394000,0.00394500,1249.00000000
1571461200,1571464799,0.00394500,0.00394500,0.00394500,0.00394500,0.00000000
1571464800,1571468399,0.00394500,0.00394500,0.00394500,0.00394500,0.00000000
1571468400,1571471999,0.00394500,0.00394500,0.00394500,0.00394500,0.00000000
1571472000,1571475599,0.00394200,0.00394200,0.00394200,0.00394200,795.00000000
1571475600,1571479199,0.00403700,0.00403800,0.00400800,0.00401500,372.00000000
1571479200,1571482799,0.00401500,0.00401500,0.00401500,0.00401500,0.00000000
1571482800,1571486399,0.00401500,0.00401500,0.00401500,0.00401500,0.00000000
1571486400,1571489999,0.00398800,0.00398800,0.00390300,0.00390300,587.00000000
1571490000,1571493599,0.00392000,0.00392000,0.00390300,0.00390300,4384.00000000
1571493600,1571497199,0.00399800,0.00403200,0.00394800,0.00394800,1893.00000000
1571497200,1571500799,0.00394800,0.00394800,0.00394800,0.00394800,0.00000000
1571500800,1571504399,0.00394800,0.00394800,0.00394800,0.00394800,0.00000000
1571504400,1571507999,0.00399000,0.00399000,0.00399000,0.00399000,27.00000000
1571508000,1571511599,0.00399000,0.00399000,0.00399000,0.00399000,0.00000000
1571511600,1571515199,0.00399000,0.00399000,0.00399000,0.00399000,0.00000000
1571515200,1571518799,0.00399000,0.00399000,0.00399000,0.00399000,0.00000000
1571518800,1571522399,0.00399000,0.00399000,0.00399000,0.00399000,0.00000000
1571522400,1571525999,0.00399000,0.00399000,0.00399000,0.00399000,0.00000000
1571526000,1571529599,0.00399000,0.00399000,0.00399000,0.00399000,0.00000000
1571529600,1571533199,0.00403200,0.00403800,0.00400000,0.00400000,341.00000000
1571533200,1571536799,0.00400000,0.00400000,0.00400000,0.00400000,0.00000000
1571536800,1571540399,0.00391500,0.00391500,0.00391500,0.00391500,43.00000000
1571540400,1571543999,0.00391500,0.00391500,0.00391500,0.00391500,0.00000000
1571544000,1571547599,0.00405500,0.00413500,0.00405500,0.00413500,2514.00000000
1571547600,1571551199,0.00397200,0.00397200,0.00397200,0.00397200,76.00000000
1571551200,1571554799,0.00397200,0.00397200,0.00397200,0.00397200,0.00000000
1571554800,1571558399,0.00405800,0.00406200,0.00402800,0.00402800,338.00000000
1571558400,1571561999,0.00401900,0.00401900,0.00398500,0.00398500,123.00000000
1571562000,1571565599,0.00398500,0.00398500,0.00398500,0.00398500,0.00000000
1571565600,1571569199,0.00398500,0.00398500,0.00398500,0.00398500,0.00000000
1571569200,1571572799,0.00394900,0.00403800,0.00394000,0.00403800,217.00000000
1571572800,1571576399,0.00394000,0.00394000,0.00394000,0.00394000,72.00000000
1571576400,1571579999,0.00394000,0.00394000,0.00394000,0.00394000,0.00000000
1571580000,1571583599,0.00394800,0.00394800,0.00394800,0.00394800,260.00000000
1571583600,1571587199,0.00394800,0.00394800,0.00394800,0.00394800,0.00000000
1571587200,1571590799,0.00394800,0.00394800,0.00394800,0.00394800,0.00000000
1571590800,1571594399,0.00389900,0.00389900,0.00387800,0.00389600,1963.00000000
1571594400,1571597999,0.00389600,0.00389600,0.00389600,0.00389600,0.00000000
1571598000,1571601599,0.00389600,0.00389600,0.00389600,0.00389600,0.00000000
1571601600,1571605199,0.00396500,0.00396500,0.00396500,0.00396500,239.00000000
1571605200,1571608799,0.00396500,0.00396500,0.00396500,0.00396500,0.00000000
1571608800,1571612399,0.00396500,0.00396500,0.00396500,0.00396500,0.00000000
1571612400,1571615999,0.00396500,0.00396500,0.00396500,0.00396500,0.00000000
1571616000,1571619599,0.00396500,0.00396500,0.00396500,0.00396500,0.00000000
1571619600,1571623199,0.00392700,0.00393600,0.00392700,0.00393600,1062.00000000
1571623200,1571626799,0.00403200,0.00403300,0.00403200,0.00403300,99.00000000
1571626800,1571630399,0.00403800,0.00406200,0.00403800,0.00403900,440.00000000
1571630400,1571633999,0.00408200,0.00408200,0.00408200,0.00408200,200.00000000
1571634000,1571637599,0.00408200,0.00408200,0.00408200,0.00408200,0.00000000
1571637600,1571641199,0.00408200,0.00408200,0.00408200,0.00408200,0.00000000
1571641200,1571644799,0.00413400,0.00413400,0.00409500,0.00409500,50.00000000
1571644800,1571648399,0.00405500,0.00405500,0.00405500,0.00405500,27.00000000
1571648400,1571651999,0.00405500,0.00405500,0.00405500,0.00405500,0.00000000
1571652000,1571655599,0.00405500,0.00405500,0.00405500,0.00405500,0.00000000
1571655600,1571659199,0.00405400,0.00405400,0.00405400,0.00405400,25.00000000
1571659200,1571662799,0.00405400,0.00405400,0.00405400,0.00405400,0.00000000
1571662800,1571666399,0.00405400,0.00405400,0.00405400,0.00405400,604.00000000
1571666400,1571669999,0.00405400,0.00405400,0.00405400,0.00405400,0.00000000
1571670000,1571673599,0.00405400,0.00405400,0.00405400,0.00405400,0.00000000
1571673600,1571677199,0.00405400,0.00405400,0.00401200,0.00401200,109.00000000
1571677200,1571680799,0.00405400,0.00422400,0.00405400,0.00413800,3920.00000000
1571680800,1571684399,0.00413100,0.00413100,0.00411900,0.00411900,29.00000000
1571684400,1571687999,0.00409800,0.00409800,0.00409700,0.00409700,888.00000000
1571688000,1571691599,0.00409700,0.00409700,0.00409700,0.00409700,0.00000000
1571691600,1571695199,0.00416100,0.00416100,0.00416100,0.00416100,113.00000000
1571695200,1571698799,0.00416100,0.00416100,0.00416100,0.00416100,290.00000000
1571698800,1571702399,0.00416100,0.00416100,0.00416100,0.00416100,0.00000000
1571702400,1571705999,0.00419500,0.00466100,0.00419500,0.00455200,8787.00000000
1571706000,1571709599,0.00450100,0.00455500,0.00445900,0.00455500,1134.00000000
1571709600,1571713199,0.00460800,0.00460800,0.00438400,0.00438400,827.00000000
1571713200,1571716799,0.00440000,0.00449800,0.00433900,0.00435300,2052.00000000
1571716800,1571720399,0.00432700,0.00432700,0.00432700,0.00432700,28.00000000
1571720400,1571723999,0.00438400,0.00444100,0.00438400,0.00444100,248.00000000
1571724000,1571727599,0.00449700,0.00449700,0.00438400,0.00438400,524.00000000
1571727600,1571731199,0.00438400,0.00444100,0.00430300,0.00432700,1344.00000000
1571731200,1571734799,0.00428300,0.00428300,0.00428300,0.00428300,78.00000000
1571734800,1571738399,0.00428300,0.00428300,0.00428300,0.00428300,0.00000000
1571738400,1571741999,0.00428300,0.00428300,0.00428300,0.00428300,0.00000000
1571742000,1571745599,0.00428300,0.00428300,0.00428300,0.00428300,0.00000000
1571745600,1571749199,0.00438400,0.00438400,0.00427500,0.00427500,9565.00000000
1571749200,1571752799,0.00428300,0.00428300,0.00428300,0.00428300,467.00000000
1571752800,1571756399,0.00431300,0.00431300,0.00431300,0.00431300,51.00000000
1571756400,1571759999,0.00436200,0.00436200,0.00436200,0.00436200,43.00000000
1571760000,1571763599,0.00436200,0.00443600,0.00431700,0.00443600,1461.00000000
1571763600,1571767199,0.00443600,0.00443600,0.00443600,0.00443600,0.00000000
1571767200,1571770799,0.00432700,0.00432700,0.00431300,0.00431300,158.00000000
1571770800,1571774399,0.00431300,0.00431300,0.00431300,0.00431300,0.00000000
1571774400,1571777999,0.00433900,0.00433900,0.00433900,0.00433900,2582.00000000
1571778000,1571781599,0.00431600,0.00431600,0.00431600,0.00431600,160.00000000
1571781600,1571785199,0.00430700,0.00430700,0.00430700,0.00430700,1050.00000000
1571785200,1571788799,0.00432200,0.00432700,0.00421600,0.00430900,76170.00000000
1571788800,1571792399,0.00423600,0.00423600,0.00420000,0.00420000,4100.00000000
1571792400,1571795999,0.00418400,0.00422600,0.00415500,0.00422600,421.00000000
1571796000,1571799599,0.00422600,0.00422600,0.00422600,0.00422600,0.00000000
1571799600,1571803199,0.00422600,0.00422600,0.00422600,0.00422600,0.00000000
1571803200,1571806799,0.00414400,0.00414900,0.00413400,0.00413700,1651.00000000
1571806800,1571810399,0.00413700,0.00413700,0.00413700,0.00413700,0.00000000
1571810400,1571813999,0.00413700,0.00413700,0.00413700,0.00413700,0.00000000
1571814000,1571817599,0.00413700,0.00413700,0.00413700,0.00413700,0.00000000
1571817600,1571821199,0.00415800,0.00416900,0.00415800,0.00416900,5241.00000000
1571821200,1571824799,0.00425800,0.00425800,0.00425800,0.00425800,76.00000000
1571824800,1571828399,0.00425800,0.00425800,0.00425800,0.00425800,0.00000000
1571828400,1571831999,0.00425800,0.00425800,0.00425800,0.00425800,0.00000000
1571832000,1571835599,0.00414400,0.00415700,0.00406500,0.00406500,357.00000000
1571835600,1571839199,0.00406500,0.00406500,0.00402600,0.00402600,1238.00000000
1571839200,1571842799,0.00402600,0.00402600,0.00402600,0.00402600,0.00000000
1571842800,1571846399,0.00402600,0.00402600,0.00402600,0.00402600,0.00000000
1571846400,1571849999,0.00413700,0.00413700,0.00402600,0.00402600,1401.00000000
1571850000,1571853599,0.00400100,0.00412300,0.00400100,0.00412300,824.00000000
1571853600,1571857199,0.00408600,0.00408600,0.00408600,0.00408600,245.00000000
1571857200,1571860799,0.00408600,0.00413700,0.00405800,0.00407900,266.00000000
1571860800,1571864399,0.00407900,0.00407900,0.00407900,0.00407900,0.00000000
1571864400,1571867999,0.00407900,0.00407900,0.00407900,0.00407900,0.00000000
1571868000,1571871599,0.00407900,0.00407900,0.00407900,0.00407900,0.00000000
1571871600,1571875199,0.00407900,0.00407900,0.00407900,0.00407900,0.00000000
1571875200,1571878799,0.00407900,0.00407900,0.00407900,0.00407900,0.00000000
1571878800,1571882399,0.00408600,0.00408600,0.00394700,0.00404300,85326.00000000
1571882400,1571885999,0.00405700,0.00406500,0.00404600,0.00404600,1546.00000000
1571886000,1571889599,0.00404600,0.00404600,0.00404600,0.00404600,0.00000000
1571889600,1571893199,0.00400600,0.00400600,0.00400600,0.00400600,1888.00000000
1571893200,1571896799,0.00401800,0.00401800,0.00397700,0.00397700,2559.00000000
1571896800,1571900399,0.00401800,0.00401800,0.00401800,0.00401800,396.00000000
1571900400,1571903999,0.00401800,0.00401800,0.00401800,0.00401800,0.00000000
1571904000,1571907599,0.00401800,0.00401800,0.00401800,0.00401800,0.00000000
1571907600,1571911199,0.00401800,0.00401800,0.00401800,0.00401800,0.00000000
1571911200,1571914799,0.00401800,0.00401800,0.00401800,0.00401800,0.00000000
1571914800,1571918399,0.00401800,0.00401800,0.00401800,0.00401800,0.00000000
1571918400,1571921999,0.00401800,0.00401800,0.00401800,0.00401800,0.00000000
1571922000,1571925599,0.00408400,0.00409400,0.00408400,0.00409400,597.00000000
1571925600,1571929199,0.00405000,0.00405000,0.00405000,0.00405000,159.00000000
1571929200,1571932799,0.00405000,0.00405000,0.00405000,0.00405000,0.00000000
1571932800,1571936399,0.00405000,0.00405000,0.00405000,0.00405000,0.00000000
1571936400,1571939999,0.00405000,0.00405000,0.00405000,0.00405000,0.00000000
1571940000,1571943599,0.00405000,0.00405000,0.00405000,0.00405000,0.00000000
1571943600,1571947199,0.00405000,0.00405000,0.00405000,0.00405000,0.00000000
1571947200,1571950799,0.00399600,0.00399600,0.00399600,0.00399600,60.00000000
1571950800,1571954399,0.00405000,0.00405000,0.00405000,0.00405000,30.00000000
1571954400,1571957999,0.00399800,0.00399800,0.00399800,0.00399800,216.00000000
1571958000,1571961599,0.00399800,0.00399800,0.00399800,0.00399800,30.00000000
1571961600,1571965199,0.00404900,0.00404900,0.00404900,0.00404900,101.00000000
1571965200,1571968799,0.00409700,0.00409800,0.00409700,0.00409800,478.00000000
1571968800,1571972399,0.00398700,0.00401100,0.00396500,0.00401100,4402.00000000
1571972400,1571975999,0.00396500,0.00396500,0.00392500,0.00393100,1151.00000000
1571976000,1571979599,0.00393100,0.00393100,0.00393100,0.00393100,0.00000000
1571979600,1571983199,0.00395800,0.00395800,0.00391100,0.00391100,455.00000000
1571983200,1571986799,0.00392300,0.00392300,0.00392300,0.00392300,90.00000000
1571986800,1571990399,0.00391000,0.00399100,0.00391000,0.00399100,727.00000000
1571990400,1571993999,0.00392500,0.00392500,0.00388500,0.00391700,2659.00000000
1571994000,1571997599,0.00390300,0.00390300,0.00390300,0.00390300,102.00000000
1571997600,1572001199,0.00390200,0.00390200,0.00390200,0.00390200,414.00000000
1572001200,1572004799,0.00390200,0.00390200,0.00387300,0.00387300,195.00000000
1572004800,1572008399,0.00390800,0.00400900,0.00381100,0.00381100,2192.00000000
1572008400,1572011999,0.00381100,0.00381300,0.00381100,0.00381300,933.00000000
1572012000,1572015599,0.00381000,0.00381000,0.00380000,0.00380200,4400.00000000
1572015600,1572019199,0.00380200,0.00390300,0.00379400,0.00390300,2913.00000000
1572019200,1572022799,0.00377000,0.00383000,0.00374500,0.00383000,3057.00000000
1572022800,1572026399,0.00379100,0.00385700,0.00372900,0.00377100,7063.00000000
1572026400,1572029999,0.00377100,0.00383100,0.00377100,0.00383100,3665.00000000
1572030000,1572033599,0.00386600,0.00406300,0.00386600,0.00406300,7669.00000000
1572033600,1572037199,0.00406800,0.00406800,0.00395900,0.00395900,814.00000000
1572037200,1572040799,0.00394900,0.00394900,0.00394900,0.00394900,84.00000000
1572040800,1572044399,0.00391100,0.00391100,0.00391100,0.00391100,84.00000000
1572044400,1572047999,0.00387300,0.00397300,0.00387300,0.00397300,123.00000000
1572048000,1572051599,0.00383600,0.00398000,0.00383600,0.00389400,1133.00000000
1572051600,1572055199,0.00396600,0.00454700,0.00387400,0.00424400,68884.00000000
1572055200,1572058799,0.00394500,0.00411300,0.00394500,0.00405000,5270.00000000
1572058800,1572062399,0.00398900,0.00398900,0.00387000,0.00389000,2329.00000000
1572062400,1572065999,0.00392000,0.00398200,0.00392000,0.00396700,7900.00000000
1572066000,1572069599,0.00397900,0.00414200,0.00397900,0.00401800,4104.00000000
1572069600,1572073199,0.00398700,0.00411300,0.00385300,0.00385300,4333.00000000
1572073200,1572076799,0.00405700,0.00405700,0.00405700,0.00405700,155.00000000
1572076800,1572080399,0.00405700,0.00424100,0.00405700,0.00424100,2838.00000000
1572080400,1572083999,0.00411900,0.00411900,0.00394900,0.00394900,2330.00000000
1572084000,1572087599,0.00391100,0.00394900,0.00391100,0.00394900,6158.00000000
1572087600,1572091199,0.00400000,0.00400000,0.00395700,0.00395700,836.00000000
1572091200,1572094799,0.00395600,0.00395600,0.00391100,0.00391100,118.00000000
1572094800,1572098399,0.00391100,0.00391100,0.00391100,0.00391100,0.00000000
1572098400,1572101999,0.00395300,0.00395300,0.00395300,0.00395300,5773.00000000
1572102000,1572105599,0.00401900,0.00405800,0.00401900,0.00405800,1059.00000000
1572105600,1572109199,0.00409700,0.00432700,0.00409700,0.00421300,2498.00000000
1572109200,1572112799,0.00418400,0.00418400,0.00416400,0.00416400,1493.00000000
1572112800,1572116399,0.00424300,0.00427000,0.00410400,0.00410400,5326.00000000
1572116400,1572119999,0.00410400,0.00410400,0.00410400,0.00410400,75.00000000
1572120000,1572123599,0.00406500,0.00406500,0.00406500,0.00406500,81.00000000
1572123600,1572127199,0.00406500,0.00406500,0.00406500,0.00406500,0.00000000
1572127200,1572130799,0.00403900,0.00403900,0.00402600,0.00402600,165.00000000
1572130800,1572134399,0.00402600,0.00402600,0.00402600,0.00402600,0.00000000
1572134400,1572137999,0.00402600,0.00432700,0.00402600,0.00419700,4729.00000000
1572138000,1572141599,0.00415000,0.00415000,0.00410400,0.00411500,2630.00000000
1572141600,1572145199,0.00409100,0.00409100,0.00408600,0.00408600,257.00000000
1572145200,1572148799,0.00407300,0.00407300,0.00406500,0.00406500,1852.00000000
1572148800,1572152399,0.00406500,0.00406500,0.00406500,0.00406500,0.00000000
1572152400,1572155999,0.00404900,0.00404900,0.00397300,0.00397300,2256.00000000
1572156000,1572159599,0.00397300,0.00406200,0.00397300,0.00406200,123.00000000
1572159600,1572163199,0.00406200,0.00406200,0.00406200,0.00406200,0.00000000
1572163200,1572166799,0.00408000,0.00408000,0.00397600,0.00397600,50.00000000
1572166800,1572170399,0.00397300,0.00397300,0.00397300,0.00397300,110.00000000
1572170400,1572173999,0.00400000,0.00400000,0.00394900,0.00394900,1086.00000000
1572174000,1572177599,0.00392800,0.00399000,0.00387800,0.00392700,3960.00000000
1572177600,1572181199,0.00392700,0.00392700,0.00392700,0.00392700,0.00000000
1572181200,1572184799,0.00399800,0.00399800,0.00399800,0.00399800,31.00000000
1572184800,1572188399,0.00401900,0.00405800,0.00401900,0.00405800,143.00000000
1572188400,1572191999,0.00405800,0.00411900,0.00405800,0.00411900,5612.00000000
1572192000,1572195599,0.00412100,0.00417500,0.00408200,0.00408600,957.00000000
1572195600,1572199199,0.00405800,0.00405800,0.00405800,0.00405800,305.00000000
1572199200,1572202799,0.00405000,0.00405000,0.00402600,0.00404000,380.00000000
1572202800,1572206399,0.00413500,0.00413500,0.00400000,0.00400000,3095.00000000
1572206400,1572209999,0.00400000,0.00400000,0.00400000,0.00400000,0.00000000
1572210000,1572213599,0.00398700,0.00398700,0.00398700,0.00398700,83.00000000
1572213600,1572217199,0.00399400,0.00407900,0.00399400,0.00407900,2055.00000000
1572217200,1572220799,0.00407900,0.00407900,0.00401400,0.00401400,772.00000000
1572220800,1572224399,0.00407900,0.00409700,0.00404000,0.00409700,303.00000000
1572224400,1572227999,0.00411600,0.00411600,0.00394900,0.00394900,425.00000000
1572228000,1572231599,0.00396500,0.00396500,0.00379900,0.00379900,1136.00000000
1572231600,1572235199,0.00383800,0.00383800,0.00369500,0.00376500,2656.00000000
1572235200,1572238799,0.00382900,0.00383800,0.00382900,0.00383800,564.00000000
1572238800,1572242399,0.00383800,0.00383800,0.00383800,0.00383800,0.00000000
1572242400,1572245999,0.00386300,0.00388600,0.00386300,0.00388600,1560.00000000
1572246000,1572249599,0.00380000,0.00380000,0.00380000,0.00380000,1321.00000000
1572249600,1572253199,0.00380000,0.00380000,0.00380000,0.00380000,0.00000000
1572253200,1572256799,0.00380000,0.00380000,0.00380000,0.00380000,0.00000000
1572256800,1572260399,0.00390400,0.00394200,0.00390400,0.00394200,2139.00000000
1572260400,1572263999,0.00394200,0.00394200,0.00394200,0.00394200,0.00000000
1572264000,1572267599,0.00387800,0.00387800,0.00387500,0.00387500,2072.00000000
1572267600,1572271199,0.00394200,0.00394200,0.00394200,0.00394200,2108.00000000
1572271200,1572274799,0.00398000,0.00400000,0.00394400,0.00394400,925.00000000
1572274800,1572278399,0.00400000,0.00401200,0.00391800,0.00398700,6231.00000000
1572278400,1572281999,0.00401900,0.00401900,0.00401900,0.00401900,26.00000000
1572282000,1572285599,0.00398100,0.00398100,0.00398100,0.00398100,26.00000000
1572285600,1572289199,0.00394100,0.00394700,0.00394100,0.00394700,77.00000000
1572289200,1572292799,0.00401600,0.00401600,0.00396300,0.00396400,1373.00000000
1572292800,1572296399,0.00396400,0.00396400,0.00396400,0.00396400,0.00000000
1572296400,1572299999,0.00396400,0.00396400,0.00396400,0.00396400,0.00000000
1572300000,1572303599,0.00396400,0.00396400,0.00396400,0.00396400,0.00000000
1572303600,1572307199,0.00401900,0.00405800,0.00401900,0.00405800,503.00000000
1572307200,1572310799,0.00409700,0.00416200,0.00399600,0.00405700,12284.00000000
1572310800,1572314399,0.00402600,0.00411200,0.00394500,0.00394500,4637.00000000
1572314400,1572317999,0.00403100,0.00417700,0.00401300,0.00401900,6765.00000000
1572318000,1572321599,0.00398700,0.00399500,0.00396300,0.00399400,3999.00000000
1572321600,1572325199,0.00398600,0.00398600,0.00384000,0.00384000,2492.00000000
1572325200,1572328799,0.00389700,0.00389700,0.00383600,0.00383600,664.00000000
1572328800,1572332399,0.00380000,0.00387200,0.00380000,0.00386600,950.00000000
1572332400,1572335999,0.00388000,0.00388200,0.00388000,0.00388200,403.00000000
1572336000,1572339599,0.00388200,0.00388200,0.00388200,0.00388200,0.00000000
1572339600,1572343199,0.00388200,0.00388200,0.00388200,0.00388200,0.00000000
1572343200,1572346799,0.00388200,0.00388200,0.00388200,0.00388200,0.00000000
1572346800,1572350399,0.00394200,0.00394200,0.00394200,0.00394200,21.00000000
1572350400,1572353999,0.00385800,0.00385800,0.00379900,0.00382900,2632.00000000
1572354000,1572357599,0.00394200,0.00398000,0.00394200,0.00394700,195.00000000
1572357600,1572361199,0.00394700,0.00394700,0.00394700,0.00394700,0.00000000
1572361200,1572364799,0.00394700,0.00394700,0.00394700,0.00394700,0.00000000
1572364800,1572368399,0.00394700,0.00394700,0.00394700,0.00394700,0.00000000
1572368400,1572371999,0.00394700,0.00394700,0.00394700,0.00394700,0.00000000
1572372000,1572375599,0.00394700,0.00394700,0.00394700,0.00394700,0.00000000
1572375600,1572379199,0.00400000,0.00400000,0.00400000,0.00400000,250.00000000
1572379200,1572382799,0.00400000,0.00400000,0.00400000,0.00400000,0.00000000
1572382800,1572386399,0.00400000,0.00401200,0.00400000,0.00401200,444.00000000
1572386400,1572389999,0.00401900,0.00408300,0.00401900,0.00404500,217.00000000
1572390000,1572393599,0.00404500,0.00404500,0.00404500,0.00404500,0.00000000
1572393600,1572397199,0.00404500,0.00404500,0.00404500,0.00404500,0.00000000
1572397200,1572400799,0.00400400,0.00401600,0.00394900,0.00401600,1824.00000000
1572400800,1572404399,0.00402800,0.00405900,0.00391400,0.00394500,5399.00000000
1572404400,1572407999,0.00394500,0.00394500,0.00394500,0.00394500,0.00000000
1572408000,1572411599,0.00393900,0.00394600,0.00392200,0.00393300,22000.00000000
1572411600,1572415199,0.00393300,0.00393300,0.00393300,0.00393300,0.00000000
1572415200,1572418799,0.00393300,0.00393300,0.00392200,0.00392200,1355.00000000
1572418800,1572422399,0.00392200,0.00392200,0.00392200,0.00392200,0.00000000
1572422400,1572425999,0.00392200,0.00392200,0.00392200,0.00392200,0.00000000
1572426000,1572429599,0.00392200,0.00392200,0.00392200,0.00392200,0.00000000
1572429600,1572433199,0.00392200,0.00392200,0.00392200,0.00392200,0.00000000
1572433200,1572436799,0.00392500,0.00401200,0.00392300,0.00401200,2150.00000000
1572436800,1572440399,0.00392300,0.00392300,0.00388700,0.00391100,6535.00000000
1572440400,1572443999,0.00401900,0.00405800,0.00395800,0.00395800,257.00000000
1572444000,1572447599,0.00395800,0.00395800,0.00395800,0.00395800,0.00000000
1572447600,1572451199,0.00395800,0.00395800,0.00395800,0.00395800,0.00000000
1572451200,1572454799,0.00397200,0.00397200,0.00397200,0.00397200,252.00000000
1572454800,1572458399,0.00397200,0.00397200,0.00397200,0.00397200,0.00000000
1572458400,1572461999,0.00397200,0.00397200,0.00397200,0.00397200,0.00000000
1572462000,1572465599,0.00397200,0.00397200,0.00397200,0.00397200,0.00000000
1572465600,1572469199,0.00397200,0.00407600,0.00397200,0.00407600,1347.00000000
1572469200,1572472799,0.00407600,0.00407600,0.00407600,0.00407600,0.00000000
1572472800,1572476399,0.00396000,0.00396000,0.00396000,0.00396000,277.00000000
1572476400,1572479999,0.00394900,0.00394900,0.00394900,0.00394900,84.00000000
1572480000,1572483599,0.00391100,0.00391100,0.00391100,0.00391100,84.00000000
1572483600,1572487199,0.00387300,0.00387300,0.00387300,0.00387300,53.00000000
1572487200,1572490799,0.00387300,0.00387300,0.00387300,0.00387300,32.00000000
1572490800,1572494399,0.00387300,0.00387300,0.00387300,0.00387300,0.00000000
1572494400,1572497999,0.00387300,0.00387300,0.00387300,0.00387300,0.00000000
1572498000,1572501599,0.00387300,0.00387300,0.00387300,0.00387300,0.00000000
1572501600,1572505199,0.00387300,0.00387300,0.00387300,0.00387300,0.00000000
1572505200,1572508799,0.00387300,0.00387300,0.00387300,0.00387300,0.00000000
1572508800,1572512399,0.00387300,0.00387300,0.00387300,0.00387300,0.00000000
1572512400,1572515999,0.00387300,0.00387300,0.00387300,0.00387300,0.00000000
1572516000,1572519599,0.00387300,0.00387300,0.00387300,0.00387300,0.00000000
1572519600,1572523199,0.00387300,0.00387300,0.00387300,0.00387300,0.00000000
1572523200,1572526799,0.00398000,0.00398700,0.00398000,0.00398500,258.00000000
1572526800,1572530399,0.00387300,0.00387300,0.00387300,0.00387300,85.00000000
1572530400,1572533999,0.00397400,0.00420000,0.00397400,0.00400100,11202.00000000
1572534000,1572537599,0.00400100,0.00400100,0.00400000,0.00400000,156.00000000
1572537600,1572541199,0.00400000,0.00400000,0.00398700,0.00398700,540.00000000
1572541200,1572544799,0.00413000,0.00413000,0.00413000,0.00413000,26.00000000
1572544800,1572548399,0.00400300,0.00400300,0.00400300,0.00400300,29.00000000
1572548400,1572551999,0.00400300,0.00400300,0.00400300,0.00400300,0.00000000
1572552000,1572555599,0.00403000,0.00403200,0.00403000,0.00403200,58.00000000
1572555600,1572559199,0.00403200,0.00403200,0.00403200,0.00403200,26.00000000
1572559200,1572562799,0.00403200,0.00403200,0.00403200,0.00403200,0.00000000
1572562800,1572566399,0.00405900,0.00405900,0.00405900,0.00405900,29.00000000
1572566400,1572569999,0.00413700,0.00420000,0.00413700,0.00419700,3684.00000000
1572570000,1572573599,0.00414700,0.00414700,0.00407300,0.00407300,1087.00000000
1572573600,1572577199,0.00417400,0.00421700,0.00417400,0.00421000,492.00000000
1572577200,1572580799,0.00423900,0.00434200,0.00418500,0.00426600,3979.00000000
1572580800,1572584399,0.00422500,0.00432700,0.00419100,0.00432700,238.00000000
1572584400,1572587999,0.00433300,0.00448100,0.00429600,0.00438400,4099.00000000
1572588000,1572591599,0.00442600,0.00465000,0.00440100,0.00456400,9020.00000000
1572591600,1572595199,0.00457000,0.00461200,0.00443400,0.00444100,4869.00000000
1572595200,1572598799,0.00439100,0.00439100,0.00438400,0.00438400,103.00000000
1572598800,1572602399,0.00434900,0.00441900,0.00432700,0.00432700,1022.00000000
1572602400,1572605999,0.00430700,0.00438400,0.00430700,0.00433200,250.00000000
1572606000,1572609599,0.00433600,0.00433600,0.00432700,0.00432700,259.00000000
1572609600,1572613199,0.00438400,0.00454100,0.00427800,0.00435000,11947.00000000
1572613200,1572616799,0.00432700,0.00432700,0.00426600,0.00426600,292.00000000
1572616800,1572620399,0.00425800,0.00425800,0.00422500,0.00422500,7192.00000000
1572620400,1572623999,0.00431400,0.00431400,0.00431400,0.00431400,230.00000000
1572624000,1572627599,0.00431200,0.00431200,0.00431200,0.00431200,32.00000000
1572627600,1572631199,0.00431200,0.00431200,0.00431200,0.00431200,0.00000000
1572631200,1572634799,0.00431200,0.00431200,0.00431200,0.00431200,0.00000000
1572634800,1572638399,0.00431200,0.00431200,0.00431200,0.00431200,0.00000000
1572638400,1572641999,0.00431200,0.00431200,0.00431200,0.00431200,0.00000000
1572642000,1572645599,0.00431200,0.00431200,0.00431200,0.00431200,0.00000000
1572645600,1572649199,0.00421300,0.00427000,0.00416000,0.00421300,1036.00000000
1572649200,1572652799,0.00427000,0.00427000,0.00427000,0.00427000,57.00000000
1572652800,1572656399,0.00417400,0.00417400,0.00414400,0.00414400,777.00000000
1572656400,1572659999,0.00423500,0.00423600,0.00423500,0.00423600,269.00000000
1572660000,1572663599,0.00423600,0.00423600,0.00423600,0.00423600,0.00000000
1572663600,1572667199,0.00419200,0.00419200,0.00419200,0.00419200,52.00000000
1572667200,1572670799,0.00419200,0.00419200,0.00419200,0.00419200,0.00000000
1572670800,1572674399,0.00419200,0.00419200,0.00419200,0.00419200,0.00000000
1572674400,1572677999,0.00417100,0.00417100,0.00417100,0.00417100,333.00000000
1572678000,1572681599,0.00420000,0.00420000,0.00416600,0.00416600,895.00000000
1572681600,1572685199,0.00418400,0.00418400,0.00418400,0.00418400,62.00000000
1572685200,1572688799,0.00418400,0.00418400,0.00418400,0.00418400,0.00000000
1572688800,1572692399,0.00425700,0.00428000,0.00425700,0.00428000,188.00000000
1572692400,1572695999,0.00428000,0.00428000,0.00428000,0.00428000,0.00000000
1572696000,1572699599,0.00416600,0.00416600,0.00412300,0.00412300,1335.00000000
1572699600,1572703199,0.00412300,0.00423100,0.00410400,0.00423100,4824.00000000
1572703200,1572706799,0.00423000,0.00439400,0.00416000,0.00416000,52969.00000000
1572706800,1572710399,0.00416900,0.00421600,0.00416900,0.00421600,959.00000000
1572710400,1572713999,0.00415900,0.00415900,0.00414400,0.00414400,541.00000000
1572714000,1572717599,0.00413100,0.00419800,0.00412000,0.00412000,1366.00000000
1572717600,1572721199,0.00412000,0.00412000,0.00412000,0.00412000,0.00000000
1572721200,1572724799,0.00412000,0.00412000,0.00412000,0.00412000,0.00000000
1572724800,1572728399,0.00412000,0.00412000,0.00412000,0.00412000,0.00000000
1572728400,1572731999,0.00412000,0.00412000,0.00412000,0.00412000,0.00000000
1572732000,1572735599,0.00414400,0.00414400,0.00414400,0.00414400,26.00000000
1572735600,1572739199,0.00414400,0.00414400,0.00414400,0.00414400,0.00000000
1572739200,1572742799,0.00414400,0.00414400,0.00414400,0.00414400,0.00000000
1572742800,1572746399,0.00412200,0.00412200,0.00411600,0.00411600,2668.00000000
1572746400,1572749999,0.00410400,0.00417800,0.00404400,0.00404400,2445.00000000
1572750000,1572753599,0.00404400,0.00404400,0.00404400,0.00404400,0.00000000
1572753600,1572757199,0.00410000,0.00417700,0.00410000,0.00417700,111.00000000
1572757200,1572760799,0.00408000,0.00408000,0.00406500,0.00406500,142.00000000
1572760800,1572764399,0.00406500,0.00406500,0.00406500,0.00406500,0.00000000
1572764400,1572767999,0.00406500,0.00406500,0.00406500,0.00406500,0.00000000
1572768000,1572771599,0.00406500,0.00406500,0.00406500,0.00406500,0.00000000
1572771600,1572775199,0.00405100,0.00405100,0.00405000,0.00405000,1175.00000000
1572775200,1572778799,0.00409900,0.00414100,0.00409900,0.00414100,903.00000000
1572778800,1572782399,0.00414100,0.00414100,0.00414100,0.00414100,0.00000000
1572782400,1572785999,0.00407900,0.00407900,0.00407700,0.00407700,13000.00000000
1572786000,1572789599,0.00407700,0.00407700,0.00407700,0.00407700,0.00000000
1572789600,1572793199,0.00407700,0.00407700,0.00407700,0.00407700,0.00000000
1572793200,1572796799,0.00416500,0.00416500,0.00416500,0.00416500,1061.00000000
1572796800,1572800399,0.00416500,0.00416500,0.00416500,0.00416500,0.00000000
1572800400,1572803999,0.00416500,0.00416500,0.00409000,0.00409400,221.00000000
1572804000,1572807599,0.00410800,0.00410800,0.00410800,0.00410800,60.00000000
1572807600,1572811199,0.00417600,0.00417700,0.00417600,0.00417700,133.00000000
1572811200,1572814799,0.00419400,0.00421400,0.00415200,0.00417700,2835.00000000
1572814800,1572818399,0.00421200,0.00497100,0.00402700,0.00410000,83458.00000000
1572818400,1572821999,0.00418100,0.00418100,0.00418100,0.00418100,80.00000000
1572822000,1572825599,0.00418100,0.00418100,0.00418100,0.00418100,0.00000000
1572825600,1572829199,0.00418000,0.00421600,0.00412600,0.00412600,1873.00000000
1572829200,1572832799,0.00409600,0.00409600,0.00406600,0.00406600,277.00000000
1572832800,1572836399,0.00406600,0.00406600,0.00400000,0.00400000,2577.00000000
1572836400,1572839999,0.00400000,0.00400000,0.00400000,0.00400000,0.00000000
1572840000,1572843599,0.00406200,0.00413600,0.00406200,0.00407300,453.00000000
1572843600,1572847199,0.00411700,0.00412900,0.00411700,0.00412900,780.00000000
1572847200,1572850799,0.00412900,0.00412900,0.00412900,0.00412900,0.00000000
1572850800,1572854399,0.00404000,0.00404000,0.00404000,0.00404000,52.00000000
1572854400,1572857999,0.00404000,0.00404000,0.00404000,0.00404000,0.00000000
1572858000,1572861599,0.00404000,0.00404000,0.00404000,0.00404000,0.00000000
1572861600,1572865199,0.00404000,0.00404000,0.00404000,0.00404000,0.00000000
1572865200,1572868799,0.00404000,0.00404000,0.00404000,0.00404000,0.00000000
1572868800,1572872399,0.00402900,0.00409700,0.00402900,0.00406100,3058.00000000
1572872400,1572875999,0.00406100,0.00406100,0.00406100,0.00406100,528.00000000
1572876000,1572879599,0.00404600,0.00404600,0.00404600,0.00404600,27.00000000
1572879600,1572883199,0.00404600,0.00404600,0.00404600,0.00404600,0.00000000
1572883200,1572886799,0.00404600,0.00404600,0.00404600,0.00404600,0.00000000
1572886800,1572890399,0.00404600,0.00404600,0.00404600,0.00404600,0.00000000
1572890400,1572893999,0.00404600,0.00404600,0.00404600,0.00404600,0.00000000
1572894000,1572897599,0.00404600,0.00404600,0.00404600,0.00404600,0.00000000
1572897600,1572901199,0.00409700,0.00409800,0.00405600,0.00405600,208.00000000
1572901200,1572904799,0.00400000,0.00400300,0.00396900,0.00396900,920.00000000
1572904800,1572908399,0.00402300,0.00402300,0.00402300,0.00402300,325.00000000
1572908400,1572911999,0.00399500,0.00399500,0.00399500,0.00399500,881.00000000
1572912000,1572915599,0.00399500,0.00399500,0.00399500,0.00399500,0.00000000
1572915600,1572919199,0.00396500,0.00396500,0.00395000,0.00395000,1145.00000000
1572919200,1572922799,0.00394900,0.00396200,0.00394900,0.00396200,839.00000000
1572922800,1572926399,0.00396400,0.00396400,0.00396400,0.00396400,31.00000000
1572926400,1572929999,0.00395300,0.00396400,0.00394800,0.00396400,483.00000000
1572930000,1572933599,0.00396400,0.00396400,0.00396400,0.00396400,0.00000000
1572933600,1572937199,0.00396400,0.00396400,0.00396400,0.00396400,0.00000000
1572937200,1572940799,0.00396400,0.00396400,0.00393700,0.00393700,158.00000000
1572940800,1572944399,0.00393700,0.00393700,0.00393700,0.00393700,0.00000000
1572944400,1572947999,0.00393300,0.00405600,0.00393200,0.00405600,6657.00000000
1572948000,1572951599,0.00405600,0.00405600,0.00405600,0.00405600,0.00000000
1572951600,1572955199,0.00405600,0.00405600,0.00405600,0.00405600,0.00000000
1572955200,1572958799,0.00405600,0.00405600,0.00405600,0.00405600,0.00000000
1572958800,1572962399,0.00405600,0.00405600,0.00405600,0.00405600,0.00000000
1572962400,1572965999,0.00405600,0.00405600,0.00405600,0.00405600,0.00000000
1572966000,1572969599,0.00393700,0.00393700,0.00393700,0.00393700,64.00000000
1572969600,1572973199,0.00393700,0.00393700,0.00393700,0.00393700,0.00000000
1572973200,1572976799,0.00398900,0.00398900,0.00398900,0.00398900,2607.00000000
1572976800,1572980399,0.00398900,0.00398900,0.00398900,0.00398900,0.00000000
1572980400,1572983999,0.00398900,0.00398900,0.00398900,0.00398900,0.00000000
1572984000,1572987599,0.00398900,0.00398900,0.00398900,0.00398900,0.00000000
1572987600,1572991199,0.00398900,0.00398900,0.00398900,0.00398900,0.00000000
1572991200,1572994799,0.00398900,0.00398900,0.00398900,0.00398900,99.00000000
1572994800,1572998399,0.00398900,0.00398900,0.00395300,0.00395500,627.00000000
1572998400,1573001999,0.00395500,0.00395500,0.00395500,0.00395500,0.00000000
1573002000,1573005599,0.00395500,0.00395500,0.00395500,0.00395500,0.00000000
1573005600,1573009199,0.00395500,0.00395500,0.00395500,0.00395500,0.00000000
1573009200,1573012799,0.00395500,0.00395500,0.00395500,0.00395500,0.00000000
1573012800,1573016399,0.00395500,0.00395500,0.00395500,0.00395500,0.00000000
1573016400,1573019999,0.00395500,0.00395500,0.00395500,0.00395500,0.00000000
1573020000,1573023599,0.00394100,0.00395100,0.00382300,0.00395100,30415.00000000
1573023600,1573027199,0.00395100,0.00395100,0.00395100,0.00395100,0.00000000
1573027200,1573030799,0.00395100,0.00395100,0.00395100,0.00395100,0.00000000
1573030800,1573034399,0.00395100,0.00395100,0.00395100,0.00395100,0.00000000
1573034400,1573037999,0.00395100,0.00395100,0.00395100,0.00395100,0.00000000
1573038000,1573041599,0.00390100,0.00390100,0.00387600,0.00387600,1679.00000000
1573041600,1573045199,0.00387600,0.00387600,0.00387600,0.00387600,0.00000000
1573045200,1573048799,0.00392100,0.00392100,0.00392100,0.00392100,375.00000000
1573048800,1573052399,0.00392100,0.00392100,0.00392100,0.00392100,0.00000000
1573052400,1573055999,0.00392100,0.00392100,0.00392100,0.00392100,0.00000000
1573056000,1573059599,0.00392100,0.00392100,0.00392100,0.00392100,0.00000000
1573059600,1573063199,0.00392100,0.00392100,0.00392100,0.00392100,0.00000000
1573063200,1573066799,0.00392100,0.00392100,0.00392100,0.00392100,0.00000000
1573066800,1573070399,0.00392100,0.00392100,0.00392100,0.00392100,0.00000000
1573070400,1573073999,0.00392100,0.00392100,0.00392100,0.00392100,0.00000000
1573074000,1573077599,0.00393400,0.00393400,0.00393400,0.00393400,751.00000000
1573077600,1573081199,0.00393400,0.00393400,0.00393400,0.00393400,0.00000000
1573081200,1573084799,0.00392100,0.00392100,0.00384600,0.00384600,651.00000000
1573084800,1573088399,0.00390800,0.00401900,0.00390400,0.00401900,2589.00000000
1573088400,1573091999,0.00405000,0.00405000,0.00405000,0.00405000,701.00000000
1573092000,1573095599,0.00398200,0.00398200,0.00398200,0.00398200,230.00000000
1573095600,1573099199,0.00398200,0.00398200,0.00398200,0.00398200,0.00000000
1573099200,1573102799,0.00397000,0.00397000,0.00394600,0.00394600,1928.00000000
1573102800,1573106399,0.00394600,0.00394600,0.00394600,0.00394600,1.00000000
1573106400,1573109999,0.00394600,0.00394600,0.00394600,0.00394600,0.00000000
1573110000,1573113599,0.00399700,0.00399700,0.00399700,0.00399700,318.00000000
1573113600,1573117199,0.00399700,0.00399700,0.00399700,0.00399700,0.00000000
1573117200,1573120799,0.00399700,0.00399700,0.00399700,0.00399700,0.00000000
1573120800,1573124399,0.00394600,0.00394600,0.00394600,0.00394600,125.00000000
1573124400,1573127999,0.00394600,0.00394600,0.00394600,0.00394600,0.00000000
1573128000,1573131599,0.00394600,0.00394600,0.00394600,0.00394600,0.00000000
1573131600,1573135199,0.00394600,0.00394600,0.00394600,0.00394600,0.00000000
1573135200,1573138799,0.00394600,0.00394600,0.00394600,0.00394600,0.00000000
1573138800,1573142399,0.00402500,0.00402500,0.00397600,0.00401600,2883.00000000
1573142400,1573145999,0.00401600,0.00401600,0.00401600,0.00401600,0.00000000
1573146000,1573149599,0.00405000,0.00405000,0.00405000,0.00405000,25.00000000
1573149600,1573153199,0.00405000,0.00405000,0.00405000,0.00405000,0.00000000
1573153200,1573156799,0.00405000,0.00405000,0.00405000,0.00405000,0.00000000
1573156800,1573160399,0.00405000,0.00405000,0.00405000,0.00405000,0.00000000
1573160400,1573163999,0.00402900,0.00402900,0.00402900,0.00402900,44.00000000
1573164000,1573167599,0.00402900,0.00402900,0.00402900,0.00402900,0.00000000
1573167600,1573171199,0.00402900,0.00402900,0.00402900,0.00402900,50.00000000
1573171200,1573174799,0.00402900,0.00475600,0.00402900,0.00437600,42715.00000000
1573174800,1573178399,0.00440600,0.00449300,0.00427700,0.00427700,13500.00000000
1573178400,1573181999,0.00436500,0.00442600,0.00426600,0.00426600,2256.00000000
1573182000,1573185599,0.00431000,0.00437300,0.00431000,0.00435400,2372.00000000
1573185600,1573189199,0.00432900,0.00432900,0.00427900,0.00427900,123.00000000
1573189200,1573192799,0.00427500,0.00427500,0.00427500,0.00427500,24.00000000
1573192800,1573196399,0.00427500,0.00427500,0.00424300,0.00424300,6891.00000000
1573196400,1573199999,0.00429800,0.00429800,0.00429800,0.00429800,51.00000000
1573200000,1573203599,0.00431000,0.00431000,0.00431000,0.00431000,6230.00000000
1573203600,1573207199,0.00431000,0.00431000,0.00431000,0.00431000,838.00000000
1573207200,1573210799,0.00431000,0.00438200,0.00426800,0.00426900,659.00000000
1573210800,1573214399,0.00434600,0.00438200,0.00433600,0.00433600,752.00000000
1573214400,1573217999,0.00434500,0.00434500,0.00434500,0.00434500,120.00000000
1573218000,1573221599,0.00434500,0.00434500,0.00434500,0.00434500,0.00000000
1573221600,1573225199,0.00434500,0.00434500,0.00424000,0.00424000,3440.00000000
1573225200,1573228799,0.00434100,0.00444800,0.00434100,0.00437500,6436.00000000
1573228800,1573232399,0.00442000,0.00444900,0.00440000,0.00444900,1081.00000000
1573232400,1573235999,0.00441800,0.00471600,0.00440500,0.00463400,7721.00000000
1573236000,1573239599,0.00454700,0.00454700,0.00443400,0.00443400,4084.00000000
1573239600,1573243199,0.00446900,0.00446900,0.00439600,0.00439600,407.00000000
1573243200,1573246799,0.00439100,0.00439100,0.00437500,0.00437500,748.00000000
1573246800,1573250399,0.00436100,0.00436100,0.00434900,0.00434900,222.00000000
1573250400,1573253999,0.00432400,0.00446900,0.00432400,0.00444600,326.00000000
1573254000,1573257599,0.00444600,0.00445000,0.00436000,0.00436000,1217.00000000
1573257600,1573261199,0.00440000,0.00440000,0.00430700,0.00430700,8831.00000000
1573261200,1573264799,0.00427100,0.00427100,0.00426600,0.00426600,171.00000000
1573264800,1573268399,0.00434500,0.00434500,0.00425300,0.00425300,79.00000000
1573268400,1573271999,0.00423400,0.00423400,0.00422500,0.00422500,282.00000000
1573272000,1573275599,0.00420900,0.00421800,0.00420900,0.00421800,224.00000000
1573275600,1573279199,0.00421800,0.00421800,0.00421800,0.00421800,838.00000000
1573279200,1573282799,0.00430000,0.00430000,0.00430000,0.00430000,500.00000000
1573282800,1573286399,0.00430000,0.00430000,0.00430000,0.00430000,0.00000000
1573286400,1573289999,0.00428800,0.00428800,0.00428800,0.00428800,33.00000000
1573290000,1573293599,0.00421800,0.00421800,0.00421800,0.00421800,335.00000000
1573293600,1573297199,0.00418400,0.00418400,0.00418400,0.00418400,150.00000000
1573297200,1573300799,0.00418200,0.00418200,0.00418200,0.00418200,24.00000000
1573300800,1573304399,0.00418200,0.00418200,0.00418200,0.00418200,0.00000000
1573304400,1573307999,0.00429300,0.00429300,0.00429300,0.00429300,69.00000000
1573308000,1573311599,0.00429300,0.00429300,0.00429300,0.00429300,0.00000000
1573311600,1573315199,0.00429300,0.00429300,0.00429300,0.00429300,0.00000000
1573315200,1573318799,0.00429300,0.00429300,0.00429300,0.00429300,0.00000000
1573318800,1573322399,0.00421500,0.00429700,0.00418800,0.00429700,2091.00000000
1573322400,1573325999,0.00428800,0.00428800,0.00428800,0.00428800,24.00000000
1573326000,1573329599,0.00426800,0.00429500,0.00426800,0.00429500,266.00000000
1573329600,1573333199,0.00429500,0.00429500,0.00429500,0.00429500,0.00000000
1573333200,1573336799,0.00427700,0.00427700,0.00427700,0.00427700,40.00000000
1573336800,1573340399,0.00428700,0.00428700,0.00423600,0.00423600,387.00000000
1573340400,1573343999,0.00423600,0.00423600,0.00423600,0.00423600,0.00000000
1573344000,1573347599,0.00421300,0.00428600,0.00416000,0.00416500,1240.00000000
1573347600,1573351199,0.00416500,0.00416500,0.00416500,0.00416500,0.00000000
1573351200,1573354799,0.00424600,0.00424600,0.00424600,0.00424600,70.00000000
1573354800,1573358399,0.00416200,0.00416200,0.00409800,0.00412300,2260.00000000
1573358400,1573361999,0.00412300,0.00412300,0.00412300,0.00412300,0.00000000
1573362000,1573365599,0.00409800,0.00416000,0.00409300,0.00416000,243.00000000
1573365600,1573369199,0.00407900,0.00414200,0.00407500,0.00407500,403.00000000
1573369200,1573372799,0.00406500,0.00406500,0.00404800,0.00404800,399.00000000
1573372800,1573376399,0.00409700,0.00409700,0.00409700,0.00409700,43.00000000
1573376400,1573379999,0.00403000,0.00405000,0.00401000,0.00401000,283.00000000
1573380000,1573383599,0.00404900,0.00404900,0.00400400,0.00400400,115.00000000
1573383600,1573387199,0.00400800,0.00400800,0.00400400,0.00400400,251.00000000
1573387200,1573390799,0.00413400,0.00413400,0.00413400,0.00413400,33.00000000
1573390800,1573394399,0.00407400,0.00407500,0.00407400,0.00407500,478.00000000
1573394400,1573397999,0.00407500,0.00407500,0.00407500,0.00407500,0.00000000
1573398000,1573401599,0.00407500,0.00407500,0.00407500,0.00407500,0.00000000
1573401600,1573405199,0.00406700,0.00406700,0.00406000,0.00406000,580.00000000
1573405200,1573408799,0.00406000,0.00406000,0.00406000,0.00406000,0.00000000
1573408800,1573412399,0.00408400,0.00413700,0.00408400,0.00413700,614.00000000
1573412400,1573415999,0.00404200,0.00404200,0.00404200,0.00404200,858.00000000
1573416000,1573419599,0.00404200,0.00404200,0.00404200,0.00404200,0.00000000
1573419600,1573423199,0.00404200,0.00404200,0.00404200,0.00404200,0.00000000
1573423200,1573426799,0.00404200,0.00404200,0.00404200,0.00404200,0.00000000
1573426800,1573430399,0.00404200,0.00404200,0.00404200,0.00404200,0.00000000
1573430400,1573433999,0.00404200,0.00404200,0.00404200,0.00404200,0.00000000
1573434000,1573437599,0.00402600,0.00402600,0.00402600,0.00402600,156.00000000
1573437600,1573441199,0.00402600,0.00402600,0.00402600,0.00402600,0.00000000
1573441200,1573444799,0.00402600,0.00402600,0.00402600,0.00402600,73.00000000
1573444800,1573448399,0.00402600,0.00402600,0.00402600,0.00402600,0.00000000
1573448400,1573451999,0.00399200,0.00402700,0.00398800,0.00402700,1720.00000000
1573452000,1573455599,0.00402700,0.00402700,0.00402700,0.00402700,0.00000000
1573455600,1573459199,0.00399400,0.00399400,0.00399200,0.00399200,5333.00000000
1573459200,1573462799,0.00398900,0.00398900,0.00398900,0.00398900,41.00000000
1573462800,1573466399,0.00398900,0.00398900,0.00398900,0.00398900,0.00000000
1573466400,1573469999,0.00398900,0.00398900,0.00398900,0.00398900,0.00000000
1573470000,1573473599,0.00400100,0.00400100,0.00400100,0.00400100,106.00000000
1573473600,1573477199,0.00400100,0.00400100,0.00400100,0.00400100,0.00000000
1573477200,1573480799,0.00411900,0.00412100,0.00411900,0.00412100,95.00000000
1573480800,1573484399,0.00412100,0.00412100,0.00412100,0.00412100,0.00000000
1573484400,1573487999,0.00412100,0.00412100,0.00412100,0.00412100,0.00000000
1573488000,1573491599,0.00399200,0.00400400,0.00399200,0.00400400,3069.00000000
1573491600,1573495199,0.00400400,0.00400400,0.00400400,0.00400400,0.00000000
1573495200,1573498799,0.00400400,0.00400400,0.00400400,0.00400400,0.00000000
1573498800,1573502399,0.00400400,0.00400400,0.00400400,0.00400400,0.00000000
1573502400,1573505999,0.00400400,0.00400400,0.00400400,0.00400400,0.00000000
1573506000,1573509599,0.00403200,0.00405400,0.00403200,0.00405400,127.00000000
1573509600,1573513199,0.00404200,0.00404200,0.00402400,0.00402400,212.00000000
1573513200,1573516799,0.00402400,0.00402400,0.00402400,0.00402400,0.00000000
1573516800,1573520399,0.00412200,0.00422500,0.00403300,0.00405600,4770.00000000
1573520400,1573523999,0.00405600,0.00405600,0.00401500,0.00401500,684.00000000
1573524000,1573527599,0.00401500,0.00401500,0.00401500,0.00401500,47.00000000
1573527600,1573531199,0.00401500,0.00401500,0.00401500,0.00401500,0.00000000
1573531200,1573534799,0.00401500,0.00401500,0.00401500,0.00401500,0.00000000
1573534800,1573538399,0.00401500,0.00401500,0.00401500,0.00401500,0.00000000
1573538400,1573541999,0.00401500,0.00401500,0.00401500,0.00401500,0.00000000
1573542000,1573545599,0.00401500,0.00401500,0.00401500,0.00401500,0.00000000
1573545600,1573549199,0.00401500,0.00401500,0.00401500,0.00401500,0.00000000
1573549200,1573552799,0.00401500,0.00401500,0.00401500,0.00401500,0.00000000
1573552800,1573556399,0.00401500,0.00401500,0.00398700,0.00398700,265.00000000
1573556400,1573559999,0.00398700,0.00398700,0.00398700,0.00398700,0.00000000
1573560000,1573563599,0.00398300,0.00409700,0.00395000,0.00409700,565.00000000
1573563600,1573567199,0.00409700,0.00409700,0.00409700,0.00409700,100.00000000
1573567200,1573570799,0.00409700,0.00409700,0.00409700,0.00409700,0.00000000
1573570800,1573574399,0.00409600,0.00409600,0.00409600,0.00409600,27.00000000
1573574400,1573577999,0.00409400,0.00409400,0.00409400,0.00409400,32.00000000
1573578000,1573581599,0.00409400,0.00409400,0.00409400,0.00409400,0.00000000
1573581600,1573585199,0.00395500,0.00395500,0.00391500,0.00391500,600.00000000
1573585200,1573588799,0.00391500,0.00391500,0.00391500,0.00391500,0.00000000
1573588800,1573592399,0.00391500,0.00398500,0.00391500,0.00391500,147.00000000
1573592400,1573595999,0.00394700,0.00394700,0.00394700,0.00394700,48.00000000
1573596000,1573599599,0.00394700,0.00394700,0.00394700,0.00394700,0.00000000
1573599600,1573603199,0.00394400,0.00394400,0.00394400,0.00394400,32.00000000
1573603200,1573606799,0.00394400,0.00394400,0.00394400,0.00394400,0.00000000
1573606800,1573610399,0.00394400,0.00394400,0.00394400,0.00394400,0.00000000
1573617600,1573621199,0.00391100,0.00391100,0.00391100,0.00391100,238.00000000
1573621200,1573624799,0.00390300,0.00390300,0.00390000,0.00390000,342.00000000
1573624800,1573628399,0.00390000,0.00390000,0.00387000,0.00387000,3912.00000000
1573628400,1573631999,0.00386200,0.00386200,0.00380500,0.00380500,1192.00000000
1573632000,1573635599,0.00380000,0.00380000,0.00379900,0.00379900,560.00000000
1573635600,1573639199,0.00379900,0.00384500,0.00376200,0.00376200,973.00000000
1573639200,1573642799,0.00376200,0.00386500,0.00370000,0.00370000,2719.00000000
1573642800,1573646399,0.00370000,0.00370000,0.00370000,0.00370000,0.00000000
1573646400,1573649999,0.00370000,0.00370000,0.00370000,0.00370000,0.00000000
1573650000,1573653599,0.00370000,0.00370000,0.00370000,0.00370000,0.00000000
1573653600,1573657199,0.00382700,0.00382900,0.00382700,0.00382900,303.00000000
1573657200,1573660799,0.00386600,0.00386600,0.00386600,0.00386600,100.00000000
1573660800,1573664399,0.00386600,0.00386600,0.00382400,0.00382400,173.00000000
1573664400,1573667999,0.00382400,0.00382400,0.00382400,0.00382400,0.00000000
1573668000,1573671599,0.00382400,0.00382400,0.00382400,0.00382400,0.00000000
1573671600,1573675199,0.00382400,0.00382400,0.00382400,0.00382400,0.00000000
1573675200,1573678799,0.00382400,0.00382400,0.00382400,0.00382400,0.00000000
1573678800,1573682399,0.00386600,0.00386600,0.00386600,0.00386600,31.00000000
1573682400,1573685999,0.00386600,0.00386600,0.00386600,0.00386600,0.00000000
1573686000,1573689599,0.00386600,0.00386600,0.00386600,0.00386600,0.00000000
1573689600,1573693199,0.00390400,0.00399000,0.00387500,0.00387500,2454.00000000
1573693200,1573696799,0.00386100,0.00386100,0.00386100,0.00386100,248.00000000
1573696800,1573700399,0.00386100,0.00386100,0.00386100,0.00386100,0.00000000
1573700400,1573703999,0.00384400,0.00384400,0.00382200,0.00382200,1814.00000000
1573704000,1573707599,0.00394100,0.00394100,0.00385000,0.00385000,578.00000000
1573707600,1573711199,0.00385000,0.00385000,0.00385000,0.00385000,0.00000000
1573711200,1573714799,0.00385000,0.00385000,0.00385000,0.00385000,0.00000000
1573714800,1573718399,0.00385000,0.00385000,0.00374600,0.00383400,9612.00000000
1573718400,1573721999,0.00390400,0.00397000,0.00381200,0.00392500,51510.00000000
1573722000,1573725599,0.00389100,0.00389100,0.00389100,0.00389100,333.00000000
1573725600,1573729199,0.00389100,0.00389100,0.00389100,0.00389100,0.00000000
1573729200,1573732799,0.00389100,0.00389100,0.00389100,0.00389100,0.00000000
1573732800,1573736399,0.00389100,0.00389100,0.00389100,0.00389100,0.00000000
1573736400,1573739999,0.00389100,0.00389100,0.00389100,0.00389100,0.00000000
1573740000,1573743599,0.00389100,0.00389100,0.00389100,0.00389100,0.00000000
1573743600,1573747199,0.00386000,0.00386000,0.00386000,0.00386000,33.00000000
1573747200,1573750799,0.00386000,0.00386000,0.00386000,0.00386000,0.00000000
1573750800,1573754399,0.00386000,0.00386000,0.00386000,0.00386000,0.00000000
1573754400,1573757999,0.00386000,0.00386000,0.00386000,0.00386000,0.00000000
1573758000,1573761599,0.00391200,0.00391200,0.00391200,0.00391200,200.00000000
1573761600,1573765199,0.00391200,0.00391200,0.00391200,0.00391200,0.00000000
1573765200,1573768799,0.00393000,0.00393400,0.00393000,0.00393400,2668.00000000
1573768800,1573772399,0.00397300,0.00397300,0.00397300,0.00397300,85.00000000
1573772400,1573775999,0.00397300,0.00399000,0.00397300,0.00399000,413.00000000
1573776000,1573779599,0.00391200,0.00391200,0.00391200,0.00391200,1022.00000000
1573779600,1573783199,0.00391100,0.00391100,0.00391100,0.00391100,238.00000000
1573783200,1573786799,0.00391100,0.00391100,0.00391100,0.00391100,0.00000000
1573786800,1573790399,0.00394000,0.00394000,0.00394000,0.00394000,979.00000000
1573790400,1573793999,0.00394000,0.00394000,0.00394000,0.00394000,0.00000000
1573794000,1573797599,0.00394000,0.00394000,0.00394000,0.00394000,0.00000000
1573797600,1573801199,0.00394000,0.00394000,0.00394000,0.00394000,0.00000000
1573801200,1573804799,0.00394000,0.00394000,0.00394000,0.00394000,0.00000000
1573804800,1573808399,0.00394000,0.00394000,0.00394000,0.00394000,0.00000000
1573808400,1573811999,0.00394000,0.00394000,0.00389400,0.00389400,300.00000000
1573812000,1573815599,0.00394500,0.00394500,0.00394500,0.00394500,120.00000000
1573815600,1573819199,0.00388000,0.00391900,0.00388000,0.00391900,560.00000000
1573819200,1573822799,0.00388200,0.00392400,0.00387400,0.00392400,17522.00000000
1573822800,1573826399,0.00392400,0.00392400,0.00392400,0.00392400,0.00000000
1573826400,1573829999,0.00398900,0.00405800,0.00398900,0.00405800,1080.00000000
1573830000,1573833599,0.00400100,0.00400100,0.00398900,0.00398900,1657.00000000
1573833600,1573837199,0.00407000,0.00407100,0.00407000,0.00407100,316.00000000
1573837200,1573840799,0.00407100,0.00407100,0.00407100,0.00407100,0.00000000
1573840800,1573844399,0.00407100,0.00407100,0.00407100,0.00407100,50.00000000
1573844400,1573847999,0.00402900,0.00407100,0.00402900,0.00404800,830.00000000
1573848000,1573851599,0.00404800,0.00404800,0.00404800,0.00404800,0.00000000
1573851600,1573855199,0.00404800,0.00404800,0.00404800,0.00404800,0.00000000
1573855200,1573858799,0.00404800,0.00404800,0.00404800,0.00404800,0.00000000
1573858800,1573862399,0.00404800,0.00404800,0.00404800,0.00404800,9723.00000000
1573862400,1573865999,0.00404800,0.00404800,0.00404800,0.00404800,217.00000000
1573866000,1573869599,0.00402000,0.00409400,0.00402000,0.00409400,170.00000000
1573869600,1573873199,0.00409400,0.00409400,0.00409400,0.00409400,0.00000000
1573873200,1573876799,0.00398100,0.00398100,0.00393000,0.00393000,15000.00000000
1573876800,1573880399,0.00393000,0.00393000,0.00393000,0.00393000,0.00000000
1573880400,1573883999,0.00400000,0.00400000,0.00397300,0.00397300,4000.00000000
1573884000,1573887599,0.00397300,0.00397300,0.00397300,0.00397300,0.00000000
1573887600,1573891199,0.00397300,0.00397300,0.00397300,0.00397300,0.00000000
1573891200,1573894799,0.00405800,0.00405800,0.00405800,0.00405800,235.00000000
1573894800,1573898399,0.00405800,0.00405800,0.00404100,0.00404100,3286.00000000
1573898400,1573901999,0.00404100,0.00404100,0.00404100,0.00404100,0.00000000
1573902000,1573905599,0.00404100,0.00404100,0.00404100,0.00404100,0.00000000
1573905600,1573909199,0.00404100,0.00404100,0.00404100,0.00404100,0.00000000
1573909200,1573912799,0.00409700,0.00411600,0.00404800,0.00404800,1086.00000000
1573912800,1573916399,0.00406500,0.00406500,0.00406500,0.00406500,156.00000000
1573916400,1573919999,0.00406500,0.00406500,0.00406500,0.00406500,73.00000000
1573920000,1573923599,0.00406500,0.00406500,0.00406500,0.00406500,0.00000000
1573923600,1573927199,0.00406500,0.00406500,0.00406500,0.00406500,0.00000000
1573927200,1573930799,0.00406500,0.00406500,0.00406500,0.00406500,0.00000000
1573930800,1573934399,0.00411600,0.00414800,0.00411600,0.00414800,2835.00000000
1573934400,1573937999,0.00416500,0.00417500,0.00416500,0.00417500,40.00000000
1573938000,1573941599,0.00417500,0.00417500,0.00417500,0.00417500,0.00000000
1573941600,1573945199,0.00417300,0.00417300,0.00417300,0.00417300,601.00000000
1573945200,1573948799,0.00417300,0.00417300,0.00417300,0.00417300,0.00000000
1573948800,1573952399,0.00417300,0.00417300,0.00417300,0.00417300,0.00000000
1573952400,1573955999,0.00417300,0.00417300,0.00417300,0.00417300,0.00000000
1573956000,1573959599,0.00417300,0.00417300,0.00417300,0.00417300,0.00000000
1573959600,1573963199,0.00417500,0.00417500,0.00417500,0.00417500,240.00000000
1573963200,1573966799,0.00417500,0.00417500,0.00417500,0.00417500,0.00000000
1573966800,1573970399,0.00417500,0.00417500,0.00417500,0.00417500,0.00000000
1573970400,1573973999,0.00417500,0.00417500,0.00417500,0.00417500,0.00000000
1573974000,1573977599,0.00417500,0.00417500,0.00417500,0.00417500,0.00000000
1573977600,1573981199,0.00417500,0.00417500,0.00417500,0.00417500,0.00000000
1573981200,1573984799,0.00408400,0.00408400,0.00408400,0.00408400,665.00000000
1573984800,1573988399,0.00408400,0.00408400,0.00408400,0.00408400,0.00000000
1573988400,1573991999,0.00408400,0.00408400,0.00408400,0.00408400,0.00000000
1573992000,1573995599,0.00412300,0.00412300,0.00412300,0.00412300,333.00000000
1573995600,1573999199,0.00412300,0.00412300,0.00412300,0.00412300,0.00000000
1573999200,1574002799,0.00412300,0.00412300,0.00412300,0.00412300,0.00000000
1574002800,1574006399,0.00412300,0.00412300,0.00412300,0.00412300,0.00000000
1574006400,1574009999,0.00412300,0.00412300,0.00412300,0.00412300,0.00000000
1574010000,1574013599,0.00417500,0.00417500,0.00411400,0.00411400,529.00000000
1574013600,1574017199,0.00411400,0.00411400,0.00411400,0.00411400,0.00000000
1574017200,1574020799,0.00411400,0.00411400,0.00411400,0.00411400,0.00000000
1574020800,1574024399,0.00411900,0.00411900,0.00411900,0.00411900,39.00000000
1574024400,1574027999,0.00411900,0.00411900,0.00411900,0.00411900,0.00000000
1574028000,1574031599,0.00411900,0.00411900,0.00411900,0.00411900,0.00000000
1574031600,1574035199,0.00411900,0.00411900,0.00411900,0.00411900,0.00000000
1574035200,1574038799,0.00411900,0.00411900,0.00411900,0.00411900,0.00000000
1574038800,1574042399,0.00411900,0.00411900,0.00411900,0.00411900,0.00000000
1574042400,1574045999,0.00411900,0.00411900,0.00411900,0.00411900,0.00000000
1574046000,1574049599,0.00417500,0.00421700,0.00417400,0.00417400,2388.00000000
1574049600,1574053199,0.00424900,0.00437600,0.00422500,0.00422500,12695.00000000
1574053200,1574056799,0.00422500,0.00422500,0.00422500,0.00422500,0.00000000
1574056800,1574060399,0.00423500,0.00423500,0.00423500,0.00423500,26.00000000
1574060400,1574063999,0.00423500,0.00423500,0.00423500,0.00423500,0.00000000
1574064000,1574067599,0.00434200,0.00438600,0.00434200,0.00435000,805.00000000
1574067600,1574071199,0.00427100,0.00442300,0.00424800,0.00429200,624.00000000
1574071200,1574074799,0.00431700,0.00431700,0.00431600,0.00431600,381.00000000
1574074800,1574078399,0.00429200,0.00429200,0.00426400,0.00426400,329.00000000
1574078400,1574081999,0.00424600,0.00429900,0.00418300,0.00429900,4938.00000000
1574082000,1574085599,0.00429900,0.00429900,0.00429900,0.00429900,38.00000000
1574085600,1574089199,0.00434200,0.00437900,0.00434200,0.00437900,1151.00000000
1574089200,1574092799,0.00437900,0.00437900,0.00427700,0.00427700,821.00000000
1574092800,1574096399,0.00437900,0.00437900,0.00434200,0.00434200,364.00000000
1574096400,1574099999,0.00434200,0.00438300,0.00433900,0.00433900,323.00000000
1574100000,1574103599,0.00433900,0.00439000,0.00430200,0.00430200,9365.00000000
1574103600,1574107199,0.00426600,0.00438300,0.00425400,0.00438300,571.00000000
1574107200,1574110799,0.00438300,0.00438300,0.00438300,0.00438300,0.00000000
1574110800,1574114399,0.00438300,0.00438300,0.00438300,0.00438300,0.00000000
1574114400,1574117999,0.00438300,0.00438300,0.00438300,0.00438300,0.00000000
1574118000,1574121599,0.00438300,0.00438300,0.00438300,0.00438300,0.00000000
1574121600,1574125199,0.00438300,0.00438300,0.00438300,0.00438300,0.00000000
1574125200,1574128799,0.00430700,0.00430700,0.00430700,0.00430700,216.00000000
1574128800,1574132399,0.00430700,0.00430700,0.00430700,0.00430700,0.00000000
1574132400,1574135999,0.00438300,0.00438300,0.00426600,0.00426600,390.00000000
1574136000,1574139599,0.00426600,0.00426600,0.00426600,0.00426600,0.00000000
1574139600,1574143199,0.00438100,0.00438100,0.00418800,0.00418800,1375.00000000
1574143200,1574146799,0.00434200,0.00434200,0.00431900,0.00431900,2772.00000000
1574146800,1574150399,0.00422500,0.00422500,0.00416300,0.00416300,2725.00000000
1574150400,1574153999,0.00416300,0.00416300,0.00414400,0.00414400,1691.00000000
1574154000,1574157599,0.00414200,0.00414200,0.00414200,0.00414200,48.00000000
1574157600,1574161199,0.00411600,0.00421700,0.00410400,0.00416500,1368.00000000
1574161200,1574164799,0.00421700,0.00421700,0.00410400,0.00410400,825.00000000
1574164800,1574168399,0.00410400,0.00410400,0.00410400,0.00410400,0.00000000
1574168400,1574171999,0.00421700,0.00421700,0.00421700,0.00421700,179.00000000
1574172000,1574175599,0.00421700,0.00421700,0.00421700,0.00421700,342.00000000
1574175600,1574179199,0.00421700,0.00421700,0.00421700,0.00421700,0.00000000
1574179200,1574182799,0.00421700,0.00421700,0.00421700,0.00421700,0.00000000
1574182800,1574186399,0.00421700,0.00421700,0.00421700,0.00421700,0.00000000
1574186400,1574189999,0.00414800,0.00422200,0.00410500,0.00414300,6979.00000000
1574190000,1574193599,0.00414300,0.00414300,0.00414300,0.00414300,0.00000000
1574193600,1574197199,0.00414300,0.00414300,0.00411000,0.00413300,1015.00000000
1574197200,1574200799,0.00413300,0.00425500,0.00413300,0.00425500,399.00000000
1574200800,1574204399,0.00425500,0.00425500,0.00425500,0.00425500,0.00000000
1574204400,1574207999,0.00425500,0.00425500,0.00425500,0.00425500,0.00000000
1574208000,1574211599,0.00416800,0.00425800,0.00413500,0.00425800,3404.00000000
1574211600,1574215199,0.00425800,0.00425800,0.00425800,0.00425800,0.00000000
1574215200,1574218799,0.00425800,0.00425800,0.00425800,0.00425800,0.00000000
1574218800,1574222399,0.00425800,0.00425800,0.00425800,0.00425800,306.00000000
1574222400,1574225999,0.00425800,0.00425800,0.00425800,0.00425800,0.00000000
1574226000,1574229599,0.00425800,0.00425800,0.00425800,0.00425800,0.00000000
1574229600,1574233199,0.00425800,0.00425800,0.00425800,0.00425800,0.00000000
1574233200,1574236799,0.00414500,0.00414900,0.00407200,0.00414900,7158.00000000
1574236800,1574240399,0.00421700,0.00421700,0.00421700,0.00421700,189.00000000
1574240400,1574243999,0.00421700,0.00421700,0.00421700,0.00421700,0.00000000
1574244000,1574247599,0.00421700,0.00421700,0.00421700,0.00421700,0.00000000
1574247600,1574251199,0.00421700,0.00421700,0.00421700,0.00421700,0.00000000
1574251200,1574254799,0.00421700,0.00421700,0.00421700,0.00421700,0.00000000
1574254800,1574258399,0.00421700,0.00421700,0.00421700,0.00421700,0.00000000
1574258400,1574261999,0.00416500,0.00416500,0.00416500,0.00416500,241.00000000
1574262000,1574265599,0.00416900,0.00421700,0.00416900,0.00419400,2355.00000000
1574265600,1574269199,0.00419400,0.00419400,0.00419400,0.00419400,0.00000000
1574269200,1574272799,0.00425000,0.00425800,0.00425000,0.00425800,976.00000000
1574272800,1574276399,0.00425800,0.00425800,0.00425800,0.00425800,0.00000000
1574276400,1574279999,0.00425800,0.00425800,0.00425800,0.00425800,0.00000000
1574280000,1574283599,0.00429000,0.00429000,0.00429000,0.00429000,189.00000000
1574283600,1574287199,0.00429800,0.00429900,0.00429800,0.00429900,663.00000000
1574287200,1574290799,0.00422200,0.00422200,0.00422200,0.00422200,38.00000000
1574290800,1574294399,0.00429900,0.00430900,0.00429900,0.00430900,171.00000000
1574294400,1574297999,0.00430900,0.00432900,0.00430900,0.00432900,498.00000000
1574298000,1574301599,0.00432900,0.00432900,0.00432900,0.00432900,0.00000000
1574301600,1574305199,0.00432900,0.00432900,0.00432900,0.00432900,0.00000000
1574305200,1574308799,0.00432900,0.00432900,0.00432900,0.00432900,0.00000000
1574308800,1574312399,0.00432900,0.00433000,0.00427800,0.00427800,144.00000000
1574312400,1574315999,0.00433100,0.00433100,0.00431500,0.00431500,164.00000000
1574316000,1574319599,0.00434200,0.00435300,0.00432300,0.00434100,1059.00000000
1574319600,1574323199,0.00434100,0.00434100,0.00434100,0.00434100,0.00000000
1574323200,1574326799,0.00435000,0.00435000,0.00426800,0.00426800,137.00000000
1574326800,1574330399,0.00429400,0.00429400,0.00429400,0.00429400,1008.00000000
1574330400,1574333999,0.00429400,0.00429400,0.00429400,0.00429400,0.00000000
1574334000,1574337599,0.00426800,0.00436900,0.00426800,0.00435000,1323.00000000
1574337600,1574341199,0.00435000,0.00435000,0.00435000,0.00435000,0.00000000
1574341200,1574344799,0.00422800,0.00429200,0.00422800,0.00429200,56.00000000
1574344800,1574348399,0.00433200,0.00433200,0.00433200,0.00433200,31.00000000
1574348400,1574351999,0.00423700,0.00435600,0.00422600,0.00422800,303.00000000
1574352000,1574355599,0.00422800,0.00422800,0.00422800,0.00422800,0.00000000
1574355600,1574359199,0.00424200,0.00424200,0.00424200,0.00424200,28.00000000
1574359200,1574362799,0.00424200,0.00424200,0.00424200,0.00424200,0.00000000
1574362800,1574366399,0.00424200,0.00424200,0.00424200,0.00424200,0.00000000
1574366400,1574369999,0.00424200,0.00424200,0.00424200,0.00424200,0.00000000
1574370000,1574373599,0.00422500,0.00423700,0.00412800,0.00420900,9434.00000000
1574373600,1574377199,0.00420900,0.00420900,0.00420900,0.00420900,0.00000000
1574377200,1574380799,0.00420900,0.00420900,0.00420900,0.00420900,0.00000000
1574380800,1574384399,0.00434200,0.00434200,0.00434200,0.00434200,165.00000000
1574384400,1574387999,0.00434200,0.00434200,0.00434200,0.00434200,0.00000000
1574388000,1574391599,0.00434200,0.00434200,0.00434200,0.00434200,0.00000000
1574391600,1574395199,0.00418400,0.00418400,0.00418400,0.00418400,664.00000000
1574395200,1574398799,0.00414400,0.00414400,0.00414400,0.00414400,376.00000000
1574398800,1574402399,0.00414400,0.00414400,0.00414400,0.00414400,0.00000000
1574402400,1574405999,0.00414400,0.00414400,0.00414400,0.00414400,0.00000000
1574406000,1574409599,0.00414400,0.00421900,0.00414400,0.00421900,464.00000000
1574409600,1574413199,0.00410400,0.00414800,0.00410400,0.00414800,1476.00000000
1574413200,1574416799,0.00421700,0.00425800,0.00412900,0.00425800,1471.00000000
1574416800,1574420399,0.00414400,0.00414400,0.00414400,0.00414400,670.00000000
1574420400,1574423999,0.00414200,0.00414200,0.00414200,0.00414200,170.00000000
1574424000,1574427599,0.00414200,0.00414200,0.00414200,0.00414200,0.00000000
1574427600,1574431199,0.00425800,0.00425800,0.00418500,0.00418500,1009.00000000
1574431200,1574434799,0.00414400,0.00414400,0.00414400,0.00414400,445.00000000
1574434800,1574438399,0.00425800,0.00425800,0.00425800,0.00425800,330.00000000
1574438400,1574441999,0.00414700,0.00425800,0.00414700,0.00425800,339.00000000
1574442000,1574445599,0.00425800,0.00425800,0.00425800,0.00425800,0.00000000
1574445600,1574449199,0.00425100,0.00425100,0.00425000,0.00425000,155.00000000
1574449200,1574452799,0.00429800,0.00429800,0.00429800,0.00429800,116.00000000
1574452800,1574456399,0.00423200,0.00423200,0.00423200,0.00423200,26.00000000
1574456400,1574459999,0.00423200,0.00423200,0.00423200,0.00423200,0.00000000
1574460000,1574463599,0.00429800,0.00434200,0.00429800,0.00434200,1436.00000000
1574463600,1574467199,0.00434300,0.00437500,0.00430300,0.00430300,1926.00000000
1574467200,1574470799,0.00433100,0.00435800,0.00432900,0.00435800,276.00000000
1574470800,1574474399,0.00436800,0.00438700,0.00431600,0.00434100,1140.00000000
1574474400,1574477999,0.00439700,0.00439700,0.00439300,0.00439300,182.00000000
1574478000,1574481599,0.00439300,0.00439300,0.00439300,0.00439300,0.00000000
1574481600,1574485199,0.00439300,0.00439300,0.00439300,0.00439300,0.00000000
1574485200,1574488799,0.00439300,0.00439300,0.00439300,0.00439300,0.00000000
1574488800,1574492399,0.00437500,0.00437500,0.00437500,0.00437500,58.00000000
1574492400,1574495999,0.00440900,0.00440900,0.00440900,0.00440900,163.00000000
1574496000,1574499599,0.00442000,0.00442100,0.00442000,0.00442100,106.00000000
1574499600,1574503199,0.00442100,0.00442100,0.00442100,0.00442100,0.00000000
1574503200,1574506799,0.00442100,0.00442100,0.00435700,0.00440500,620.00000000
1574506800,1574510399,0.00440500,0.00440500,0.00440500,0.00440500,0.00000000
1574510400,1574513999,0.00440500,0.00440500,0.00440500,0.00440500,0.00000000
1574514000,1574517599,0.00440500,0.00440500,0.00440500,0.00440500,0.00000000
1574517600,1574521199,0.00433500,0.00454700,0.00430700,0.00430700,15006.00000000
1574521200,1574524799,0.00428600,0.00428600,0.00426600,0.00426600,1343.00000000
1574524800,1574528399,0.00422500,0.00423000,0.00410700,0.00422700,14660.00000000
1574528400,1574531999,0.00426300,0.00426400,0.00426300,0.00426400,319.00000000
1574532000,1574535599,0.00426400,0.00426400,0.00426400,0.00426400,0.00000000
1574535600,1574539199,0.00434200,0.00434200,0.00434200,0.00434200,657.00000000
1574539200,1574542799,0.00434200,0.00434200,0.00434200,0.00434200,0.00000000
1574542800,1574546399,0.00434200,0.00434200,0.00434200,0.00434200,0.00000000
1574546400,1574549999,0.00426800,0.00426800,0.00426800,0.00426800,199.00000000
1574550000,1574553599,0.00426800,0.00426800,0.00426800,0.00426800,0.00000000
1574553600,1574557199,0.00437300,0.00437300,0.00424400,0.00424400,1045.00000000
1574557200,1574560799,0.00422500,0.00422500,0.00422500,0.00422500,658.00000000
1574560800,1574564399,0.00421600,0.00434200,0.00421600,0.00434200,1225.00000000
1574564400,1574567999,0.00434200,0.00434200,0.00422500,0.00422500,459.00000000
1574568000,1574571599,0.00422500,0.00422500,0.00422500,0.00422500,0.00000000
1574571600,1574575199,0.00422500,0.00422500,0.00422500,0.00422500,0.00000000
1574575200,1574578799,0.00422500,0.00422500,0.00418400,0.00418400,1329.00000000
1574578800,1574582399,0.00429900,0.00429900,0.00424600,0.00424600,157.00000000
1574582400,1574585999,0.00424600,0.00424600,0.00424600,0.00424600,0.00000000
1574586000,1574589599,0.00424600,0.00424600,0.00424600,0.00424600,0.00000000
1574589600,1574593199,0.00424600,0.00424600,0.00424600,0.00424600,0.00000000
1574593200,1574596799,0.00424600,0.00424600,0.00424600,0.00424600,0.00000000
1574596800,1574600399,0.00429700,0.00429800,0.00429700,0.00429800,795.00000000
1574600400,1574603999,0.00429800,0.00429800,0.00429800,0.00429800,24.00000000
1574604000,1574607599,0.00429900,0.00429900,0.00429900,0.00429900,146.00000000
1574607600,1574611199,0.00422000,0.00429900,0.00421100,0.00429900,906.00000000
1574611200,1574614799,0.00425000,0.00425000,0.00420200,0.00420200,1057.00000000
1574614800,1574618399,0.00429900,0.00432600,0.00423900,0.00423900,29963.00000000
1574618400,1574621999,0.00422000,0.00422000,0.00422000,0.00422000,1301.00000000
1574622000,1574625599,0.00434100,0.00434100,0.00434100,0.00434100,250.00000000
1574625600,1574629199,0.00434100,0.00434100,0.00434100,0.00434100,0.00000000
1574629200,1574632799,0.00432500,0.00432500,0.00421700,0.00432300,607.00000000
1574632800,1574636399,0.00432300,0.00432300,0.00432300,0.00432300,0.00000000
1574636400,1574639999,0.00432900,0.00432900,0.00432900,0.00432900,108.00000000
1574640000,1574643599,0.00424500,0.00424500,0.00424500,0.00424500,110.00000000
1574643600,1574647199,0.00424500,0.00424500,0.00424500,0.00424500,0.00000000
1574654400,1574657999,0.00418400,0.00425700,0.00410400,0.00410400,1940.00000000
1574658000,1574661599,0.00425800,0.00425800,0.00424000,0.00424100,29143.00000000
1574661600,1574665199,0.00428300,0.00447600,0.00426600,0.00426600,5218.00000000
1574665200,1574668799,0.00422500,0.00422500,0.00422500,0.00422500,658.00000000
1574668800,1574672399,0.00418400,0.00429800,0.00418400,0.00429800,831.00000000
1574672400,1574675999,0.00429800,0.00429800,0.00429800,0.00429800,0.00000000
1574676000,1574679599,0.00429800,0.00429800,0.00429800,0.00429800,75.00000000
1574679600,1574683199,0.00419600,0.00429800,0.00419600,0.00429800,3560.00000000
1574683200,1574686799,0.00429800,0.00429900,0.00429800,0.00429900,687.00000000
1574686800,1574690399,0.00424600,0.00424600,0.00424600,0.00424600,769.00000000
1574690400,1574693999,0.00421200,0.00429000,0.00418400,0.00427000,894.00000000
1574694000,1574697599,0.00429000,0.00429900,0.00429000,0.00429900,688.00000000
1574697600,1574701199,0.00431300,0.00450500,0.00431300,0.00434900,11818.00000000
1574701200,1574704799,0.00434200,0.00434200,0.00434200,0.00434200,577.00000000
1574704800,1574708399,0.00434200,0.00434200,0.00434200,0.00434200,0.00000000
1574708400,1574711999,0.00444900,0.00450500,0.00444900,0.00450500,2013.00000000
1574712000,1574715599,0.00451200,0.00453600,0.00447900,0.00447900,920.00000000
1574715600,1574719199,0.00447900,0.00447900,0.00447900,0.00447900,0.00000000
1574719200,1574722799,0.00455100,0.00455600,0.00455100,0.00455600,241.00000000
1574722800,1574726399,0.00456500,0.00456500,0.00452000,0.00452000,791.00000000
1574726400,1574729999,0.00452000,0.00452000,0.00452000,0.00452000,0.00000000
1574730000,1574733599,0.00460000,0.00460000,0.00457500,0.00457500,45.00000000
1574733600,1574737199,0.00452100,0.00452100,0.00447700,0.00447700,3525.00000000
1574737200,1574740799,0.00443400,0.00443400,0.00439100,0.00439100,1260.00000000
1574740800,1574744399,0.00439100,0.00439100,0.00439100,0.00439100,0.00000000
1574744400,1574747999,0.00441000,0.00450000,0.00440000,0.00440000,185.00000000
1574748000,1574751599,0.00440000,0.00440000,0.00440000,0.00440000,0.00000000
1574751600,1574755199,0.00450900,0.00450900,0.00445100,0.00445100,1968.00000000
1574755200,1574758799,0.00450900,0.00450900,0.00450900,0.00450900,957.00000000
1574758800,1574762399,0.00450900,0.00451200,0.00442200,0.00451200,853.00000000
1574762400,1574765999,0.00449000,0.00449000,0.00444000,0.00445500,2433.00000000
1574766000,1574769599,0.00445500,0.00445500,0.00445500,0.00445500,0.00000000
1574769600,1574773199,0.00455200,0.00460100,0.00455200,0.00460100,1519.00000000
1574773200,1574776799,0.00463400,0.00470000,0.00457000,0.00469800,6083.00000000
1574776800,1574780399,0.00471200,0.00482800,0.00461200,0.00467800,6722.00000000
1574780400,1574783999,0.00478100,0.00484400,0.00469800,0.00469800,7579.00000000
1574784000,1574787599,0.00476900,0.00476900,0.00476900,0.00476900,341.00000000
1574787600,1574791199,0.00482800,0.00482800,0.00467500,0.00467500,292.00000000
1574791200,1574794799,0.00482400,0.00482800,0.00482400,0.00482800,815.00000000
1574794800,1574798399,0.00487000,0.00487000,0.00480300,0.00480300,311.00000000
1574798400,1574801999,0.00480300,0.00480300,0.00477600,0.00477600,790.00000000
1574802000,1574805599,0.00477800,0.00477800,0.00477800,0.00477800,795.00000000
1574805600,1574809199,0.00477600,0.00477600,0.00477600,0.00477600,47.00000000
1574809200,1574812799,0.00486000,0.00486000,0.00470500,0.00485500,1766.00000000
1574812800,1574816399,0.00473100,0.00473100,0.00467800,0.00467800,910.00000000
1574816400,1574819999,0.00465300,0.00465300,0.00465300,0.00465300,598.00000000
1574820000,1574823599,0.00465300,0.00477800,0.00460800,0.00462500,256.00000000
1574823600,1574827199,0.00460900,0.00466500,0.00456300,0.00456300,3188.00000000
1574827200,1574830799,0.00456300,0.00456300,0.00456300,0.00456300,0.00000000
1574830800,1574834399,0.00452000,0.00464400,0.00451400,0.00464400,2373.00000000
1574834400,1574837999,0.00464400,0.00468700,0.00450700,0.00468700,2693.00000000
1574838000,1574841599,0.00456900,0.00456900,0.00456900,0.00456900,50.00000000
1574841600,1574845199,0.00456900,0.00456900,0.00456900,0.00456900,0.00000000
1574845200,1574848799,0.00469000,0.00487000,0.00460800,0.00469800,10424.00000000
1574848800,1574852399,0.00482800,0.00538800,0.00482800,0.00535600,90545.00000000
1574852400,1574855999,0.00526400,0.00559900,0.00496700,0.00549200,79198.00000000
1574856000,1574859599,0.00497700,0.00499600,0.00489300,0.00489300,4874.00000000
1574859600,1574863199,0.00498200,0.00501600,0.00498200,0.00498700,3608.00000000
1574863200,1574866799,0.00487400,0.00487400,0.00482100,0.00482100,1528.00000000
1574866800,1574870399,0.00489000,0.00489000,0.00489000,0.00489000,368.00000000
1574870400,1574873999,0.00486600,0.00486600,0.00486600,0.00486600,21.00000000
1574874000,1574877599,0.00478100,0.00478100,0.00472600,0.00473300,1663.00000000
1574877600,1574881199,0.00480000,0.00480000,0.00468000,0.00468000,2783.00000000
1574881200,1574884799,0.00477200,0.00481200,0.00477200,0.00481200,1332.00000000
1574884800,1574888399,0.00481200,0.00481200,0.00481200,0.00481200,0.00000000
1574888400,1574891999,0.00464800,0.00481300,0.00464800,0.00481300,18122.00000000
1574892000,1574895599,0.00480900,0.00494700,0.00480900,0.00482100,3138.00000000
1574895600,1574899199,0.00480600,0.00480600,0.00476100,0.00476100,1927.00000000
1574899200,1574902799,0.00482900,0.00483000,0.00482900,0.00483000,4575.00000000
1574902800,1574906399,0.00489400,0.00491300,0.00486100,0.00486100,6673.00000000
1574906400,1574909999,0.00490000,0.00490000,0.00489900,0.00489900,2193.00000000
1574910000,1574913599,0.00486600,0.00514200,0.00477900,0.00500900,4749.00000000
1574913600,1574917199,0.00495900,0.00495900,0.00487200,0.00487200,3963.00000000
1574917200,1574920799,0.00497200,0.00500900,0.00497200,0.00497500,5479.00000000
1574920800,1574924399,0.00497500,0.00500900,0.00487500,0.00494800,7001.00000000
1574924400,1574927999,0.00494800,0.00494800,0.00494800,0.00494800,0.00000000
1574928000,1574931599,0.00500800,0.00505300,0.00500800,0.00501800,4252.00000000
1574931600,1574935199,0.00499600,0.00499600,0.00499000,0.00499000,549.00000000
1574935200,1574938799,0.00494600,0.00494600,0.00494600,0.00494600,227.00000000
1574938800,1574942399,0.00497100,0.00503100,0.00497100,0.00503100,382.00000000
1574942400,1574945999,0.00505000,0.00505000,0.00505000,0.00505000,50.00000000
1574946000,1574949599,0.00504900,0.00504900,0.00504900,0.00504900,20.00000000
1574949600,1574953199,0.00496200,0.00504700,0.00496200,0.00504700,191.00000000
1574953200,1574956799,0.00500800,0.00500800,0.00491300,0.00500800,2420.00000000
1574956800,1574960399,0.00500800,0.00500800,0.00500800,0.00500800,0.00000000
1574960400,1574963999,0.00504300,0.00504300,0.00504300,0.00504300,264.00000000
1574964000,1574967599,0.00504300,0.00504300,0.00504300,0.00504300,0.00000000
1574967600,1574971199,0.00502300,0.00502300,0.00501200,0.00501200,628.00000000
1574971200,1574974799,0.00492600,0.00500200,0.00492600,0.00500200,1230.00000000
1574974800,1574978399,0.00500200,0.00500200,0.00500200,0.00500200,0.00000000
1574978400,1574981999,0.00489000,0.00498600,0.00489000,0.00498600,236.00000000
1574982000,1574985599,0.00487400,0.00487400,0.00487200,0.00487200,273.00000000
1574985600,1574989199,0.00487200,0.00487200,0.00485800,0.00485800,120.00000000
1574989200,1574992799,0.00485300,0.00485300,0.00485300,0.00485300,142.00000000
1574992800,1574996399,0.00488900,0.00488900,0.00488900,0.00488900,142.00000000
1574996400,1574999999,0.00492100,0.00492200,0.00491900,0.00492200,2467.00000000
1575000000,1575003599,0.00492200,0.00492200,0.00492200,0.00492200,0.00000000
1575003600,1575007199,0.00492200,0.00492200,0.00492200,0.00492200,0.00000000
1575007200,1575010799,0.00492200,0.00492200,0.00492200,0.00492200,0.00000000
1575010800,1575014399,0.00492200,0.00492200,0.00492200,0.00492200,0.00000000
1575014400,1575017999,0.00500000,0.00500100,0.00500000,0.00500100,236.00000000
1575018000,1575021599,0.00500100,0.00500100,0.00500100,0.00500100,0.00000000
1575021600,1575025199,0.00500100,0.00500100,0.00500100,0.00500100,406.00000000
1575025200,1575028799,0.00492200,0.00492200,0.00492200,0.00492200,563.00000000
1575028800,1575032399,0.00492200,0.00492200,0.00492200,0.00492200,0.00000000
1575032400,1575035999,0.00492200,0.00492200,0.00492200,0.00492200,0.00000000
1575036000,1575039599,0.00492200,0.00492200,0.00492200,0.00492200,0.00000000
1575039600,1575043199,0.00492200,0.00492200,0.00492200,0.00492200,0.00000000
1575043200,1575046799,0.00492200,0.00492200,0.00492200,0.00492200,0.00000000
1575046800,1575050399,0.00496800,0.00500400,0.00486000,0.00496700,3080.00000000
1575050400,1575053999,0.00496700,0.00496700,0.00496700,0.00496700,200.00000000
1575054000,1575057599,0.00500500,0.00514600,0.00500500,0.00507700,11168.00000000
1575057600,1575061199,0.00515300,0.00561800,0.00506300,0.00506300,21890.00000000
1575061200,1575064799,0.00506300,0.00506300,0.00506300,0.00506300,0.00000000
1575064800,1575068399,0.00506300,0.00506300,0.00506300,0.00506300,0.00000000
1575068400,1575071999,0.00506300,0.00506300,0.00506300,0.00506300,0.00000000
1575072000,1575075599,0.00501700,0.00501700,0.00500000,0.00500000,622.00000000
1575075600,1575079199,0.00500000,0.00500000,0.00500000,0.00500000,0.00000000
1575079200,1575082799,0.00510000,0.00510000,0.00510000,0.00510000,47.00000000
1575082800,1575086399,0.00509600,0.00564200,0.00509600,0.00515200,8973.00000000
1575086400,1575089999,0.00520400,0.00520600,0.00513800,0.00513800,754.00000000
1575090000,1575093599,0.00513800,0.00513800,0.00513800,0.00513800,0.00000000
1575093600,1575097199,0.00513800,0.00513800,0.00513800,0.00513800,0.00000000
1575097200,1575100799,0.00524600,0.00541100,0.00522600,0.00536600,7351.00000000
1575100800,1575104399,0.00538200,0.00547600,0.00516300,0.00516300,7191.00000000
1575104400,1575107999,0.00514500,0.00514500,0.00511300,0.00511300,1611.00000000
1575108000,1575111599,0.00511300,0.00511300,0.00511300,0.00511300,0.00000000
1575111600,1575115199,0.00506600,0.00506600,0.00506300,0.00506300,875.00000000
1575115200,1575118799,0.00507800,0.00507800,0.00505800,0.00506000,1038.00000000
1575118800,1575122399,0.00503400,0.00510800,0.00501500,0.00510800,807.00000000
1575122400,1575125999,0.00510800,0.00510800,0.00510800,0.00510800,0.00000000
1575126000,1575129599,0.00503900,0.00503900,0.00468300,0.00468300,42605.00000000
1575129600,1575133199,0.00473300,0.00484500,0.00470200,0.00480800,10167.00000000
1575133200,1575136799,0.00480800,0.00483900,0.00480800,0.00483900,820.00000000
1575136800,1575140399,0.00483900,0.00483900,0.00483900,0.00483900,0.00000000
1575140400,1575143999,0.00475700,0.00483900,0.00474600,0.00474600,1044.00000000
1575144000,1575147599,0.00481000,0.00481000,0.00473000,0.00473000,646.00000000
1575147600,1575151199,0.00477900,0.00477900,0.00477900,0.00477900,189.00000000
1575151200,1575154799,0.00477900,0.00477900,0.00477900,0.00477900,0.00000000
1575154800,1575158399,0.00472100,0.00472100,0.00472100,0.00472100,38.00000000
1575158400,1575161999,0.00472100,0.00472100,0.00472100,0.00472100,0.00000000
1575162000,1575165599,0.00481000,0.00484000,0.00481000,0.00484000,400.00000000
1575165600,1575169199,0.00472100,0.00472100,0.00469800,0.00469800,1367.00000000
1575169200,1575172799,0.00477100,0.00477100,0.00468800,0.00468800,3246.00000000
1575172800,1575176399,0.00467900,0.00477100,0.00467900,0.00477100,114.00000000
1575176400,1575179999,0.00471500,0.00471500,0.00471500,0.00471500,77.00000000
1575180000,1575183599,0.00471500,0.00471500,0.00471500,0.00471500,0.00000000
1575183600,1575187199,0.00477100,0.00481600,0.00471700,0.00481500,5377.00000000
1575187200,1575190799,0.00481500,0.00483400,0.00479200,0.00479200,2516.00000000
1575190800,1575194399,0.00486400,0.00486400,0.00486400,0.00486400,50.00000000
1575194400,1575197999,0.00479300,0.00479300,0.00479200,0.00479200,2002.00000000
1575198000,1575201599,0.00484900,0.00484900,0.00484900,0.00484900,50.00000000
1575201600,1575205199,0.00484900,0.00484900,0.00484900,0.00484900,0.00000000
1575205200,1575208799,0.00484900,0.00484900,0.00484900,0.00484900,34.00000000
1575208800,1575212399,0.00486400,0.00493700,0.00478200,0.00484100,5724.00000000
1575212400,1575215999,0.00495500,0.00530000,0.00495500,0.00529900,30488.00000000
1575216000,1575219599,0.00530300,0.00649800,0.00505700,0.00605300,239444.00000000
1575219600,1575223199,0.00615400,0.00651600,0.00608900,0.00608900,80277.00000000
1575223200,1575226799,0.00617900,0.00617900,0.00601000,0.00617600,18367.00000000
1575226800,1575230399,0.00603400,0.00610100,0.00598100,0.00610100,45432.00000000
1575230400,1575233999,0.00616100,0.00641900,0.00610300,0.00611900,15401.00000000
1575234000,1575237599,0.00627600,0.00627700,0.00591700,0.00591700,5363.00000000
1575237600,1575241199,0.00589500,0.00604900,0.00583100,0.00590000,7546.00000000
1575241200,1575244799,0.00590000,0.00596500,0.00585300,0.00596500,3642.00000000
1575244800,1575248399,0.00595000,0.00595000,0.00566500,0.00566500,8214.00000000
1575248400,1575251999,0.00566500,0.00566800,0.00562900,0.00562900,18560.00000000
1575252000,1575255599,0.00561800,0.00575600,0.00556400,0.00570800,10837.00000000
1575255600,1575259199,0.00565000,0.00568700,0.00555300,0.00567900,836.00000000
1575259200,1575262799,0.00553800,0.00563300,0.00550400,0.00556800,1832.00000000
1575262800,1575266399,0.00547600,0.00550600,0.00545100,0.00550600,1510.00000000
1575266400,1575269999,0.00560100,0.00560100,0.00534700,0.00534700,2476.00000000
1575270000,1575273599,0.00531500,0.00546400,0.00531500,0.00546000,2021.00000000
1575273600,1575277199,0.00531500,0.00564700,0.00529600,0.00530300,5886.00000000
1575277200,1575280799,0.00530300,0.00530300,0.00529600,0.00529600,351.00000000
1575280800,1575284399,0.00544200,0.00550200,0.00541000,0.00543300,5470.00000000
1575284400,1575287999,0.00538600,0.00538600,0.00529000,0.00529600,3572.00000000
1575288000,1575291599,0.00538100,0.00538100,0.00525200,0.00525200,486.00000000
1575291600,1575295199,0.00525200,0.00525200,0.00520400,0.00520400,570.00000000
1575295200,1575298799,0.00520500,0.00520500,0.00520200,0.00520200,509.00000000
1575298800,1575302399,0.00519500,0.00519500,0.00516700,0.00516700,782.00000000
1575302400,1575305999,0.00520000,0.00533100,0.00520000,0.00533100,4652.00000000
1575306000,1575309599,0.00526000,0.00539000,0.00524100,0.00539000,5625.00000000
1575309600,1575313199,0.00539700,0.00551200,0.00522900,0.00522900,5942.00000000
1575313200,1575316799,0.00522000,0.00538200,0.00522000,0.00538200,1550.00000000
1575316800,1575320399,0.00538400,0.00538400,0.00538400,0.00538400,325.00000000
1575320400,1575323999,0.00538200,0.00548900,0.00538000,0.00538000,2821.00000000
1575324000,1575327599,0.00544100,0.00544100,0.00544100,0.00544100,160.00000000
1575327600,1575331199,0.00544000,0.00544000,0.00544000,0.00544000,20.00000000
1575331200,1575334799,0.00544000,0.00544000,0.00525200,0.00525200,2942.00000000
1575334800,1575338399,0.00525200,0.00525200,0.00525200,0.00525200,0.00000000
1575338400,1575341999,0.00527900,0.00529900,0.00526800,0.00529900,1940.00000000
1575342000,1575345599,0.00525200,0.00539000,0.00524500,0.00539000,453.00000000
1575345600,1575349199,0.00524800,0.00524800,0.00524500,0.00524500,142.00000000
1575349200,1575352799,0.00538800,0.00538800,0.00525500,0.00525500,3143.00000000
1575352800,1575356399,0.00526000,0.00526000,0.00525900,0.00525900,2086.00000000
1575356400,1575359999,0.00525900,0.00544900,0.00525900,0.00544900,4814.00000000
1575360000,1575363599,0.00546600,0.00551600,0.00539800,0.00539800,5369.00000000
1575363600,1575367199,0.00539800,0.00539800,0.00531200,0.00531200,6025.00000000
1575367200,1575370799,0.00529600,0.00529600,0.00521100,0.00521100,7310.00000000
1575370800,1575374399,0.00521100,0.00522600,0.00520900,0.00522600,1636.00000000
1575374400,1575377999,0.00519500,0.00519500,0.00506600,0.00514200,16935.00000000
1575378000,1575381599,0.00506200,0.00506200,0.00506000,0.00506000,393.00000000
1575381600,1575385199,0.00506100,0.00506100,0.00506000,0.00506000,344.00000000
1575385200,1575388799,0.00514300,0.00514400,0.00514300,0.00514300,902.00000000
1575388800,1575392399,0.00501300,0.00507700,0.00500000,0.00501900,18353.00000000
1575392400,1575395999,0.00501900,0.00501900,0.00501900,0.00501900,0.00000000
1575396000,1575399599,0.00501900,0.00501900,0.00498600,0.00498600,333.00000000
1575399600,1575403199,0.00503100,0.00503100,0.00500000,0.00500000,3977.00000000
1575403200,1575406799,0.00500000,0.00500000,0.00500000,0.00500000,0.00000000
1575406800,1575410399,0.00500000,0.00510600,0.00500000,0.00510600,82.00000000
1575410400,1575413999,0.00510600,0.00510600,0.00510600,0.00510600,0.00000000
1575414000,1575417599,0.00510600,0.00510600,0.00510600,0.00510600,0.00000000
1575417600,1575421199,0.00501200,0.00501200,0.00496100,0.00496100,1944.00000000
1575421200,1575424799,0.00496100,0.00496100,0.00496000,0.00496000,487.00000000
1575424800,1575428399,0.00494200,0.00494200,0.00488800,0.00488800,2880.00000000
1575428400,1575431999,0.00491900,0.00492000,0.00487800,0.00487800,1044.00000000
1575432000,1575435599,0.00487800,0.00493200,0.00487300,0.00492900,1125.00000000
1575435600,1575439199,0.00492900,0.00492900,0.00492900,0.00492900,872.00000000
1575439200,1575442799,0.00492900,0.00492900,0.00492900,0.00492900,0.00000000
1575442800,1575446399,0.00492900,0.00492900,0.00492900,0.00492900,0.00000000
